edge = {
1,2;
2,1;
1,29;
29,1;
1,30;
30,1;
1,31;
31,1;
2,11;
11,2;
2,3;
3,2;
3,4;
4,3;
3,28;
28,3;
4,5;
5,4;
4,9;
9,4;
5,6;
6,5;
5,7;
7,5;
5,8;
8,5;
9,10;
10,9;
10,11;
11,10;
10,12;
12,10;
12,13;
13,12;
13,23;
23,13;
13,14;
14,13;
14,15;
15,14;
15,16;
16,15;
15,20;
20,15;
16,17;
17,16;
16,18;
18,16;
16,19;
19,16;
20,21;
21,20;
20,22;
22,20;
22,23;
23,22;
22,24;
24,22;
24,25;
25,24;
24,26;
26,24;
24,27;
27,24;
}
label = {
1,6;
2,6;
3,6;
4,6;
5,6;
6,6;
7,6;
8,6;
9,6;
10,6;
11,6;
12,6;
13,6;
14,6;
15,6;
16,6;
17,6;
18,6;
19,6;
20,6;
21,8;
22,6;
23,6;
24,6;
25,6;
26,6;
27,6;
28,8;
29,6;
30,6;
31,6;
}