edge = {
1,6;
6,1;
1,31;
31,1;
1,2;
2,1;
2,3;
3,2;
2,28;
28,2;
3,4;
4,3;
4,5;
5,4;
4,24;
24,4;
5,6;
6,5;
5,23;
23,5;
6,7;
7,6;
7,8;
8,7;
8,9;
9,8;
9,14;
14,9;
9,10;
10,9;
10,22;
22,10;
10,11;
11,10;
11,12;
12,11;
11,19;
19,11;
12,13;
13,12;
12,15;
15,12;
13,14;
14,13;
15,16;
16,15;
15,17;
17,15;
15,18;
18,15;
19,20;
20,19;
20,21;
21,20;
21,22;
22,21;
24,25;
25,24;
24,26;
26,24;
24,27;
27,24;
28,29;
29,28;
29,30;
30,29;
29,32;
32,29;
30,31;
31,30;
32,33;
33,32;
32,34;
34,32;
32,35;
35,32;
}
label = {
1,6;
2,6;
3,6;
4,6;
5,6;
6,6;
7,7;
8,7;
9,6;
10,6;
11,6;
12,6;
13,6;
14,6;
15,16;
16,8;
17,8;
18,8;
19,6;
20,6;
21,6;
22,6;
23,8;
24,16;
25,8;
26,8;
27,8;
28,6;
29,6;
30,6;
31,6;
32,16;
33,8;
34,8;
35,8;
36,11;
37,11;
38,11;
}