edge = {
1,2;
2,1;
1,11;
11,1;
1,18;
18,1;
2,3;
3,2;
2,9;
9,2;
3,8;
8,3;
3,4;
4,3;
4,5;
5,4;
5,6;
6,5;
6,7;
7,6;
7,8;
8,7;
9,10;
10,9;
11,17;
17,11;
11,12;
12,11;
12,13;
13,12;
13,14;
14,13;
13,15;
15,13;
15,16;
16,15;
16,17;
17,16;
18,23;
23,18;
18,19;
19,18;
19,20;
20,19;
20,21;
21,20;
21,22;
22,21;
21,24;
24,21;
22,23;
23,22;
24,25;
25,24;
25,26;
26,25;
26,27;
27,26;
27,28;
28,27;
27,29;
29,27;
}
label = {
1,6;
2,6;
3,6;
4,6;
5,6;
6,6;
7,6;
8,6;
9,6;
10,6;
11,6;
12,6;
13,6;
14,8;
15,6;
16,6;
17,6;
18,6;
19,6;
20,6;
21,6;
22,6;
23,6;
24,8;
25,6;
26,6;
27,7;
28,6;
29,6;
}