edge = {
1,2;
2,1;
2,3;
3,2;
3,4;
4,3;
3,5;
5,3;
5,11;
11,5;
5,6;
6,5;
5,7;
7,5;
7,8;
8,7;
7,9;
9,7;
9,10;
10,9;
10,28;
28,10;
10,11;
11,10;
11,12;
12,11;
11,13;
13,11;
13,14;
14,13;
14,15;
15,14;
14,16;
16,14;
16,28;
28,16;
16,17;
17,16;
16,18;
18,16;
18,25;
25,18;
18,19;
19,18;
18,20;
20,18;
20,21;
21,20;
21,22;
22,21;
22,23;
23,22;
22,24;
24,22;
24,25;
25,24;
25,26;
26,25;
26,27;
27,26;
27,28;
28,27;
}
label = {
1,8;
2,6;
3,6;
4,8;
5,6;
6,8;
7,6;
8,6;
9,6;
10,6;
11,6;
12,6;
13,6;
14,6;
15,8;
16,6;
17,9;
18,6;
19,6;
20,6;
21,6;
22,6;
23,8;
24,6;
25,6;
26,6;
27,6;
28,6;
}