edge = {
1,2;
2,1;
2,30;
30,2;
2,3;
3,2;
3,4;
4,3;
3,24;
24,3;
4,5;
5,4;
5,11;
11,5;
5,6;
6,5;
6,7;
7,6;
7,22;
22,7;
7,8;
8,7;
8,9;
9,8;
8,12;
12,8;
9,10;
10,9;
9,11;
11,9;
12,13;
13,12;
12,23;
23,12;
13,14;
14,13;
13,21;
21,13;
14,20;
20,14;
14,15;
15,14;
15,16;
16,15;
16,17;
17,16;
17,18;
18,17;
17,19;
19,17;
19,20;
20,19;
21,22;
22,21;
24,25;
25,24;
25,26;
26,25;
25,28;
28,25;
26,27;
27,26;
28,29;
29,28;
28,30;
30,28;
30,31;
31,30;
}
label = {
1,8;
2,6;
3,6;
4,8;
5,6;
6,6;
7,6;
8,6;
9,6;
10,8;
11,6;
12,6;
13,6;
14,6;
15,6;
16,6;
17,6;
18,8;
19,6;
20,6;
21,6;
22,8;
23,8;
24,8;
25,6;
26,6;
27,8;
28,6;
29,8;
30,6;
31,8;
}