edge = {
1,2;
2,1;
2,40;
40,2;
2,3;
3,2;
3,4;
4,3;
3,15;
15,3;
4,5;
5,4;
5,13;
13,5;
5,6;
6,5;
6,7;
7,6;
6,8;
8,6;
8,9;
9,8;
8,14;
14,8;
9,10;
10,9;
9,11;
11,9;
11,12;
12,11;
11,13;
13,11;
15,16;
16,15;
15,36;
36,15;
16,17;
17,16;
17,35;
35,17;
17,18;
18,17;
18,19;
19,18;
19,20;
20,19;
19,21;
21,19;
21,26;
26,21;
21,22;
22,21;
22,23;
23,22;
22,35;
35,22;
23,24;
24,23;
24,25;
25,24;
24,28;
28,24;
25,26;
26,25;
26,27;
27,26;
28,34;
34,28;
28,29;
29,28;
29,30;
30,29;
30,31;
31,30;
31,32;
32,31;
31,33;
33,31;
33,34;
34,33;
36,37;
37,36;
37,38;
38,37;
37,40;
40,37;
38,39;
39,38;
40,41;
41,40;
}
label = {
1,8;
2,6;
3,6;
4,8;
5,6;
6,6;
7,8;
8,6;
9,6;
10,8;
11,6;
12,6;
13,8;
14,8;
15,6;
16,8;
17,6;
18,6;
19,6;
20,8;
21,6;
22,6;
23,8;
24,6;
25,6;
26,6;
27,8;
28,6;
29,6;
30,6;
31,6;
32,8;
33,6;
34,6;
35,6;
36,8;
37,6;
38,6;
39,8;
40,6;
41,8;
}