edge = {
1,2;
2,1;
2,3;
3,2;
2,4;
4,2;
4,5;
5,4;
4,7;
7,4;
5,6;
6,5;
7,8;
8,7;
8,9;
9,8;
9,10;
10,9;
9,11;
11,9;
11,29;
29,11;
11,12;
12,11;
12,13;
13,12;
13,14;
14,13;
14,29;
29,14;
14,15;
15,14;
15,26;
26,15;
15,16;
16,15;
16,17;
17,16;
17,18;
18,17;
18,24;
24,18;
18,19;
19,18;
19,20;
20,19;
20,21;
21,20;
20,22;
22,20;
22,23;
23,22;
23,24;
24,23;
24,25;
25,24;
24,26;
26,24;
26,27;
27,26;
27,28;
28,27;
28,29;
29,28;
29,30;
30,29;
}
label = {
1,6;
2,6;
3,6;
4,6;
5,6;
6,6;
7,6;
8,6;
9,6;
10,6;
11,6;
12,6;
13,6;
14,6;
15,6;
16,6;
17,6;
18,6;
19,6;
20,6;
21,8;
22,6;
23,6;
24,6;
25,6;
26,6;
27,6;
28,6;
29,6;
30,6;
}