edge = {
1,2;
2,1;
2,8;
8,2;
2,3;
3,2;
3,4;
4,3;
4,42;
42,4;
4,5;
5,4;
5,6;
6,5;
5,9;
9,5;
6,7;
7,6;
6,8;
8,6;
9,10;
10,9;
9,43;
43,9;
10,11;
11,10;
10,33;
33,10;
11,12;
12,11;
12,18;
18,12;
12,13;
13,12;
13,14;
14,13;
14,15;
15,14;
14,21;
21,14;
15,16;
16,15;
15,20;
20,15;
16,17;
17,16;
16,18;
18,16;
18,19;
19,18;
21,22;
22,21;
22,23;
23,22;
23,31;
31,23;
23,24;
24,23;
24,25;
25,24;
24,26;
26,24;
26,27;
27,26;
26,28;
28,26;
28,29;
29,28;
28,32;
32,28;
29,30;
30,29;
29,31;
31,29;
33,34;
34,33;
33,42;
42,33;
34,40;
40,34;
34,35;
35,34;
35,36;
36,35;
36,37;
37,36;
36,38;
38,36;
38,39;
39,38;
38,41;
41,38;
39,40;
40,39;
}
label = {
1,8;
2,6;
3,6;
4,6;
5,6;
6,6;
7,8;
8,6;
9,6;
10,6;
11,8;
12,6;
13,8;
14,6;
15,6;
16,6;
17,8;
18,6;
19,8;
20,8;
21,6;
22,8;
23,6;
24,6;
25,8;
26,6;
27,8;
28,6;
29,6;
30,6;
31,8;
32,8;
33,6;
34,6;
35,6;
36,6;
37,8;
38,6;
39,6;
40,6;
41,8;
42,8;
43,8;
}