edge = {
1,2;
2,1;
1,22;
22,1;
2,3;
3,2;
3,4;
4,3;
4,5;
5,4;
5,6;
6,5;
6,7;
7,6;
7,8;
8,7;
8,9;
9,8;
9,10;
10,9;
10,11;
11,10;
10,12;
12,10;
12,13;
13,12;
13,14;
14,13;
14,15;
15,14;
15,16;
16,15;
15,20;
20,15;
15,21;
21,15;
16,17;
17,16;
16,18;
18,16;
16,19;
19,16;
22,31;
31,22;
22,23;
23,22;
23,28;
28,23;
23,24;
24,23;
24,39;
39,24;
24,25;
25,24;
25,26;
26,25;
25,37;
37,25;
25,41;
41,25;
26,27;
27,26;
27,28;
28,27;
28,29;
29,28;
29,35;
35,29;
29,30;
30,29;
30,31;
31,30;
30,32;
32,30;
32,33;
33,32;
33,34;
34,33;
33,36;
36,33;
34,35;
35,34;
37,38;
38,37;
37,40;
40,37;
38,39;
39,38;
}
label = {
1,6;
2,6;
3,6;
4,6;
5,6;
6,6;
7,6;
8,6;
9,6;
10,16;
11,8;
12,6;
13,6;
14,6;
15,6;
16,6;
17,9;
18,9;
19,9;
20,9;
21,9;
22,6;
23,6;
24,6;
25,6;
26,6;
27,6;
28,6;
29,6;
30,6;
31,6;
32,6;
33,6;
34,6;
35,6;
36,8;
37,6;
38,6;
39,6;
40,8;
41,6;
}