edge = {
1,2;
2,1;
2,3;
3,2;
2,9;
9,2;
3,4;
4,3;
3,5;
5,3;
5,6;
6,5;
6,7;
7,6;
7,8;
8,7;
9,10;
10,9;
10,11;
11,10;
11,12;
12,11;
12,13;
13,12;
13,14;
14,13;
14,15;
15,14;
15,16;
16,15;
16,17;
17,16;
17,18;
18,17;
18,19;
19,18;
19,38;
38,19;
19,20;
20,19;
20,30;
30,20;
20,21;
21,20;
21,26;
26,21;
21,22;
22,21;
22,23;
23,22;
22,27;
27,22;
22,28;
28,22;
23,24;
24,23;
23,25;
25,23;
25,26;
26,25;
28,29;
29,28;
29,30;
30,29;
30,31;
31,30;
31,37;
37,31;
31,32;
32,31;
32,33;
33,32;
32,38;
38,32;
33,34;
34,33;
34,35;
35,34;
34,36;
36,34;
36,37;
37,36;
}
label = {
1,8;
2,6;
3,7;
4,6;
5,6;
6,6;
7,6;
8,6;
9,6;
10,6;
11,6;
12,6;
13,6;
14,6;
15,6;
16,6;
17,6;
18,6;
19,6;
20,6;
21,6;
22,6;
23,6;
24,8;
25,6;
26,6;
27,6;
28,6;
29,6;
30,6;
31,6;
32,6;
33,6;
34,6;
35,8;
36,6;
37,6;
38,6;
}