edge = {
1,2;
2,1;
2,3;
3,2;
2,20;
20,2;
3,8;
8,3;
3,4;
4,3;
4,5;
5,4;
4,9;
9,4;
5,6;
6,5;
6,7;
7,6;
7,8;
8,7;
9,10;
10,9;
9,11;
11,9;
11,12;
12,11;
12,13;
13,12;
13,14;
14,13;
13,18;
18,13;
14,15;
15,14;
15,16;
16,15;
16,17;
17,16;
18,19;
19,18;
20,21;
21,20;
21,22;
22,21;
22,23;
23,22;
22,27;
27,22;
23,24;
24,23;
24,25;
25,24;
25,26;
26,25;
27,28;
28,27;
}
label = {
1,8;
2,6;
3,6;
4,6;
5,6;
6,6;
7,6;
8,6;
9,6;
10,8;
11,8;
12,6;
13,6;
14,6;
15,6;
16,6;
17,6;
18,6;
19,6;
20,8;
21,6;
22,6;
23,6;
24,6;
25,6;
26,6;
27,6;
28,6;
}