edge = {
1,2;
2,1;
1,6;
6,1;
1,10;
10,1;
1,13;
13,1;
2,3;
3,2;
3,4;
4,3;
3,5;
5,3;
6,7;
7,6;
7,8;
8,7;
7,9;
9,7;
10,11;
11,10;
10,12;
12,10;
14,15;
15,14;
14,23;
23,14;
14,37;
37,14;
15,16;
16,15;
15,17;
17,15;
17,22;
22,17;
17,18;
18,17;
18,19;
19,18;
19,20;
20,19;
20,21;
21,20;
21,22;
22,21;
23,28;
28,23;
23,24;
24,23;
24,25;
25,24;
25,26;
26,25;
26,27;
27,26;
26,29;
29,26;
27,28;
28,27;
29,30;
30,29;
30,31;
31,30;
31,32;
32,31;
32,33;
33,32;
32,35;
35,32;
33,34;
34,33;
35,36;
36,35;
37,42;
42,37;
37,38;
38,37;
38,39;
39,38;
39,40;
40,39;
40,41;
41,40;
41,42;
42,41;
}
label = {
1,6;
2,6;
3,6;
4,8;
5,8;
6,6;
7,6;
8,8;
9,8;
10,6;
11,8;
12,8;
13,8;
14,6;
15,6;
16,17;
17,6;
18,6;
19,6;
20,6;
21,6;
22,6;
23,6;
24,6;
25,6;
26,6;
27,6;
28,6;
29,8;
30,6;
31,6;
32,7;
33,6;
34,6;
35,6;
36,6;
37,6;
38,6;
39,6;
40,6;
41,6;
42,6;
}