edge = {
1,2;
2,1;
2,3;
3,2;
3,4;
4,3;
4,5;
5,4;
5,6;
6,5;
6,1;
1,6;
2,7;
7,2;
6,8;
8,6;
9,10;
10,9;
10,11;
11,10;
11,12;
12,11;
12,13;
13,12;
13,14;
14,13;
14,9;
9,14;
10,15;
15,10;
12,16;
16,12;
4,14;
14,4;
3,17;
17,3;
17,9;
9,17;
17,18;
18,17;
11,19;
19,11;
13,20;
20,13;
5,21;
21,5;
1,22;
22,1;
22,23;
23,22;
22,24;
24,22;
21,25;
25,21;
21,26;
26,21;
20,27;
27,20;
20,28;
28,20;
19,29;
29,19;
19,30;
30,19;
}
label = {
1,c;
2,c;
3,c;
4,c;
5,c;
6,c;
7,h;
8,h;
9,c;
10,c;
11,c;
12,c;
13,c;
14,c;
15,h;
16,h;
17,c;
18,o;
19,n;
20,n;
21,n;
22,n;
23,o;
24,o;
25,o;
26,o;
27,o;
28,o;
29,o;
30,o;
}