edge = {
1,2;
2,1;
2,3;
3,2;
3,4;
4,3;
4,5;
5,4;
5,6;
6,5;
6,1;
1,6;
2,7;
7,2;
6,8;
8,6;
3,9;
9,3;
9,10;
10,9;
10,11;
11,10;
11,12;
12,11;
12,4;
4,12;
11,13;
13,11;
14,15;
15,14;
15,16;
16,15;
16,17;
17,16;
17,18;
18,17;
18,19;
19,18;
19,14;
14,19;
16,20;
20,16;
17,21;
21,17;
18,22;
22,18;
19,23;
23,19;
14,5;
5,14;
15,12;
12,15;
9,24;
24,9;
24,25;
25,24;
24,26;
26,24;
1,27;
27,1;
10,28;
28,10;
}
label = {
1,c;
2,c;
3,c;
4,c;
5,c;
6,c;
7,h;
8,h;
9,c;
10,c;
11,c;
12,c;
13,h;
14,c;
15,c;
16,c;
17,c;
18,c;
19,c;
20,h;
21,h;
22,h;
23,h;
24,n;
25,o;
26,o;
27,h;
28,h;
}