edge = {
1,2;
2,1;
2,3;
3,2;
3,4;
4,3;
4,5;
5,4;
5,6;
6,5;
6,1;
1,6;
4,7;
7,4;
7,8;
8,7;
8,9;
9,8;
9,10;
10,9;
10,5;
5,10;
8,11;
11,8;
11,12;
12,11;
12,13;
13,12;
13,14;
14,13;
14,9;
9,14;
10,15;
15,10;
15,16;
16,15;
16,17;
17,16;
17,6;
6,17;
14,18;
18,14;
18,19;
19,18;
19,15;
15,19;
7,20;
20,7;
20,21;
21,20;
21,22;
22,21;
22,11;
11,22;
22,23;
23,22;
1,24;
24,1;
23,25;
25,23;
23,26;
26,23;
24,27;
27,24;
24,28;
28,24;
2,29;
29,2;
3,30;
30,3;
12,31;
31,12;
13,32;
32,13;
16,33;
33,16;
17,34;
34,17;
18,35;
35,18;
19,36;
36,19;
20,37;
37,20;
21,38;
38,21;
}
label = {
1,c;
2,c;
3,c;
4,c;
5,c;
6,c;
7,c;
8,c;
9,c;
10,c;
11,c;
12,c;
13,c;
14,c;
15,c;
16,c;
17,c;
18,c;
19,c;
20,c;
21,c;
22,c;
23,n;
24,n;
25,o;
26,o;
27,o;
28,o;
29,h;
30,h;
31,h;
32,h;
33,h;
34,h;
35,h;
36,h;
37,h;
38,h;
}