edge = {
1,2;
2,1;
2,3;
3,2;
3,4;
4,3;
4,5;
5,4;
5,6;
6,5;
6,1;
1,6;
1,7;
7,1;
2,8;
8,2;
3,9;
9,3;
6,10;
10,6;
4,11;
11,4;
11,12;
12,11;
12,13;
13,12;
13,14;
14,13;
14,5;
5,14;
13,15;
15,13;
11,16;
16,11;
16,17;
17,16;
17,18;
18,17;
18,19;
19,18;
19,12;
12,19;
16,20;
20,16;
17,21;
21,17;
19,22;
22,19;
18,23;
23,18;
24,14;
14,24;
25,24;
24,25;
26,24;
24,26;
}
label = {
1,c;
2,c;
3,c;
4,c;
5,c;
6,c;
7,h;
8,h;
9,h;
10,h;
11,c;
12,c;
13,c;
14,c;
15,h;
16,c;
17,c;
18,c;
19,c;
20,h;
21,h;
22,h;
23,h;
24,n;
25,o;
26,o;
}