edge = {
1,2;
2,1;
2,3;
3,2;
3,4;
4,3;
4,5;
5,4;
5,6;
6,5;
6,1;
1,6;
1,7;
7,1;
2,8;
8,2;
3,9;
9,3;
6,10;
10,6;
11,12;
12,11;
12,13;
13,12;
13,14;
14,13;
14,15;
15,14;
15,16;
16,15;
16,11;
11,16;
12,17;
17,12;
13,18;
18,13;
15,19;
19,15;
4,11;
11,4;
16,20;
20,16;
14,21;
21,14;
5,22;
22,5;
22,23;
23,22;
22,24;
24,22;
20,25;
25,20;
20,26;
26,20;
21,27;
27,21;
21,28;
28,21;
}
label = {
1,c;
2,c;
3,c;
4,c;
5,c;
6,c;
7,h;
8,h;
9,h;
10,h;
11,c;
12,c;
13,c;
14,c;
15,c;
16,c;
17,h;
18,h;
19,h;
20,n;
21,n;
22,n;
23,o;
24,o;
25,o;
26,o;
27,o;
28,o;
}