edge = {
1,2;
2,1;
2,3;
3,2;
3,4;
4,3;
4,5;
5,4;
5,6;
6,5;
6,1;
1,6;
1,7;
7,1;
2,8;
8,2;
4,9;
9,4;
9,10;
10,9;
10,11;
11,10;
11,12;
12,11;
12,5;
5,12;
11,13;
13,11;
12,14;
14,12;
3,15;
15,3;
15,16;
16,15;
16,17;
17,16;
17,9;
9,17;
15,18;
18,15;
16,19;
19,16;
17,20;
20,17;
20,21;
21,20;
21,22;
22,21;
22,10;
10,22;
20,23;
23,20;
21,24;
24,21;
25,6;
6,25;
26,25;
25,26;
27,25;
25,27;
22,28;
28,22;
28,29;
29,28;
28,30;
30,28;
}
label = {
1,c;
2,c;
3,c;
4,c;
5,c;
6,c;
7,h;
8,h;
9,c;
10,c;
11,c;
12,c;
13,h;
14,h;
15,c;
16,c;
17,c;
18,h;
19,h;
20,c;
21,c;
22,c;
23,h;
24,h;
25,n;
26,o;
27,o;
28,n;
29,h;
30,h;
}