edge = {
1,2;
2,1;
2,3;
3,2;
3,4;
4,3;
4,5;
5,4;
5,6;
6,5;
6,1;
1,6;
2,7;
7,2;
5,8;
8,5;
6,9;
9,6;
3,10;
10,3;
10,11;
11,10;
11,12;
12,11;
12,13;
13,12;
13,4;
4,13;
11,14;
14,11;
14,15;
15,14;
15,16;
16,15;
16,17;
17,16;
17,12;
12,17;
14,18;
18,14;
15,19;
19,15;
16,20;
20,16;
13,21;
21,13;
10,22;
22,10;
17,23;
23,17;
1,24;
24,1;
23,25;
25,23;
23,26;
26,23;
24,27;
27,24;
24,28;
28,24;
}
label = {
1,c;
2,c;
3,c;
4,c;
5,c;
6,c;
7,h;
8,h;
9,h;
10,n;
11,c;
12,c;
13,n;
14,c;
15,c;
16,c;
17,c;
18,h;
19,h;
20,h;
21,h;
22,h;
23,n;
24,n;
25,o;
26,o;
27,o;
28,o;
}