edge = {
1,2;
2,1;
2,3;
3,2;
3,4;
4,3;
4,5;
5,4;
5,6;
6,5;
6,1;
1,6;
2,7;
7,2;
3,8;
8,3;
5,9;
9,5;
6,10;
10,6;
11,12;
12,11;
12,13;
13,12;
13,14;
14,13;
14,15;
15,14;
15,16;
16,15;
16,11;
11,16;
12,17;
17,12;
13,18;
18,13;
16,19;
19,16;
4,11;
11,4;
1,20;
20,1;
20,21;
21,20;
20,22;
22,20;
15,23;
23,15;
14,24;
24,14;
24,25;
25,24;
24,26;
26,24;
}
label = {
1,c;
2,c;
3,c;
4,c;
5,c;
6,c;
7,h;
8,h;
9,h;
10,h;
11,c;
12,c;
13,c;
14,c;
15,c;
16,c;
17,h;
18,h;
19,h;
20,n;
21,o;
22,o;
23,h;
24,n;
25,h;
26,h;
}