edge = {
1,2;
2,1;
2,3;
3,2;
3,4;
4,3;
4,5;
5,4;
5,6;
6,5;
6,1;
1,6;
1,7;
7,1;
2,8;
8,2;
6,9;
9,6;
4,10;
10,4;
10,11;
11,10;
11,12;
12,11;
12,13;
13,12;
13,5;
5,13;
12,14;
14,12;
13,15;
15,13;
3,16;
16,3;
16,17;
17,16;
17,18;
18,17;
18,10;
10,18;
16,19;
19,16;
17,20;
20,17;
18,21;
21,18;
21,22;
22,21;
22,23;
23,22;
23,11;
11,23;
21,24;
24,21;
22,25;
25,22;
26,23;
23,26;
26,27;
27,26;
26,28;
28,26;
}
label = {
1,c;
2,c;
3,c;
4,c;
5,c;
6,c;
7,h;
8,h;
9,h;
10,c;
11,c;
12,c;
13,c;
14,h;
15,h;
16,c;
17,c;
18,c;
19,h;
20,h;
21,c;
22,c;
23,c;
24,h;
25,h;
26,n;
27,o;
28,o;
}