edge = {
1,2;
2,1;
2,3;
3,2;
3,4;
4,3;
4,5;
5,4;
5,6;
6,5;
6,1;
1,6;
2,7;
7,2;
5,8;
8,5;
6,9;
9,6;
10,11;
11,10;
11,12;
12,11;
12,13;
13,12;
13,14;
14,13;
14,15;
15,14;
15,10;
10,15;
11,16;
16,11;
13,17;
17,13;
14,18;
18,14;
4,15;
15,4;
3,19;
19,3;
19,10;
10,19;
19,20;
20,19;
19,21;
21,19;
1,22;
22,1;
23,22;
22,23;
22,24;
24,22;
12,25;
25,12;
25,26;
26,25;
26,27;
27,26;
25,28;
28,25;
26,29;
29,26;
27,30;
30,27;
27,31;
31,27;
27,32;
32,27;
}
label = {
1,c;
2,c;
3,c;
4,c;
5,c;
6,c;
7,h;
8,h;
9,h;
10,c;
11,c;
12,c;
13,c;
14,c;
15,c;
16,h;
17,h;
18,h;
19,c;
20,h;
21,h;
22,n;
23,o;
24,o;
25,n;
26,c;
27,c;
28,h;
29,o;
30,h;
31,h;
32,h;
}