edge = {
1,2;
2,1;
2,3;
3,2;
3,4;
4,3;
4,5;
5,4;
5,6;
6,5;
6,1;
1,6;
1,7;
7,1;
6,8;
8,6;
3,9;
9,3;
9,10;
10,9;
10,11;
11,10;
11,12;
12,11;
12,4;
4,12;
9,13;
13,9;
10,14;
14,10;
12,15;
15,12;
15,16;
16,15;
16,17;
17,16;
17,5;
5,17;
11,18;
18,11;
18,19;
19,18;
19,20;
20,19;
20,15;
15,20;
18,21;
21,18;
19,22;
22,19;
16,23;
23,16;
23,24;
24,23;
24,25;
25,24;
25,26;
26,25;
26,17;
17,26;
23,27;
27,23;
24,28;
28,24;
25,29;
29,25;
26,30;
30,26;
20,31;
31,20;
2,32;
32,2;
31,33;
33,31;
31,34;
34,31;
32,35;
35,32;
32,36;
36,32;
}
label = {
1,c;
2,c;
3,c;
4,c;
5,c;
6,c;
7,h;
8,h;
9,c;
10,c;
11,c;
12,c;
13,h;
14,h;
15,c;
16,c;
17,c;
18,c;
19,c;
20,c;
21,h;
22,h;
23,c;
24,c;
25,c;
26,c;
27,h;
28,h;
29,h;
30,h;
31,n;
32,n;
33,o;
34,o;
35,o;
36,o;
}