edge = {
1,2;
2,1;
2,3;
3,2;
3,4;
4,3;
4,5;
5,4;
5,6;
6,5;
6,1;
1,6;
2,7;
7,2;
6,8;
8,6;
3,9;
9,3;
9,10;
10,9;
10,11;
11,10;
11,12;
12,11;
12,4;
4,12;
9,13;
13,9;
10,14;
14,10;
12,15;
15,12;
15,16;
16,15;
16,17;
17,16;
17,5;
5,17;
16,18;
18,16;
17,19;
19,17;
11,20;
20,11;
20,21;
21,20;
21,22;
22,21;
22,15;
15,22;
20,23;
23,20;
22,24;
24,22;
21,25;
25,21;
1,26;
26,1;
25,27;
27,25;
25,28;
28,25;
26,29;
29,26;
26,30;
30,26;
}
label = {
1,c;
2,c;
3,c;
4,c;
5,c;
6,c;
7,h;
8,h;
9,c;
10,c;
11,c;
12,c;
13,h;
14,h;
15,c;
16,c;
17,c;
18,h;
19,h;
20,c;
21,c;
22,c;
23,h;
24,h;
25,n;
26,n;
27,o;
28,o;
29,o;
30,o;
}