edge = {
1,2;
2,1;
2,3;
3,2;
3,4;
4,3;
4,5;
5,4;
5,6;
6,5;
6,1;
1,6;
1,7;
7,1;
2,8;
8,2;
6,9;
9,6;
3,10;
10,3;
10,11;
11,10;
11,12;
12,11;
12,13;
13,12;
13,4;
4,13;
10,14;
14,10;
11,15;
15,11;
12,16;
16,12;
17,18;
18,17;
18,19;
19,18;
19,20;
20,19;
20,21;
21,20;
21,22;
22,21;
22,17;
17,22;
19,23;
23,19;
20,24;
24,20;
22,25;
25,22;
17,5;
5,17;
18,13;
13,18;
21,26;
26,21;
26,27;
27,26;
26,28;
28,26;
}
label = {
1,c;
2,c;
3,c;
4,c;
5,c;
6,c;
7,h;
8,h;
9,h;
10,c;
11,c;
12,c;
13,c;
14,h;
15,h;
16,h;
17,c;
18,c;
19,c;
20,c;
21,c;
22,c;
23,h;
24,h;
25,h;
26,n;
27,o;
28,o;
}