edge = {
1,2;
2,1;
2,3;
3,2;
3,4;
4,3;
4,5;
5,4;
5,6;
6,5;
6,1;
1,6;
1,7;
7,1;
2,8;
8,2;
5,9;
9,5;
6,10;
10,6;
3,11;
11,3;
11,12;
12,11;
12,13;
13,12;
13,14;
14,13;
14,4;
4,14;
12,15;
15,12;
15,16;
16,15;
16,17;
17,16;
17,18;
18,17;
18,13;
13,18;
15,19;
19,15;
16,20;
20,16;
17,21;
21,17;
14,22;
22,14;
11,23;
23,11;
18,24;
24,18;
24,25;
25,24;
24,26;
26,24;
}
label = {
1,c;
2,c;
3,c;
4,c;
5,c;
6,c;
7,h;
8,h;
9,h;
10,h;
11,n;
12,c;
13,c;
14,n;
15,c;
16,c;
17,c;
18,c;
19,h;
20,h;
21,h;
22,h;
23,h;
24,n;
25,o;
26,o;
}