edge = {
1,2;
2,1;
2,3;
3,2;
3,4;
4,3;
4,5;
5,4;
5,6;
6,5;
6,1;
1,6;
2,7;
7,2;
3,8;
8,3;
6,9;
9,6;
10,11;
11,10;
11,12;
12,11;
12,13;
13,12;
13,14;
14,13;
14,15;
15,14;
15,10;
10,15;
11,16;
16,11;
12,17;
17,12;
14,18;
18,14;
15,19;
19,15;
13,1;
1,13;
5,20;
20,5;
4,21;
21,4;
10,22;
22,10;
22,23;
23,22;
22,24;
24,22;
20,25;
25,20;
20,26;
26,20;
21,27;
27,21;
21,28;
28,21;
}
label = {
1,c;
2,c;
3,c;
4,c;
5,c;
6,c;
7,h;
8,h;
9,h;
10,c;
11,c;
12,c;
13,c;
14,c;
15,c;
16,h;
17,h;
18,h;
19,h;
20,n;
21,n;
22,n;
23,o;
24,o;
25,o;
26,o;
27,o;
28,o;
}