edge = {
1,2;
2,1;
2,3;
3,2;
3,4;
4,3;
4,5;
5,4;
5,6;
6,5;
6,1;
1,6;
1,7;
7,1;
3,8;
8,3;
4,9;
9,4;
6,10;
10,6;
5,11;
11,5;
11,12;
12,11;
11,13;
13,11;
12,14;
14,12;
12,15;
15,12;
14,16;
16,14;
16,17;
17,16;
17,18;
18,17;
18,19;
19,18;
19,20;
20,19;
20,21;
21,20;
21,16;
16,21;
17,22;
22,17;
18,23;
23,18;
20,24;
24,20;
21,25;
25,21;
2,26;
26,2;
26,27;
27,26;
26,28;
28,26;
19,29;
29,19;
29,30;
30,29;
29,31;
31,29;
}
label = {
1,c;
2,c;
3,c;
4,c;
5,c;
6,c;
7,h;
8,h;
9,h;
10,h;
11,c;
12,c;
13,h;
14,o;
15,h;
16,c;
17,c;
18,c;
19,c;
20,c;
21,c;
22,h;
23,h;
24,h;
25,h;
26,n;
27,o;
28,o;
29,n;
30,o;
31,o;
}