edge = {
1,2;
2,1;
2,3;
3,2;
3,4;
4,3;
4,5;
5,4;
5,6;
6,5;
6,1;
1,6;
2,7;
7,2;
6,8;
8,6;
3,9;
9,3;
9,10;
10,9;
10,11;
11,10;
11,12;
12,11;
12,4;
4,12;
9,13;
13,9;
11,14;
14,11;
12,15;
15,12;
10,16;
16,10;
5,17;
17,5;
1,18;
18,1;
17,19;
19,17;
17,20;
20,17;
15,21;
21,15;
15,22;
22,15;
16,23;
23,16;
16,24;
24,16;
18,25;
25,18;
18,26;
26,18;
}
label = {
1,c;
2,c;
3,c;
4,c;
5,c;
6,c;
7,h;
8,h;
9,c;
10,c;
11,c;
12,c;
13,h;
14,h;
15,n;
16,n;
17,n;
18,n;
19,o;
20,o;
21,o;
22,o;
23,o;
24,o;
25,o;
26,o;
}