edge = {
1,2;
2,1;
2,3;
3,2;
3,4;
4,3;
4,5;
5,4;
5,6;
6,5;
6,1;
1,6;
4,7;
7,4;
7,8;
8,7;
8,9;
9,8;
9,10;
10,9;
10,5;
5,10;
7,11;
11,7;
11,12;
12,11;
12,13;
13,12;
13,14;
14,13;
14,8;
8,14;
3,15;
15,3;
15,16;
16,15;
16,11;
11,16;
12,17;
17,12;
16,18;
18,16;
18,17;
17,18;
1,19;
19,1;
2,20;
20,2;
6,21;
21,6;
9,22;
22,9;
10,23;
23,10;
13,24;
24,13;
14,25;
25,14;
15,26;
26,15;
17,27;
27,17;
18,28;
28,18;
28,29;
29,28;
28,30;
30,28;
}
label = {
1,c;
2,c;
3,c;
4,c;
5,c;
6,c;
7,c;
8,c;
9,c;
10,c;
11,c;
12,c;
13,c;
14,c;
15,c;
16,c;
17,c;
18,c;
19,h;
20,h;
21,h;
22,h;
23,h;
24,h;
25,h;
26,h;
27,h;
28,n;
29,o;
30,o;
}