edge = {
1,2;
2,1;
2,3;
3,2;
3,4;
4,3;
4,5;
5,4;
5,6;
6,5;
6,1;
1,6;
1,7;
7,1;
2,8;
8,2;
5,9;
9,5;
6,10;
10,6;
3,11;
11,3;
11,12;
12,11;
12,13;
13,12;
13,14;
14,13;
14,4;
4,14;
11,15;
15,11;
13,16;
16,13;
16,17;
17,16;
17,18;
18,17;
18,19;
19,18;
19,14;
14,19;
18,20;
20,18;
19,21;
21,19;
16,22;
22,16;
22,23;
23,22;
23,24;
24,23;
24,25;
25,24;
25,17;
17,25;
22,26;
26,22;
23,27;
27,23;
25,28;
28,25;
12,29;
29,12;
24,30;
30,24;
30,31;
31,30;
30,32;
32,30;
}
label = {
1,c;
2,c;
3,c;
4,c;
5,c;
6,c;
7,h;
8,h;
9,h;
10,h;
11,c;
12,c;
13,c;
14,c;
15,h;
16,c;
17,c;
18,c;
19,c;
20,h;
21,h;
22,c;
23,c;
24,c;
25,c;
26,h;
27,h;
28,h;
29,h;
30,n;
31,o;
32,o;
}