edge = {
1,2;
2,1;
2,3;
3,2;
3,4;
4,3;
4,5;
5,4;
5,6;
6,5;
6,1;
1,6;
1,7;
7,1;
2,8;
8,2;
3,9;
9,3;
9,10;
10,9;
10,11;
11,10;
11,12;
12,11;
12,4;
4,12;
9,13;
13,9;
10,14;
14,10;
11,15;
15,11;
15,16;
16,15;
16,17;
17,16;
17,18;
18,17;
18,12;
12,18;
15,19;
19,15;
16,20;
20,16;
17,21;
21,17;
21,22;
22,21;
22,23;
23,22;
23,24;
24,23;
24,18;
18,24;
21,25;
25,21;
23,26;
26,23;
26,27;
27,26;
27,28;
28,27;
28,29;
29,28;
29,24;
24,29;
26,30;
30,26;
27,31;
31,27;
5,29;
29,5;
28,32;
32,28;
32,33;
33,32;
33,6;
6,33;
32,34;
34,32;
33,35;
35,33;
36,22;
22,36;
36,37;
37,36;
36,38;
38,36;
}
label = {
1,c;
2,c;
3,c;
4,c;
5,c;
6,c;
7,h;
8,h;
9,c;
10,c;
11,c;
12,c;
13,h;
14,h;
15,c;
16,c;
17,c;
18,c;
19,h;
20,h;
21,c;
22,c;
23,c;
24,c;
25,h;
26,c;
27,c;
28,c;
29,c;
30,h;
31,h;
32,c;
33,c;
34,h;
35,h;
36,n;
37,o;
38,o;
}