edge = {
1,2;
2,1;
2,3;
3,2;
3,4;
4,3;
4,5;
5,4;
5,6;
6,5;
6,1;
1,6;
7,8;
8,7;
8,9;
9,8;
9,10;
10,9;
10,11;
11,10;
11,12;
12,11;
12,7;
7,12;
4,12;
12,4;
3,13;
13,3;
13,7;
7,13;
1,14;
14,1;
14,15;
15,14;
14,16;
16,14;
9,17;
17,9;
18,17;
17,18;
19,17;
17,19;
20,11;
11,20;
21,20;
20,21;
22,20;
20,22;
13,23;
23,13;
2,24;
24,2;
5,25;
25,5;
6,26;
26,6;
8,27;
27,8;
10,28;
28,10;
13,29;
29,13;
}
label = {
1,c;
2,c;
3,c;
4,c;
5,c;
6,c;
7,c;
8,c;
9,c;
10,c;
11,c;
12,c;
13,c;
14,n;
15,o;
16,o;
17,n;
18,o;
19,o;
20,n;
21,o;
22,o;
23,f;
24,h;
25,h;
26,h;
27,h;
28,h;
29,h;
}