edge = {
1,2;
2,1;
2,3;
3,2;
3,4;
4,3;
4,5;
5,4;
5,6;
6,5;
6,1;
1,6;
3,7;
7,3;
7,8;
8,7;
8,9;
9,8;
9,10;
10,9;
10,4;
4,10;
7,11;
11,7;
11,12;
12,11;
12,13;
13,12;
13,14;
14,13;
14,8;
8,14;
12,15;
15,12;
15,16;
16,15;
16,17;
17,16;
17,18;
18,17;
18,13;
13,18;
19,5;
5,19;
19,20;
20,19;
20,10;
10,20;
1,21;
21,1;
2,22;
22,2;
6,23;
23,6;
9,24;
24,9;
11,25;
25,11;
14,26;
26,14;
15,27;
27,15;
16,28;
28,16;
17,29;
29,17;
18,30;
30,18;
20,31;
31,20;
32,19;
19,32;
33,32;
32,33;
34,32;
32,34;
}
label = {
1,c;
2,c;
3,c;
4,c;
5,c;
6,c;
7,c;
8,c;
9,c;
10,c;
11,c;
12,c;
13,c;
14,c;
15,c;
16,c;
17,c;
18,c;
19,c;
20,c;
21,h;
22,h;
23,h;
24,h;
25,h;
26,h;
27,h;
28,h;
29,h;
30,h;
31,h;
32,n;
33,o;
34,o;
}