edge = {
1,2;
2,1;
2,3;
3,2;
3,4;
4,3;
4,5;
5,4;
5,6;
6,5;
6,1;
1,6;
1,7;
7,1;
2,8;
8,2;
6,9;
9,6;
3,10;
10,3;
10,11;
11,10;
11,12;
12,11;
12,13;
13,12;
13,4;
4,13;
10,14;
14,10;
15,16;
16,15;
16,17;
17,16;
17,18;
18,17;
18,19;
19,18;
19,20;
20,19;
20,15;
15,20;
18,21;
21,18;
19,22;
22,19;
20,23;
23,20;
15,5;
5,15;
12,24;
24,12;
11,25;
25,11;
26,24;
24,26;
24,27;
27,24;
25,28;
28,25;
25,29;
29,25;
17,30;
30,17;
16,13;
13,16;
}
label = {
1,c;
2,c;
3,c;
4,c;
5,c;
6,c;
7,h;
8,h;
9,h;
10,c;
11,c;
12,c;
13,c;
14,h;
15,c;
16,c;
17,c;
18,c;
19,c;
20,c;
21,h;
22,h;
23,h;
24,n;
25,n;
26,o;
27,o;
28,o;
29,o;
30,h;
}