edge = {
1,2;
2,1;
2,3;
3,2;
3,4;
4,3;
4,5;
5,4;
5,6;
6,5;
6,1;
1,6;
2,7;
7,2;
3,8;
8,3;
5,9;
9,5;
6,10;
10,6;
4,11;
11,4;
11,12;
12,11;
11,13;
13,11;
11,14;
14,11;
12,15;
15,12;
12,16;
16,12;
12,17;
17,12;
15,18;
18,15;
18,19;
19,18;
19,20;
20,19;
20,21;
21,20;
21,22;
22,21;
22,15;
15,22;
18,23;
23,18;
19,24;
24,19;
20,25;
25,20;
21,26;
26,21;
22,27;
27,22;
1,28;
28,1;
29,28;
28,29;
28,30;
30,28;
}
label = {
1,c;
2,c;
3,c;
4,c;
5,c;
6,c;
7,h;
8,h;
9,h;
10,h;
11,c;
12,c;
13,h;
14,h;
15,c;
16,h;
17,h;
18,c;
19,c;
20,c;
21,c;
22,c;
23,h;
24,h;
25,h;
26,h;
27,h;
28,n;
29,o;
30,o;
}