edge = {
1,2;
2,1;
2,3;
3,2;
3,4;
4,3;
4,5;
5,4;
5,6;
6,5;
6,1;
1,6;
3,7;
7,3;
7,8;
8,7;
8,9;
9,8;
9,10;
10,9;
10,4;
4,10;
11,12;
12,11;
12,13;
13,12;
13,14;
14,13;
14,15;
15,14;
15,16;
16,15;
16,11;
11,16;
12,5;
5,12;
13,10;
10,13;
17,9;
9,17;
17,18;
18,17;
17,19;
19,17;
1,20;
20,1;
2,21;
21,2;
6,22;
22,6;
7,23;
23,7;
8,24;
24,8;
11,25;
25,11;
14,26;
26,14;
15,27;
27,15;
16,28;
28,16;
}
label = {
1,c;
2,c;
3,c;
4,c;
5,c;
6,c;
7,c;
8,c;
9,c;
10,c;
11,c;
12,c;
13,c;
14,c;
15,c;
16,c;
17,n;
18,o;
19,o;
20,h;
21,h;
22,h;
23,h;
24,h;
25,h;
26,h;
27,h;
28,h;
}