edge = {
1,2;
2,1;
2,3;
3,2;
3,4;
4,3;
4,5;
5,4;
5,6;
6,5;
6,1;
1,6;
1,7;
7,1;
2,8;
8,2;
6,9;
9,6;
3,10;
10,3;
10,11;
11,10;
11,12;
12,11;
12,13;
13,12;
13,4;
4,13;
10,14;
14,10;
12,15;
15,12;
16,17;
17,16;
17,18;
18,17;
18,19;
19,18;
19,20;
20,19;
20,21;
21,20;
21,16;
16,21;
19,22;
22,19;
20,23;
23,20;
21,24;
24,21;
16,5;
5,16;
11,25;
25,11;
26,25;
25,26;
25,27;
27,25;
18,28;
28,18;
17,13;
13,17;
}
label = {
1,c;
2,c;
3,c;
4,c;
5,c;
6,c;
7,h;
8,h;
9,h;
10,c;
11,c;
12,c;
13,c;
14,h;
15,h;
16,c;
17,c;
18,c;
19,c;
20,c;
21,c;
22,h;
23,h;
24,h;
25,n;
26,o;
27,o;
28,h;
}