edge = {
1,2;
2,1;
2,3;
3,2;
3,4;
4,3;
4,5;
5,4;
5,6;
6,5;
6,1;
1,6;
4,7;
7,4;
7,8;
8,7;
8,9;
9,8;
9,10;
10,9;
10,5;
5,10;
7,11;
11,7;
11,12;
12,11;
12,13;
13,12;
13,14;
14,13;
14,8;
8,14;
13,15;
15,13;
16,15;
15,16;
15,17;
17,15;
1,18;
18,1;
2,19;
19,2;
3,20;
20,3;
6,21;
21,6;
11,22;
22,11;
12,23;
23,12;
14,24;
24,14;
9,25;
25,9;
9,26;
26,9;
10,27;
27,10;
10,28;
28,10;
}
label = {
1,c;
2,c;
3,c;
4,c;
5,c;
6,c;
7,c;
8,c;
9,c;
10,c;
11,c;
12,c;
13,c;
14,c;
15,n;
16,o;
17,o;
18,h;
19,h;
20,h;
21,h;
22,h;
23,h;
24,h;
25,h;
26,h;
27,h;
28,h;
}