edge = {
1,2;
2,1;
2,3;
3,2;
3,4;
4,3;
4,5;
5,4;
5,6;
6,5;
6,1;
1,6;
1,7;
7,1;
2,8;
8,2;
5,9;
9,5;
10,11;
11,10;
11,12;
12,11;
12,13;
13,12;
13,14;
14,13;
14,15;
15,14;
15,10;
10,15;
11,16;
16,11;
12,17;
17,12;
14,18;
18,14;
3,19;
19,3;
19,10;
10,19;
15,20;
20,15;
20,4;
4,20;
19,21;
21,19;
20,22;
22,20;
23,13;
13,23;
24,6;
6,24;
25,23;
23,25;
23,26;
26,23;
27,24;
24,27;
24,28;
28,24;
}
label = {
1,c;
2,c;
3,c;
4,c;
5,c;
6,c;
7,h;
8,h;
9,h;
10,c;
11,c;
12,c;
13,c;
14,c;
15,c;
16,h;
17,h;
18,h;
19,n;
20,n;
21,h;
22,h;
23,n;
24,n;
25,o;
26,o;
27,o;
28,o;
}