edge = {
1,2;
2,1;
2,3;
3,2;
3,4;
4,3;
4,5;
5,4;
5,6;
6,5;
6,1;
1,6;
3,7;
7,3;
7,8;
8,7;
8,9;
9,8;
9,10;
10,9;
10,4;
4,10;
10,11;
11,10;
11,12;
12,11;
12,13;
13,12;
13,5;
5,13;
9,14;
14,9;
14,15;
15,14;
15,16;
16,15;
16,11;
11,16;
12,17;
17,12;
17,18;
18,17;
18,19;
19,18;
19,20;
20,19;
20,13;
13,20;
21,16;
16,21;
2,22;
22,2;
23,21;
21,23;
21,24;
24,21;
22,25;
25,22;
22,26;
26,22;
1,27;
27,1;
6,28;
28,6;
7,29;
29,7;
8,30;
30,8;
14,31;
31,14;
15,32;
32,15;
17,33;
33,17;
17,34;
34,17;
18,35;
35,18;
18,36;
36,18;
19,37;
37,19;
19,38;
38,19;
20,39;
39,20;
20,40;
40,20;
}
label = {
1,c;
2,c;
3,c;
4,c;
5,c;
6,c;
7,c;
8,c;
9,c;
10,c;
11,c;
12,c;
13,c;
14,c;
15,c;
16,c;
17,c;
18,c;
19,c;
20,c;
21,n;
22,n;
23,o;
24,o;
25,o;
26,o;
27,h;
28,h;
29,h;
30,h;
31,h;
32,h;
33,h;
34,h;
35,h;
36,h;
37,h;
38,h;
39,h;
40,h;
}