edge = {
1,2;
2,1;
2,3;
3,2;
3,4;
4,3;
4,5;
5,4;
5,6;
6,5;
6,1;
1,6;
1,7;
7,1;
2,8;
8,2;
5,9;
9,5;
6,10;
10,6;
11,12;
12,11;
12,13;
13,12;
13,14;
14,13;
14,15;
15,14;
15,16;
16,15;
16,11;
11,16;
12,17;
17,12;
13,18;
18,13;
15,19;
19,15;
3,20;
20,3;
20,11;
11,20;
16,21;
21,16;
21,4;
4,21;
20,22;
22,20;
21,23;
23,21;
14,24;
24,14;
25,24;
24,25;
24,26;
26,24;
}
label = {
1,c;
2,c;
3,c;
4,c;
5,c;
6,c;
7,h;
8,h;
9,h;
10,h;
11,c;
12,c;
13,c;
14,c;
15,c;
16,c;
17,h;
18,h;
19,h;
20,n;
21,n;
22,h;
23,h;
24,n;
25,o;
26,o;
}