edge = {
1,2;
2,1;
2,3;
3,2;
3,4;
4,3;
4,5;
5,4;
5,6;
6,5;
6,1;
1,6;
3,7;
7,3;
7,8;
8,7;
8,9;
9,8;
9,10;
10,9;
10,4;
4,10;
10,11;
11,10;
11,12;
12,11;
12,13;
13,12;
13,5;
5,13;
9,14;
14,9;
14,15;
15,14;
15,16;
16,15;
16,11;
11,16;
14,17;
17,14;
17,18;
18,17;
17,19;
19,17;
1,20;
20,1;
2,21;
21,2;
6,22;
22,6;
7,23;
23,7;
8,24;
24,8;
15,25;
25,15;
16,26;
26,16;
12,27;
27,12;
13,28;
28,13;
27,29;
29,27;
28,30;
30,28;
12,31;
31,12;
13,32;
32,13;
}
label = {
1,c;
2,c;
3,c;
4,c;
5,c;
6,c;
7,c;
8,c;
9,c;
10,c;
11,c;
12,c;
13,c;
14,c;
15,c;
16,c;
17,n;
18,o;
19,o;
20,h;
21,h;
22,h;
23,h;
24,h;
25,h;
26,h;
27,o;
28,o;
29,h;
30,h;
31,h;
32,h;
}