edge = {
1,2;
2,1;
2,3;
3,2;
3,4;
4,3;
4,5;
5,4;
5,6;
6,5;
6,1;
1,6;
2,7;
7,2;
7,8;
8,7;
8,9;
9,8;
9,10;
10,9;
10,3;
3,10;
9,11;
11,9;
11,12;
12,11;
12,13;
13,12;
13,14;
14,13;
14,10;
10,14;
12,15;
15,12;
15,16;
16,15;
16,17;
17,16;
17,18;
18,17;
18,13;
13,18;
19,14;
14,19;
19,20;
20,19;
20,18;
18,20;
1,21;
21,1;
4,22;
22,4;
5,23;
23,5;
6,24;
24,6;
7,25;
25,7;
8,26;
26,8;
11,27;
27,11;
15,28;
28,15;
16,29;
29,16;
17,30;
30,17;
19,31;
31,19;
32,20;
20,32;
33,32;
32,33;
32,34;
34,32;
}
label = {
1,c;
2,c;
3,c;
4,c;
5,c;
6,c;
7,c;
8,c;
9,c;
10,c;
11,c;
12,c;
13,c;
14,c;
15,c;
16,c;
17,c;
18,c;
19,c;
20,c;
21,h;
22,h;
23,h;
24,h;
25,h;
26,h;
27,h;
28,h;
29,h;
30,h;
31,h;
32,n;
33,o;
34,o;
}