edge = {
1,2;
2,1;
2,3;
3,2;
3,4;
4,3;
4,5;
5,4;
5,6;
6,5;
6,1;
1,6;
4,7;
7,4;
7,8;
8,7;
8,9;
9,8;
9,10;
10,9;
10,5;
5,10;
3,11;
11,3;
11,12;
12,11;
12,13;
13,12;
13,7;
7,13;
14,15;
15,14;
15,8;
8,15;
16,13;
13,16;
14,16;
16,14;
1,17;
17,1;
9,18;
18,9;
10,19;
19,10;
11,20;
20,11;
12,21;
21,12;
14,22;
22,14;
23,16;
16,23;
24,2;
2,24;
27,23;
23,27;
23,28;
28,23;
24,29;
29,24;
24,30;
30,24;
6,33;
33,6;
32,33;
33,32;
31,33;
33,31;
15,34;
34,15;
26,34;
34,26;
25,34;
34,25;
}
label = {
1,c;
2,c;
3,c;
4,c;
5,c;
6,c;
7,c;
8,c;
9,c;
10,c;
11,c;
12,c;
13,c;
14,c;
15,c;
16,c;
17,h;
18,h;
19,h;
20,h;
21,h;
22,h;
23,n;
24,n;
25,o;
26,o;
27,o;
28,o;
29,o;
30,o;
31,o;
32,o;
33,n;
34,n;
}