edge = {
1,2;
2,1;
2,3;
3,2;
3,4;
4,3;
4,5;
5,4;
5,1;
1,5;
1,6;
6,1;
6,7;
7,6;
6,8;
8,6;
4,9;
9,4;
9,10;
10,9;
10,11;
11,10;
11,12;
12,11;
12,13;
13,12;
12,14;
14,12;
13,15;
15,13;
16,17;
17,16;
17,18;
18,17;
18,19;
19,18;
19,20;
20,19;
20,16;
16,20;
19,21;
21,19;
21,22;
22,21;
21,23;
23,21;
2,24;
24,2;
3,25;
25,3;
9,26;
26,9;
11,27;
27,11;
13,28;
28,13;
17,29;
29,17;
18,30;
30,18;
20,31;
31,20;
15,16;
16,15;
15,32;
32,15;
}
label = {
1,c;
2,c;
3,c;
4,c;
5,o;
6,n;
7,o;
8,o;
9,c;
10,n;
11,n;
12,c;
13,c;
14,o;
15,c;
16,c;
17,c;
18,c;
19,c;
20,c;
21,n;
22,o;
23,o;
24,h;
25,h;
26,h;
27,h;
28,h;
29,h;
30,h;
31,h;
32,h;
}