edge = {
1,2;
2,1;
2,3;
3,2;
3,4;
4,3;
4,5;
5,4;
5,6;
6,5;
6,1;
1,6;
1,7;
7,1;
2,8;
8,2;
3,9;
9,3;
5,10;
10,5;
11,12;
12,11;
12,13;
13,12;
13,14;
14,13;
14,15;
15,14;
15,16;
16,15;
16,11;
11,16;
12,17;
17,12;
13,18;
18,13;
15,19;
19,15;
16,20;
20,16;
4,11;
11,4;
14,21;
21,14;
6,22;
22,6;
23,22;
22,23;
22,24;
24,22;
21,25;
25,21;
21,26;
26,21;
}
label = {
1,c;
2,c;
3,c;
4,c;
5,c;
6,c;
7,h;
8,h;
9,h;
10,h;
11,c;
12,c;
13,c;
14,c;
15,c;
16,c;
17,h;
18,h;
19,h;
20,h;
21,n;
22,n;
23,o;
24,o;
25,h;
26,h;
}