edge = {
1,2;
2,1;
2,3;
3,2;
3,4;
4,3;
4,5;
5,4;
5,6;
6,5;
6,1;
1,6;
1,7;
7,1;
2,8;
8,2;
5,9;
9,5;
6,10;
10,6;
3,11;
11,3;
11,12;
12,11;
12,13;
13,12;
13,14;
14,13;
14,4;
4,14;
11,15;
15,11;
12,16;
16,12;
16,17;
17,16;
17,18;
18,17;
18,19;
19,18;
19,13;
13,19;
16,20;
20,16;
17,21;
21,17;
19,22;
22,19;
22,23;
23,22;
23,24;
24,23;
24,14;
14,24;
23,25;
25,23;
24,26;
26,24;
18,27;
27,18;
27,28;
28,27;
28,29;
29,28;
29,22;
22,29;
28,30;
30,28;
29,31;
31,29;
27,32;
32,27;
32,33;
33,32;
32,34;
34,32;
}
label = {
1,c;
2,c;
3,c;
4,c;
5,c;
6,c;
7,h;
8,h;
9,h;
10,h;
11,c;
12,c;
13,c;
14,c;
15,h;
16,c;
17,c;
18,c;
19,c;
20,h;
21,h;
22,c;
23,c;
24,c;
25,h;
26,h;
27,c;
28,c;
29,c;
30,h;
31,h;
32,n;
33,o;
34,o;
}