edge = {
1,2;
2,1;
2,3;
3,2;
3,4;
4,3;
4,5;
5,4;
5,6;
6,5;
6,1;
1,6;
1,7;
7,1;
2,8;
8,2;
3,9;
9,3;
5,10;
10,5;
6,11;
11,6;
12,13;
13,12;
13,14;
14,13;
14,15;
15,14;
15,16;
16,15;
16,17;
17,16;
17,12;
12,17;
13,18;
18,13;
14,19;
19,14;
17,20;
20,17;
4,12;
12,4;
21,16;
16,21;
21,22;
22,21;
21,23;
23,21;
21,24;
24,21;
25,15;
15,25;
25,26;
26,25;
25,27;
27,25;
}
label = {
1,c;
2,c;
3,c;
4,c;
5,c;
6,c;
7,h;
8,h;
9,h;
10,h;
11,h;
12,c;
13,c;
14,c;
15,c;
16,c;
17,c;
18,h;
19,h;
20,h;
21,c;
22,h;
23,h;
24,h;
25,n;
26,o;
27,o;
}