edge = {
1,2;
2,1;
2,3;
3,2;
3,4;
4,3;
4,5;
5,4;
5,6;
6,5;
6,1;
1,6;
7,8;
8,7;
8,9;
9,8;
9,10;
10,9;
10,11;
11,10;
11,12;
12,11;
12,7;
7,12;
4,12;
12,4;
3,13;
13,3;
13,7;
7,13;
1,14;
14,1;
14,15;
15,14;
14,16;
16,14;
2,17;
17,2;
5,18;
18,5;
6,19;
19,6;
8,20;
20,8;
10,21;
21,10;
11,22;
22,11;
13,23;
23,13;
13,24;
24,13;
9,25;
25,9;
25,26;
26,25;
26,27;
27,26;
27,28;
28,27;
27,29;
29,27;
27,30;
30,27;
26,31;
31,26;
}
label = {
1,c;
2,c;
3,c;
4,c;
5,c;
6,c;
7,c;
8,c;
9,c;
10,c;
11,c;
12,c;
13,c;
14,n;
15,o;
16,o;
17,h;
18,h;
19,h;
20,h;
21,h;
22,h;
23,h;
24,h;
25,o;
26,c;
27,c;
28,h;
29,h;
30,h;
31,o;
}