edge = {
1,2;
2,1;
2,3;
3,2;
3,4;
4,3;
4,5;
5,4;
5,6;
6,5;
6,1;
1,6;
1,7;
7,1;
2,8;
8,2;
6,9;
9,6;
3,10;
10,3;
10,11;
11,10;
11,12;
12,11;
12,13;
13,12;
13,4;
4,13;
10,14;
14,10;
11,15;
15,11;
13,16;
16,13;
16,17;
17,16;
17,18;
18,17;
18,5;
5,18;
12,19;
19,12;
19,20;
20,19;
20,21;
21,20;
21,16;
16,21;
19,22;
22,19;
20,23;
23,20;
17,24;
24,17;
24,25;
25,24;
25,26;
26,25;
26,27;
27,26;
27,18;
18,27;
24,28;
28,24;
25,29;
29,25;
26,30;
30,26;
27,31;
31,27;
32,21;
21,32;
33,32;
32,33;
32,34;
34,32;
}
label = {
1,c;
2,c;
3,c;
4,c;
5,c;
6,c;
7,h;
8,h;
9,h;
10,c;
11,c;
12,c;
13,c;
14,h;
15,h;
16,c;
17,c;
18,c;
19,c;
20,c;
21,c;
22,h;
23,h;
24,c;
25,c;
26,c;
27,c;
28,h;
29,h;
30,h;
31,h;
32,n;
33,o;
34,o;
}