edge = {
1,2;
2,1;
2,3;
3,2;
3,4;
4,3;
4,5;
5,4;
5,6;
6,5;
6,1;
1,6;
1,7;
7,1;
2,8;
8,2;
5,9;
9,5;
6,10;
10,6;
3,11;
11,3;
11,12;
12,11;
12,13;
13,12;
13,14;
14,13;
14,4;
4,14;
12,15;
15,12;
15,16;
16,15;
16,17;
17,16;
17,18;
18,17;
18,13;
13,18;
15,19;
19,15;
16,20;
20,16;
18,21;
21,18;
21,22;
22,21;
22,23;
23,22;
23,14;
14,23;
22,24;
24,22;
23,25;
25,23;
17,26;
26,17;
26,27;
27,26;
27,28;
28,27;
28,21;
21,28;
26,29;
29,26;
27,30;
30,27;
28,31;
31,28;
11,32;
32,11;
32,33;
33,32;
32,34;
34,32;
}
label = {
1,c;
2,c;
3,c;
4,c;
5,c;
6,c;
7,h;
8,h;
9,h;
10,h;
11,c;
12,c;
13,c;
14,c;
15,c;
16,c;
17,c;
18,c;
19,h;
20,h;
21,c;
22,c;
23,c;
24,h;
25,h;
26,c;
27,c;
28,c;
29,h;
30,h;
31,h;
32,n;
33,o;
34,o;
}