edge = {
1,2;
2,1;
2,3;
3,2;
3,4;
4,3;
4,5;
5,4;
5,6;
6,5;
6,1;
1,6;
3,7;
7,3;
7,8;
8,7;
8,9;
9,8;
9,10;
10,9;
10,4;
4,10;
8,11;
11,8;
11,12;
12,11;
12,13;
13,12;
13,14;
14,13;
14,9;
9,14;
10,15;
15,10;
15,16;
16,15;
15,17;
17,15;
1,18;
18,1;
2,19;
19,2;
5,20;
20,5;
6,21;
21,6;
7,22;
22,7;
11,23;
23,11;
12,24;
24,12;
14,25;
25,14;
14,26;
26,14;
13,27;
27,13;
13,28;
28,13;
25,29;
29,25;
27,30;
30,27;
}
label = {
1,c;
2,c;
3,c;
4,c;
5,c;
6,c;
7,c;
8,c;
9,c;
10,c;
11,c;
12,c;
13,c;
14,c;
15,n;
16,o;
17,o;
18,h;
19,h;
20,h;
21,h;
22,h;
23,h;
24,h;
25,o;
26,h;
27,o;
28,h;
29,h;
30,h;
}