edge = {
1,2;
2,1;
2,3;
3,2;
3,4;
4,3;
4,5;
5,4;
5,6;
6,5;
6,1;
1,6;
3,7;
7,3;
7,8;
8,7;
8,9;
9,8;
9,10;
10,9;
10,4;
4,10;
8,11;
11,8;
11,12;
12,11;
12,13;
13,12;
13,14;
14,13;
14,9;
9,14;
14,15;
15,14;
15,16;
16,15;
16,17;
17,16;
17,10;
10,17;
13,18;
18,13;
18,19;
19,18;
19,20;
20,19;
20,15;
15,20;
7,21;
21,7;
21,22;
22,21;
21,23;
23,21;
1,24;
24,1;
2,25;
25,2;
5,26;
26,5;
6,27;
27,6;
16,28;
28,16;
17,29;
29,17;
18,30;
30,18;
19,31;
31,19;
20,32;
32,20;
11,33;
33,11;
11,34;
34,11;
12,35;
35,12;
12,36;
36,12;
}
label = {
1,c;
2,c;
3,c;
4,c;
5,c;
6,c;
7,c;
8,c;
9,c;
10,c;
11,c;
12,c;
13,c;
14,c;
15,c;
16,c;
17,c;
18,c;
19,c;
20,c;
21,n;
22,o;
23,o;
24,h;
25,h;
26,h;
27,h;
28,h;
29,h;
30,h;
31,h;
32,h;
33,h;
34,h;
35,h;
36,h;
}