edge = {
1,2;
2,1;
2,3;
3,2;
3,4;
4,3;
4,5;
5,4;
5,6;
6,5;
6,1;
1,6;
3,7;
7,3;
7,8;
8,7;
8,9;
9,8;
9,10;
10,9;
10,4;
4,10;
8,11;
11,8;
11,12;
12,11;
12,13;
13,12;
13,14;
14,13;
14,9;
9,14;
13,15;
15,13;
15,16;
16,15;
16,17;
17,16;
17,18;
18,17;
18,14;
14,18;
7,19;
19,7;
19,20;
20,19;
19,21;
21,19;
1,22;
22,1;
2,23;
23,2;
5,24;
24,5;
6,25;
25,6;
10,26;
26,10;
11,27;
27,11;
12,28;
28,12;
16,29;
29,16;
16,30;
30,16;
15,31;
31,15;
15,32;
32,15;
29,33;
33,29;
31,34;
34,31;
17,35;
35,17;
18,36;
36,18;
}
label = {
1,c;
2,c;
3,c;
4,c;
5,c;
6,c;
7,c;
8,c;
9,c;
10,c;
11,c;
12,c;
13,c;
14,c;
15,c;
16,c;
17,c;
18,c;
19,n;
20,o;
21,o;
22,h;
23,h;
24,h;
25,h;
26,h;
27,h;
28,h;
29,o;
30,h;
31,o;
32,h;
33,h;
34,h;
35,h;
36,h;
}