edge = {
1,2;
2,1;
2,3;
3,2;
3,4;
4,3;
4,5;
5,4;
5,6;
6,5;
6,1;
1,6;
4,7;
7,4;
7,8;
8,7;
8,9;
9,8;
9,10;
10,9;
10,5;
5,10;
7,11;
11,7;
8,12;
12,8;
9,13;
13,9;
6,14;
14,6;
14,15;
15,14;
15,16;
16,15;
16,17;
17,16;
17,1;
1,17;
14,18;
18,14;
15,19;
19,15;
16,20;
20,16;
17,21;
21,17;
2,22;
22,2;
22,23;
23,22;
23,24;
24,23;
24,25;
25,24;
25,3;
3,25;
22,26;
26,22;
23,27;
27,23;
24,28;
28,24;
25,29;
29,25;
10,30;
30,10;
30,31;
31,30;
30,32;
32,30;
}
label = {
1,c;
2,c;
3,c;
4,c;
5,c;
6,c;
7,c;
8,c;
9,c;
10,c;
11,h;
12,h;
13,h;
14,c;
15,c;
16,c;
17,c;
18,h;
19,h;
20,h;
21,h;
22,c;
23,c;
24,c;
25,c;
26,h;
27,h;
28,h;
29,h;
30,n;
31,o;
32,o;
}