edge = {
1,2;
2,1;
2,3;
3,2;
3,4;
4,3;
4,5;
5,4;
5,6;
6,5;
6,1;
1,6;
3,7;
7,3;
7,8;
8,7;
8,9;
9,8;
9,10;
10,9;
10,4;
4,10;
8,11;
11,8;
11,12;
12,11;
12,13;
13,12;
13,14;
14,13;
14,9;
9,14;
13,15;
15,13;
15,16;
16,15;
16,17;
17,16;
17,18;
18,17;
18,14;
14,18;
5,19;
19,5;
1,20;
20,1;
2,21;
21,2;
6,22;
22,6;
10,23;
23,10;
11,24;
24,11;
12,25;
25,12;
15,26;
26,15;
16,27;
27,16;
17,28;
28,17;
18,29;
29,18;
19,30;
30,19;
7,31;
31,7;
31,32;
32,31;
31,33;
33,31;
}
label = {
1,c;
2,c;
3,c;
4,c;
5,c;
6,c;
7,c;
8,c;
9,c;
10,c;
11,c;
12,c;
13,c;
14,c;
15,c;
16,c;
17,c;
18,c;
19,o;
20,h;
21,h;
22,h;
23,h;
24,h;
25,h;
26,h;
27,h;
28,h;
29,h;
30,h;
31,n;
32,o;
33,o;
}