edge = {
1,2;
2,1;
2,3;
3,2;
3,4;
4,3;
4,5;
5,4;
5,6;
6,5;
6,1;
1,6;
1,7;
7,1;
2,8;
8,2;
6,9;
9,6;
4,10;
10,4;
10,11;
11,10;
11,12;
12,11;
12,13;
13,12;
13,5;
5,13;
11,14;
14,11;
12,15;
15,12;
13,16;
16,13;
3,17;
17,3;
17,18;
18,17;
18,19;
19,18;
19,10;
10,19;
18,20;
20,18;
20,21;
21,20;
21,22;
22,21;
22,23;
23,22;
23,19;
19,23;
21,24;
24,21;
22,25;
25,22;
23,26;
26,23;
17,27;
27,17;
27,28;
28,27;
28,29;
29,28;
29,20;
20,29;
27,30;
30,27;
28,31;
31,28;
29,32;
32,29;
32,33;
33,32;
32,34;
34,32;
}
label = {
1,c;
2,c;
3,c;
4,c;
5,c;
6,c;
7,h;
8,h;
9,h;
10,c;
11,c;
12,c;
13,c;
14,h;
15,h;
16,h;
17,c;
18,c;
19,c;
20,c;
21,c;
22,c;
23,c;
24,h;
25,h;
26,h;
27,c;
28,c;
29,c;
30,h;
31,h;
32,n;
33,o;
34,o;
}