edge = {
1,2;
2,1;
2,3;
3,2;
2,18;
18,2;
3,4;
4,3;
3,8;
8,3;
4,5;
5,4;
4,19;
19,4;
5,6;
6,5;
5,20;
20,5;
6,7;
7,6;
6,21;
21,6;
7,8;
8,7;
7,22;
22,7;
8,9;
9,8;
9,10;
10,9;
9,11;
11,9;
11,12;
12,11;
11,18;
18,11;
12,13;
13,12;
12,23;
23,12;
13,14;
14,13;
13,24;
24,13;
14,15;
15,14;
14,16;
16,14;
15,25;
25,15;
15,26;
26,15;
15,27;
27,15;
16,17;
17,16;
16,18;
18,16;
17,28;
28,17;
17,29;
29,17;
}
label = {
1,o;
2,c;
3,c;
4,c;
5,c;
6,c;
7,c;
8,c;
9,c;
10,o;
11,c;
12,c;
13,c;
14,c;
15,c;
16,c;
17,n;
18,c;
19,h;
20,h;
21,h;
22,h;
23,h;
24,h;
25,h;
26,h;
27,h;
28,h;
29,h;
}