edge = {
1,2;
2,1;
1,13;
13,1;
1,25;
25,1;
1,26;
26,1;
2,3;
3,2;
3,4;
4,3;
3,27;
27,3;
3,28;
28,3;
4,5;
5,4;
4,29;
29,4;
4,30;
30,4;
5,6;
6,5;
6,7;
7,6;
6,31;
31,6;
6,32;
32,6;
7,8;
8,7;
7,33;
33,7;
7,34;
34,7;
8,9;
9,8;
9,10;
10,9;
9,35;
35,9;
9,36;
36,9;
10,11;
11,10;
10,37;
37,10;
10,38;
38,10;
11,12;
12,11;
11,39;
39,11;
11,40;
40,11;
12,41;
41,12;
12,42;
42,12;
12,43;
43,12;
13,14;
14,13;
13,21;
21,13;
14,15;
15,14;
14,44;
44,14;
15,16;
16,15;
15,19;
19,15;
16,17;
17,16;
17,18;
18,17;
17,45;
45,17;
17,46;
46,17;
18,19;
19,18;
19,20;
20,19;
20,21;
21,20;
20,47;
47,20;
21,22;
22,21;
22,23;
23,22;
22,48;
48,22;
22,49;
49,22;
23,24;
24,23;
23,50;
50,23;
23,51;
51,23;
24,52;
52,24;
24,53;
53,24;
24,54;
54,24;
}
label = {
1,c;
2,o;
3,c;
4,c;
5,o;
6,c;
7,c;
8,o;
9,c;
10,c;
11,c;
12,c;
13,c;
14,c;
15,c;
16,o;
17,c;
18,o;
19,c;
20,c;
21,c;
22,c;
23,c;
24,c;
25,h;
26,h;
27,h;
28,h;
29,h;
30,h;
31,h;
32,h;
33,h;
34,h;
35,h;
36,h;
37,h;
38,h;
39,h;
40,h;
41,h;
42,h;
43,h;
44,h;
45,h;
46,h;
47,h;
48,h;
49,h;
50,h;
51,h;
52,h;
53,h;
54,h;
}