edge = {
1,2;
2,1;
1,14;
14,1;
1,23;
23,1;
1,24;
24,1;
2,3;
3,2;
2,4;
4,2;
2,25;
25,2;
3,26;
26,3;
3,27;
27,3;
3,28;
28,3;
4,5;
5,4;
4,6;
6,4;
6,7;
7,6;
6,29;
29,6;
6,30;
30,6;
7,8;
8,7;
7,31;
31,7;
7,32;
32,7;
8,9;
9,8;
8,33;
33,8;
8,34;
34,8;
9,10;
10,9;
9,35;
35,9;
9,36;
36,9;
10,11;
11,10;
10,37;
37,10;
10,38;
38,10;
11,12;
12,11;
11,39;
39,11;
11,40;
40,11;
12,13;
13,12;
12,41;
41,12;
12,42;
42,12;
13,43;
43,13;
13,44;
44,13;
13,45;
45,13;
14,15;
15,14;
14,22;
22,14;
15,16;
16,15;
15,46;
46,15;
16,17;
17,16;
16,47;
47,16;
17,18;
18,17;
17,21;
21,17;
18,19;
19,18;
19,20;
20,19;
19,48;
48,19;
19,49;
49,19;
20,21;
21,20;
21,22;
22,21;
22,50;
50,22;
}
label = {
1,c;
2,c;
3,c;
4,s;
5,o;
6,c;
7,c;
8,c;
9,c;
10,c;
11,c;
12,c;
13,c;
14,c;
15,c;
16,c;
17,c;
18,o;
19,c;
20,o;
21,c;
22,c;
23,h;
24,h;
25,h;
26,h;
27,h;
28,h;
29,h;
30,h;
31,h;
32,h;
33,h;
34,h;
35,h;
36,h;
37,h;
38,h;
39,h;
40,h;
41,h;
42,h;
43,h;
44,h;
45,h;
46,h;
47,h;
48,h;
49,h;
50,h;
}