edge = {
1,2;
2,1;
1,15;
15,1;
1,25;
25,1;
1,26;
26,1;
2,3;
3,2;
2,27;
27,2;
2,28;
28,2;
3,4;
4,3;
4,5;
5,4;
4,14;
14,4;
4,29;
29,4;
5,6;
6,5;
6,7;
7,6;
6,8;
8,6;
6,11;
11,6;
8,9;
9,8;
9,10;
10,9;
9,30;
30,9;
9,31;
31,9;
10,32;
32,10;
10,33;
33,10;
10,34;
34,10;
11,12;
12,11;
12,13;
13,12;
12,35;
35,12;
12,36;
36,12;
13,37;
37,13;
13,38;
38,13;
13,39;
39,13;
14,15;
15,14;
14,16;
16,14;
14,40;
40,14;
16,17;
17,16;
17,18;
18,17;
17,19;
19,17;
17,22;
22,17;
19,20;
20,19;
20,21;
21,20;
20,41;
41,20;
20,42;
42,20;
21,43;
43,21;
21,44;
44,21;
21,45;
45,21;
22,23;
23,22;
23,24;
24,23;
23,46;
46,23;
23,47;
47,23;
24,48;
48,24;
24,49;
49,24;
24,50;
50,24;
}
label = {
1,c;
2,c;
3,o;
4,c;
5,s;
6,p;
7,s;
8,o;
9,c;
10,c;
11,o;
12,c;
13,c;
14,c;
15,o;
16,s;
17,p;
18,s;
19,o;
20,c;
21,c;
22,o;
23,c;
24,c;
25,h;
26,h;
27,h;
28,h;
29,h;
30,h;
31,h;
32,h;
33,h;
34,h;
35,h;
36,h;
37,h;
38,h;
39,h;
40,h;
41,h;
42,h;
43,h;
44,h;
45,h;
46,h;
47,h;
48,h;
49,h;
50,h;
}