edge = {
1,2;
2,1;
1,9;
9,1;
1,12;
12,1;
2,3;
3,2;
2,23;
23,2;
3,4;
4,3;
3,24;
24,3;
4,5;
5,4;
4,8;
8,4;
5,6;
6,5;
6,7;
7,6;
8,9;
9,8;
8,10;
10,8;
9,25;
25,9;
10,11;
11,10;
11,26;
26,11;
11,27;
27,11;
11,28;
28,11;
12,13;
13,12;
12,22;
22,12;
13,14;
14,13;
13,29;
29,13;
14,15;
15,14;
14,30;
30,14;
15,16;
16,15;
15,19;
19,15;
16,17;
17,16;
17,18;
18,17;
19,20;
20,19;
19,22;
22,19;
20,21;
21,20;
21,31;
31,21;
21,32;
32,21;
21,33;
33,21;
22,34;
34,22;
}
label = {
1,c;
2,c;
3,c;
4,c;
5,n;
6,c;
7,o;
8,c;
9,c;
10,o;
11,c;
12,c;
13,c;
14,c;
15,c;
16,n;
17,c;
18,o;
19,c;
20,o;
21,c;
22,c;
23,h;
24,h;
25,h;
26,h;
27,h;
28,h;
29,h;
30,h;
31,h;
32,h;
33,h;
34,h;
}