edge = {
1,2;
2,1;
1,9;
9,1;
1,16;
16,1;
1,20;
20,1;
2,3;
3,2;
2,8;
8,2;
3,4;
4,3;
3,21;
21,3;
4,5;
5,4;
4,22;
22,4;
5,6;
6,5;
5,7;
7,5;
7,8;
8,7;
7,23;
23,7;
8,24;
24,8;
9,10;
10,9;
9,15;
15,9;
10,11;
11,10;
10,25;
25,10;
11,12;
12,11;
11,26;
26,11;
12,13;
13,12;
12,14;
14,12;
14,15;
15,14;
14,27;
27,14;
15,28;
28,15;
16,17;
17,16;
16,18;
18,16;
16,19;
19,16;
}
label = {
1,c;
2,c;
3,c;
4,c;
5,c;
6,cl;
7,c;
8,c;
9,c;
10,c;
11,c;
12,c;
13,cl;
14,c;
15,c;
16,c;
17,cl;
18,cl;
19,cl;
20,h;
21,h;
22,h;
23,h;
24,h;
25,h;
26,h;
27,h;
28,h;
}