edge = {
1,2;
2,1;
2,3;
3,2;
2,4;
4,2;
2,19;
19,2;
4,5;
5,4;
4,12;
12,4;
4,20;
20,4;
5,6;
6,5;
5,11;
11,5;
6,7;
7,6;
6,21;
21,6;
7,8;
8,7;
7,22;
22,7;
8,9;
9,8;
8,10;
10,8;
10,11;
11,10;
10,23;
23,10;
11,24;
24,11;
12,13;
13,12;
12,18;
18,12;
13,14;
14,13;
13,25;
25,13;
14,15;
15,14;
14,26;
26,14;
15,16;
16,15;
15,17;
17,15;
17,18;
18,17;
17,27;
27,17;
18,28;
28,18;
}
label = {
1,cl;
2,c;
3,cl;
4,c;
5,c;
6,c;
7,c;
8,c;
9,cl;
10,c;
11,c;
12,c;
13,c;
14,c;
15,c;
16,cl;
17,c;
18,c;
19,h;
20,h;
21,h;
22,h;
23,h;
24,h;
25,h;
26,h;
27,h;
28,h;
}