edge = {
1,2;
2,1;
1,9;
9,1;
1,17;
17,1;
2,3;
3,2;
2,13;
13,2;
3,4;
4,3;
3,18;
18,3;
4,5;
5,4;
4,19;
19,4;
5,6;
6,5;
5,9;
9,5;
6,7;
7,6;
7,8;
8,7;
7,20;
20,7;
7,21;
21,7;
8,22;
22,8;
8,23;
23,8;
8,24;
24,8;
9,10;
10,9;
10,11;
11,10;
10,12;
12,10;
13,14;
14,13;
13,25;
25,13;
14,15;
15,14;
14,16;
16,14;
16,26;
26,16;
16,27;
27,16;
16,28;
28,16;
}
label = {
1,c;
2,c;
3,c;
4,c;
5,c;
6,o;
7,c;
8,c;
9,c;
10,n;
11,o;
12,o;
13,n;
14,c;
15,o;
16,c;
17,h;
18,h;
19,h;
20,h;
21,h;
22,h;
23,h;
24,h;
25,h;
26,h;
27,h;
28,h;
}