edge = {
1,2;
2,1;
1,13;
13,1;
1,24;
24,1;
1,25;
25,1;
2,3;
3,2;
2,26;
26,2;
2,27;
27,2;
3,4;
4,3;
3,8;
8,3;
3,28;
28,3;
4,5;
5,4;
4,29;
29,4;
4,30;
30,4;
5,6;
6,5;
5,7;
7,5;
8,9;
9,8;
8,31;
31,8;
8,32;
32,8;
9,10;
10,9;
9,11;
11,9;
11,12;
12,11;
13,14;
14,13;
13,19;
19,13;
13,33;
33,13;
14,15;
15,14;
14,34;
34,14;
14,35;
35,14;
15,16;
16,15;
15,17;
17,15;
17,18;
18,17;
19,20;
20,19;
19,36;
36,19;
19,37;
37,19;
20,21;
21,20;
20,22;
22,20;
22,23;
23,22;
}
label = {
1,c;
2,c;
3,n;
4,c;
5,c;
6,o;
7,o;
8,c;
9,c;
10,o;
11,o;
12,na;
13,n;
14,c;
15,c;
16,o;
17,o;
18,na;
19,c;
20,c;
21,o;
22,o;
23,na;
24,h;
25,h;
26,h;
27,h;
28,h;
29,h;
30,h;
31,h;
32,h;
33,h;
34,h;
35,h;
36,h;
37,h;
}