edge = {
1,2;
2,1;
2,3;
3,2;
2,24;
24,2;
3,4;
4,3;
3,8;
8,3;
4,5;
5,4;
4,27;
27,4;
5,6;
6,5;
5,28;
28,5;
6,7;
7,6;
6,29;
29,6;
7,8;
8,7;
7,30;
30,7;
8,9;
9,8;
9,10;
10,9;
9,25;
25,9;
10,11;
11,10;
10,31;
31,10;
11,12;
12,11;
11,32;
32,11;
12,13;
13,12;
12,26;
26,12;
13,14;
14,13;
13,15;
15,13;
15,16;
16,15;
15,20;
20,15;
16,17;
17,16;
16,33;
33,16;
17,18;
18,17;
17,34;
34,17;
18,19;
19,18;
18,35;
35,18;
19,20;
20,19;
19,36;
36,19;
20,21;
21,20;
21,22;
22,21;
21,26;
26,21;
22,23;
23,22;
22,37;
37,22;
23,24;
24,23;
23,38;
38,23;
24,25;
25,24;
25,26;
26,25;
}
label = {
1,o;
2,c;
3,c;
4,c;
5,c;
6,c;
7,c;
8,c;
9,c;
10,c;
11,c;
12,c;
13,c;
14,o;
15,c;
16,c;
17,c;
18,c;
19,c;
20,c;
21,c;
22,c;
23,c;
24,c;
25,c;
26,c;
27,h;
28,h;
29,h;
30,h;
31,h;
32,h;
33,h;
34,h;
35,h;
36,h;
37,h;
38,h;
}