edge = {
1,2;
2,1;
1,8;
8,1;
1,15;
15,1;
1,20;
20,1;
2,3;
3,2;
2,21;
21,2;
2,22;
22,2;
3,4;
4,3;
3,5;
5,3;
5,6;
6,5;
6,7;
7,6;
6,23;
23,6;
6,24;
24,6;
7,25;
25,7;
7,26;
26,7;
7,27;
27,7;
8,9;
9,8;
9,10;
10,9;
9,11;
11,9;
9,13;
13,9;
11,12;
12,11;
12,28;
28,12;
12,29;
29,12;
12,30;
30,12;
13,14;
14,13;
14,31;
31,14;
14,32;
32,14;
14,33;
33,14;
15,16;
16,15;
15,17;
17,15;
17,18;
18,17;
18,19;
19,18;
18,34;
34,18;
18,35;
35,18;
19,36;
36,19;
19,37;
37,19;
19,38;
38,19;
}
label = {
1,c;
2,c;
3,c;
4,o;
5,o;
6,c;
7,c;
8,s;
9,p;
10,o;
11,o;
12,c;
13,o;
14,c;
15,c;
16,o;
17,o;
18,c;
19,c;
20,h;
21,h;
22,h;
23,h;
24,h;
25,h;
26,h;
27,h;
28,h;
29,h;
30,h;
31,h;
32,h;
33,h;
34,h;
35,h;
36,h;
37,h;
38,h;
}