edge = {
1,2;
2,1;
1,12;
12,1;
2,3;
3,2;
2,8;
8,2;
3,4;
4,3;
3,20;
20,3;
4,5;
5,4;
4,6;
6,4;
5,21;
21,5;
5,22;
22,5;
5,23;
23,5;
6,7;
7,6;
7,8;
8,7;
7,9;
9,7;
9,10;
10,9;
9,11;
11,9;
9,24;
24,9;
10,25;
25,10;
10,26;
26,10;
10,27;
27,10;
11,28;
28,11;
11,29;
29,11;
11,30;
30,11;
12,13;
13,12;
12,14;
14,12;
12,17;
17,12;
14,15;
15,14;
15,16;
16,15;
15,31;
31,15;
15,32;
32,15;
16,33;
33,16;
16,34;
34,16;
16,35;
35,16;
17,18;
18,17;
18,19;
19,18;
18,36;
36,18;
18,37;
37,18;
19,38;
38,19;
19,39;
39,19;
19,40;
40,19;
}
label = {
1,o;
2,c;
3,c;
4,c;
5,c;
6,n;
7,c;
8,n;
9,c;
10,c;
11,c;
12,p;
13,s;
14,o;
15,c;
16,c;
17,o;
18,c;
19,c;
20,h;
21,h;
22,h;
23,h;
24,h;
25,h;
26,h;
27,h;
28,h;
29,h;
30,h;
31,h;
32,h;
33,h;
34,h;
35,h;
36,h;
37,h;
38,h;
39,h;
40,h;
}