edge = {
1,2;
2,1;
1,3;
3,1;
1,4;
4,1;
1,12;
12,1;
4,5;
5,4;
4,19;
19,4;
5,6;
6,5;
5,11;
11,5;
6,7;
7,6;
6,8;
8,6;
7,20;
20,7;
7,21;
21,7;
7,22;
22,7;
8,9;
9,8;
8,10;
10,8;
9,23;
23,9;
9,24;
24,9;
9,25;
25,9;
10,11;
11,10;
12,13;
13,12;
12,18;
18,12;
13,14;
14,13;
13,26;
26,13;
14,15;
15,14;
14,27;
27,14;
15,16;
16,15;
15,17;
17,15;
16,30;
30,16;
16,31;
31,16;
17,18;
18,17;
17,28;
28,17;
18,29;
29,18;
}
label = {
1,s;
2,o;
3,o;
4,n;
5,c;
6,c;
7,c;
8,c;
9,c;
10,n;
11,o;
12,c;
13,c;
14,c;
15,c;
16,n;
17,c;
18,c;
19,h;
20,h;
21,h;
22,h;
23,h;
24,h;
25,h;
26,h;
27,h;
28,h;
29,h;
30,h;
31,h;
}