edge = {
1,2;
2,1;
1,3;
3,1;
1,9;
9,1;
1,15;
15,1;
2,21;
21,2;
3,4;
4,3;
3,8;
8,3;
4,5;
5,4;
4,22;
22,4;
5,6;
6,5;
5,23;
23,5;
6,7;
7,6;
6,24;
24,6;
7,8;
8,7;
7,25;
25,7;
8,26;
26,8;
9,10;
10,9;
9,14;
14,9;
10,11;
11,10;
10,27;
27,10;
11,12;
12,11;
11,28;
28,11;
12,13;
13,12;
12,29;
29,12;
13,14;
14,13;
13,30;
30,13;
14,31;
31,14;
15,16;
16,15;
15,20;
20,15;
16,17;
17,16;
16,32;
32,16;
17,18;
18,17;
17,33;
33,17;
18,19;
19,18;
18,34;
34,18;
19,20;
20,19;
19,35;
35,19;
20,36;
36,20;
}
label = {
1,sn;
2,o;
3,c;
4,c;
5,c;
6,c;
7,c;
8,c;
9,c;
10,c;
11,c;
12,c;
13,c;
14,c;
15,c;
16,c;
17,c;
18,c;
19,c;
20,c;
21,h;
22,h;
23,h;
24,h;
25,h;
26,h;
27,h;
28,h;
29,h;
30,h;
31,h;
32,h;
33,h;
34,h;
35,h;
36,h;
}