edge = {
1,2;
2,1;
1,3;
3,1;
1,9;
9,1;
1,13;
13,1;
3,4;
4,3;
3,5;
5,3;
5,6;
6,5;
5,7;
7,5;
7,8;
8,7;
7,9;
9,7;
7,12;
12,7;
9,10;
10,9;
9,11;
11,9;
12,13;
13,12;
12,16;
16,12;
12,20;
20,12;
13,14;
14,13;
13,21;
21,13;
14,15;
15,14;
14,19;
19,14;
14,22;
22,14;
15,16;
16,15;
15,23;
23,15;
15,24;
24,15;
16,17;
17,16;
16,25;
25,16;
17,18;
18,17;
17,19;
19,17;
17,26;
26,17;
18,19;
19,18;
19,27;
27,19;
}
label = {
1,c;
2,cl;
3,c;
4,cl;
5,c;
6,cl;
7,c;
8,cl;
9,c;
10,cl;
11,cl;
12,c;
13,c;
14,c;
15,c;
16,c;
17,c;
18,o;
19,c;
20,h;
21,h;
22,h;
23,h;
24,h;
25,h;
26,h;
27,h;
}