edge = {
1,2;
2,1;
2,3;
3,2;
2,5;
5,2;
3,4;
4,3;
3,17;
17,3;
4,18;
18,4;
4,19;
19,4;
4,20;
20,4;
5,6;
6,5;
6,7;
7,6;
6,16;
16,6;
7,8;
8,7;
7,21;
21,7;
8,9;
9,8;
8,10;
10,8;
9,22;
22,9;
9,23;
23,9;
9,24;
24,9;
10,11;
11,10;
10,14;
14,10;
11,12;
12,11;
11,13;
13,11;
12,25;
25,12;
12,26;
26,12;
12,27;
27,12;
13,28;
28,13;
13,29;
29,13;
13,30;
30,13;
14,15;
15,14;
14,16;
16,14;
15,31;
31,15;
15,32;
32,15;
15,33;
33,15;
16,34;
34,16;
}
label = {
1,o;
2,c;
3,n;
4,c;
5,o;
6,c;
7,c;
8,c;
9,c;
10,c;
11,n;
12,c;
13,c;
14,c;
15,c;
16,c;
17,h;
18,h;
19,h;
20,h;
21,h;
22,h;
23,h;
24,h;
25,h;
26,h;
27,h;
28,h;
29,h;
30,h;
31,h;
32,h;
33,h;
34,h;
}