edge = {
1,2;
2,1;
1,3;
3,1;
1,4;
4,1;
1,5;
5,1;
2,17;
17,2;
2,18;
18,2;
2,19;
19,2;
3,20;
20,3;
3,21;
21,3;
3,22;
22,3;
4,23;
23,4;
4,24;
24,4;
4,25;
25,4;
5,6;
6,5;
5,11;
11,5;
6,7;
7,6;
6,26;
26,6;
7,8;
8,7;
7,9;
9,7;
8,27;
27,8;
8,28;
28,8;
8,29;
29,8;
9,10;
10,9;
9,30;
30,9;
10,11;
11,10;
10,13;
13,10;
11,12;
12,11;
12,31;
31,12;
13,14;
14,13;
13,15;
15,13;
13,16;
16,13;
14,32;
32,14;
14,33;
33,14;
14,34;
34,14;
15,35;
35,15;
15,36;
36,15;
15,37;
37,15;
16,38;
38,16;
16,39;
39,16;
16,40;
40,16;
}
label = {
1,c;
2,c;
3,c;
4,c;
5,c;
6,c;
7,c;
8,c;
9,c;
10,c;
11,c;
12,o;
13,c;
14,c;
15,c;
16,c;
17,h;
18,h;
19,h;
20,h;
21,h;
22,h;
23,h;
24,h;
25,h;
26,h;
27,h;
28,h;
29,h;
30,h;
31,h;
32,h;
33,h;
34,h;
35,h;
36,h;
37,h;
38,h;
39,h;
40,h;
}