edge = {
1,2;
2,1;
1,3;
3,1;
1,29;
29,1;
3,4;
4,3;
4,5;
5,4;
4,13;
13,4;
4,21;
21,4;
5,6;
6,5;
6,7;
7,6;
6,8;
8,6;
8,9;
9,8;
8,11;
11,8;
9,10;
10,9;
9,34;
34,9;
9,35;
35,9;
10,36;
36,10;
10,37;
37,10;
10,38;
38,10;
11,12;
12,11;
11,39;
39,11;
11,40;
40,11;
12,41;
41,12;
12,42;
42,12;
12,43;
43,12;
13,14;
14,13;
14,15;
15,14;
14,16;
16,14;
16,17;
17,16;
16,19;
19,16;
17,18;
18,17;
17,44;
44,17;
17,45;
45,17;
18,46;
46,18;
18,47;
47,18;
18,48;
48,18;
19,20;
20,19;
19,49;
49,19;
19,50;
50,19;
20,51;
51,20;
20,52;
52,20;
20,53;
53,20;
21,22;
22,21;
22,23;
23,22;
22,24;
24,22;
24,25;
25,24;
24,27;
27,24;
25,26;
26,25;
25,54;
54,25;
25,55;
55,25;
26,56;
56,26;
26,57;
57,26;
26,58;
58,26;
27,28;
28,27;
27,59;
59,27;
27,60;
60,27;
28,61;
61,28;
28,62;
62,28;
28,63;
63,28;
29,30;
30,29;
29,32;
32,29;
30,31;
31,30;
30,64;
64,30;
30,65;
65,30;
31,66;
66,31;
31,67;
67,31;
31,68;
68,31;
32,33;
33,32;
32,69;
69,32;
32,70;
70,32;
33,71;
71,33;
33,72;
72,33;
33,73;
73,33;
}
label = {
1,c;
2,s;
3,s;
4,te;
5,s;
6,c;
7,s;
8,n;
9,c;
10,c;
11,c;
12,c;
13,s;
14,c;
15,s;
16,n;
17,c;
18,c;
19,c;
20,c;
21,s;
22,c;
23,s;
24,n;
25,c;
26,c;
27,c;
28,c;
29,n;
30,c;
31,c;
32,c;
33,c;
34,h;
35,h;
36,h;
37,h;
38,h;
39,h;
40,h;
41,h;
42,h;
43,h;
44,h;
45,h;
46,h;
47,h;
48,h;
49,h;
50,h;
51,h;
52,h;
53,h;
54,h;
55,h;
56,h;
57,h;
58,h;
59,h;
60,h;
61,h;
62,h;
63,h;
64,h;
65,h;
66,h;
67,h;
68,h;
69,h;
70,h;
71,h;
72,h;
73,h;
}