edge = {
1,2;
2,1;
1,3;
3,1;
1,4;
4,1;
1,21;
21,1;
4,5;
5,4;
4,13;
13,4;
4,22;
22,4;
5,6;
6,5;
5,12;
12,5;
6,7;
7,6;
6,23;
23,6;
7,8;
8,7;
7,24;
24,7;
8,9;
9,8;
8,11;
11,8;
9,10;
10,9;
9,25;
25,9;
9,26;
26,9;
10,27;
27,10;
10,28;
28,10;
10,29;
29,10;
11,12;
12,11;
11,30;
30,11;
12,31;
31,12;
13,14;
14,13;
13,20;
20,13;
14,15;
15,14;
14,32;
32,14;
15,16;
16,15;
15,33;
33,15;
16,17;
17,16;
16,19;
19,16;
17,18;
18,17;
17,34;
34,17;
17,35;
35,17;
18,36;
36,18;
18,37;
37,18;
18,38;
38,18;
19,20;
20,19;
19,39;
39,19;
20,40;
40,20;
}
label = {
1,c;
2,cl;
3,cl;
4,c;
5,c;
6,c;
7,c;
8,c;
9,c;
10,c;
11,c;
12,c;
13,c;
14,c;
15,c;
16,c;
17,c;
18,c;
19,c;
20,c;
21,h;
22,h;
23,h;
24,h;
25,h;
26,h;
27,h;
28,h;
29,h;
30,h;
31,h;
32,h;
33,h;
34,h;
35,h;
36,h;
37,h;
38,h;
39,h;
40,h;
}