edge = {
1,2;
2,1;
1,4;
4,1;
1,6;
6,1;
2,3;
3,2;
2,17;
17,2;
2,18;
18,2;
3,19;
19,3;
3,20;
20,3;
3,21;
21,3;
4,5;
5,4;
4,22;
22,4;
4,23;
23,4;
5,24;
24,5;
5,25;
25,5;
5,26;
26,5;
6,7;
7,6;
6,8;
8,6;
8,9;
9,8;
9,10;
10,9;
10,11;
11,10;
10,12;
12,10;
12,13;
13,12;
12,15;
15,12;
13,14;
14,13;
13,27;
27,13;
13,28;
28,13;
14,29;
29,14;
14,30;
30,14;
14,31;
31,14;
15,16;
16,15;
15,32;
32,15;
15,33;
33,15;
16,34;
34,16;
16,35;
35,16;
16,36;
36,16;
}
label = {
1,n;
2,c;
3,c;
4,c;
5,c;
6,c;
7,s;
8,s;
9,s;
10,c;
11,s;
12,n;
13,c;
14,c;
15,c;
16,c;
17,h;
18,h;
19,h;
20,h;
21,h;
22,h;
23,h;
24,h;
25,h;
26,h;
27,h;
28,h;
29,h;
30,h;
31,h;
32,h;
33,h;
34,h;
35,h;
36,h;
}