edge = {
1,2;
2,1;
1,7;
7,1;
1,28;
28,1;
1,29;
29,1;
2,3;
3,2;
2,30;
30,2;
2,31;
31,2;
3,4;
4,3;
3,5;
5,3;
3,12;
12,3;
4,32;
32,4;
4,33;
33,4;
4,34;
34,4;
5,6;
6,5;
5,9;
9,5;
5,35;
35,5;
6,7;
7,6;
6,36;
36,6;
6,37;
37,6;
7,8;
8,7;
7,38;
38,7;
8,39;
39,8;
9,10;
10,9;
9,40;
40,9;
9,41;
41,9;
10,11;
11,10;
10,42;
42,10;
10,43;
43,10;
11,12;
12,11;
11,20;
20,11;
11,44;
44,11;
12,13;
13,12;
12,45;
45,12;
13,14;
14,13;
13,46;
46,13;
13,47;
47,13;
14,15;
15,14;
14,48;
48,14;
14,49;
49,14;
15,16;
16,15;
15,17;
17,15;
15,20;
20,15;
16,50;
50,16;
16,51;
51,16;
16,52;
52,16;
17,18;
18,17;
17,21;
21,17;
17,53;
53,17;
18,19;
19,18;
18,54;
54,18;
18,55;
55,18;
19,20;
20,19;
19,56;
56,19;
19,57;
57,19;
20,58;
58,20;
21,22;
22,21;
21,23;
23,21;
21,59;
59,21;
22,60;
60,22;
22,61;
61,22;
22,62;
62,22;
23,24;
24,23;
23,63;
63,23;
23,64;
64,23;
24,25;
25,24;
24,65;
65,24;
24,66;
66,24;
25,26;
26,25;
25,27;
27,25;
}
label = {
1,c;
2,c;
3,c;
4,c;
5,c;
6,c;
7,c;
8,o;
9,c;
10,c;
11,c;
12,c;
13,c;
14,c;
15,c;
16,c;
17,c;
18,c;
19,c;
20,c;
21,c;
22,c;
23,c;
24,c;
25,c;
26,o;
27,o;
28,h;
29,h;
30,h;
31,h;
32,h;
33,h;
34,h;
35,h;
36,h;
37,h;
38,h;
39,h;
40,h;
41,h;
42,h;
43,h;
44,h;
45,h;
46,h;
47,h;
48,h;
49,h;
50,h;
51,h;
52,h;
53,h;
54,h;
55,h;
56,h;
57,h;
58,h;
59,h;
60,h;
61,h;
62,h;
63,h;
64,h;
65,h;
66,h;
}