edge = {
1,2;
2,1;
1,3;
3,1;
1,12;
12,1;
3,4;
4,3;
3,8;
8,3;
4,5;
5,4;
4,21;
21,4;
5,6;
6,5;
5,22;
22,5;
6,7;
7,6;
6,9;
9,6;
7,8;
8,7;
7,23;
23,7;
8,24;
24,8;
9,10;
10,9;
9,11;
11,9;
10,25;
25,10;
10,26;
26,10;
10,27;
27,10;
11,28;
28,11;
11,29;
29,11;
11,30;
30,11;
12,13;
13,12;
12,17;
17,12;
13,14;
14,13;
13,31;
31,13;
14,15;
15,14;
14,32;
32,14;
15,16;
16,15;
15,18;
18,15;
16,17;
17,16;
16,33;
33,16;
17,34;
34,17;
18,19;
19,18;
18,20;
20,18;
19,35;
35,19;
19,36;
36,19;
19,37;
37,19;
20,38;
38,20;
20,39;
39,20;
20,40;
40,20;
}
label = {
1,c;
2,o;
3,c;
4,c;
5,c;
6,c;
7,c;
8,c;
9,n;
10,c;
11,c;
12,c;
13,c;
14,c;
15,c;
16,c;
17,c;
18,n;
19,c;
20,c;
21,h;
22,h;
23,h;
24,h;
25,h;
26,h;
27,h;
28,h;
29,h;
30,h;
31,h;
32,h;
33,h;
34,h;
35,h;
36,h;
37,h;
38,h;
39,h;
40,h;
}