edge = {
1,2;
2,1;
1,6;
6,1;
1,10;
10,1;
1,14;
14,1;
2,3;
3,2;
2,18;
18,2;
2,19;
19,2;
3,4;
4,3;
3,20;
20,3;
3,21;
21,3;
4,5;
5,4;
4,22;
22,4;
4,23;
23,4;
5,24;
24,5;
5,25;
25,5;
5,26;
26,5;
6,7;
7,6;
6,27;
27,6;
6,28;
28,6;
7,8;
8,7;
7,29;
29,7;
7,30;
30,7;
8,9;
9,8;
8,31;
31,8;
8,32;
32,8;
9,33;
33,9;
9,34;
34,9;
9,35;
35,9;
10,11;
11,10;
11,12;
12,11;
11,13;
13,11;
12,36;
36,12;
12,37;
37,12;
12,38;
38,12;
14,15;
15,14;
15,16;
16,15;
15,17;
17,15;
16,39;
39,16;
16,40;
40,16;
16,41;
41,16;
}
label = {
1,sn;
2,c;
3,c;
4,c;
5,c;
6,c;
7,c;
8,c;
9,c;
10,o;
11,c;
12,c;
13,o;
14,o;
15,c;
16,c;
17,o;
18,h;
19,h;
20,h;
21,h;
22,h;
23,h;
24,h;
25,h;
26,h;
27,h;
28,h;
29,h;
30,h;
31,h;
32,h;
33,h;
34,h;
35,h;
36,h;
37,h;
38,h;
39,h;
40,h;
41,h;
}