edge = {
1,2;
2,1;
1,11;
11,1;
1,20;
20,1;
1,21;
21,1;
2,3;
3,2;
2,7;
7,2;
3,4;
4,3;
3,22;
22,3;
4,5;
5,4;
4,23;
23,4;
5,6;
6,5;
5,8;
8,5;
6,7;
7,6;
6,24;
24,6;
7,25;
25,7;
8,9;
9,8;
8,10;
10,8;
9,26;
26,9;
9,27;
27,9;
9,28;
28,9;
10,29;
29,10;
10,30;
30,10;
10,31;
31,10;
11,12;
12,11;
11,16;
16,11;
12,13;
13,12;
12,32;
32,12;
13,14;
14,13;
13,33;
33,13;
14,15;
15,14;
14,17;
17,14;
15,16;
16,15;
15,34;
34,15;
16,35;
35,16;
17,18;
18,17;
17,19;
19,17;
18,36;
36,18;
18,37;
37,18;
18,38;
38,18;
19,39;
39,19;
19,40;
40,19;
19,41;
41,19;
}
label = {
1,c;
2,c;
3,c;
4,c;
5,c;
6,c;
7,c;
8,n;
9,c;
10,c;
11,c;
12,c;
13,c;
14,c;
15,c;
16,c;
17,n;
18,c;
19,c;
20,h;
21,h;
22,h;
23,h;
24,h;
25,h;
26,h;
27,h;
28,h;
29,h;
30,h;
31,h;
32,h;
33,h;
34,h;
35,h;
36,h;
37,h;
38,h;
39,h;
40,h;
41,h;
}