edge = {
1,2;
2,1;
1,19;
19,1;
1,20;
20,1;
1,21;
21,1;
2,3;
3,2;
2,22;
22,2;
2,23;
23,2;
3,4;
4,3;
3,6;
6,3;
4,5;
5,4;
4,24;
24,4;
4,25;
25,4;
5,26;
26,5;
5,27;
27,5;
5,28;
28,5;
6,7;
7,6;
6,8;
8,6;
8,9;
9,8;
8,10;
10,8;
10,11;
11,10;
10,12;
12,10;
11,29;
29,11;
11,30;
30,11;
11,31;
31,11;
12,13;
13,12;
13,14;
14,13;
13,15;
15,13;
13,17;
17,13;
15,16;
16,15;
16,32;
32,16;
16,33;
33,16;
16,34;
34,16;
17,18;
18,17;
18,35;
35,18;
18,36;
36,18;
18,37;
37,18;
}
label = {
1,c;
2,c;
3,n;
4,c;
5,c;
6,c;
7,o;
8,c;
9,cl;
10,c;
11,c;
12,o;
13,p;
14,o;
15,o;
16,c;
17,o;
18,c;
19,h;
20,h;
21,h;
22,h;
23,h;
24,h;
25,h;
26,h;
27,h;
28,h;
29,h;
30,h;
31,h;
32,h;
33,h;
34,h;
35,h;
36,h;
37,h;
}