edge = {
1,2;
2,1;
1,8;
8,1;
1,11;
11,1;
2,3;
3,2;
2,45;
45,2;
3,4;
4,3;
3,6;
6,3;
4,5;
5,4;
5,46;
46,5;
5,47;
47,5;
5,48;
48,5;
6,7;
7,6;
6,49;
49,6;
7,8;
8,7;
7,50;
50,7;
8,9;
9,8;
9,10;
10,9;
9,19;
19,9;
10,11;
11,10;
10,12;
12,10;
11,51;
51,11;
12,13;
13,12;
12,17;
17,12;
12,52;
52,12;
13,14;
14,13;
13,53;
53,13;
13,54;
54,13;
14,15;
15,14;
14,40;
40,14;
14,55;
55,14;
15,16;
16,15;
15,20;
20,15;
15,56;
56,15;
16,17;
17,16;
16,57;
57,16;
16,58;
58,16;
17,18;
18,17;
17,59;
59,17;
18,19;
19,18;
18,60;
60,18;
18,61;
61,18;
19,62;
62,19;
19,63;
63,19;
20,21;
21,20;
20,64;
64,20;
20,65;
65,20;
21,22;
22,21;
21,37;
37,21;
21,66;
66,21;
22,23;
23,22;
23,24;
24,23;
23,25;
25,23;
25,26;
26,25;
25,36;
36,25;
26,27;
27,26;
26,67;
67,26;
27,28;
28,27;
27,30;
30,27;
28,29;
29,28;
29,68;
68,29;
29,69;
69,29;
29,70;
70,29;
30,31;
31,30;
30,33;
33,30;
31,32;
32,31;
32,71;
71,32;
32,72;
72,32;
32,73;
73,32;
33,34;
34,33;
33,36;
36,33;
34,35;
35,34;
35,74;
74,35;
35,75;
75,35;
35,76;
76,35;
36,77;
77,36;
37,38;
38,37;
37,40;
40,37;
37,78;
78,37;
38,39;
39,38;
39,79;
79,39;
39,80;
80,39;
39,81;
81,39;
40,41;
41,40;
40,82;
82,40;
41,42;
42,41;
41,43;
43,41;
43,44;
44,43;
44,83;
83,44;
44,84;
84,44;
44,85;
85,44;
}
label = {
1,c;
2,c;
3,c;
4,o;
5,c;
6,c;
7,c;
8,c;
9,c;
10,c;
11,n;
12,c;
13,c;
14,c;
15,c;
16,c;
17,n;
18,c;
19,c;
20,c;
21,c;
22,o;
23,c;
24,o;
25,c;
26,c;
27,c;
28,o;
29,c;
30,c;
31,o;
32,c;
33,c;
34,o;
35,c;
36,c;
37,c;
38,o;
39,c;
40,c;
41,c;
42,o;
43,o;
44,c;
45,h;
46,h;
47,h;
48,h;
49,h;
50,h;
51,h;
52,h;
53,h;
54,h;
55,h;
56,h;
57,h;
58,h;
59,h;
60,h;
61,h;
62,h;
63,h;
64,h;
65,h;
66,h;
67,h;
68,h;
69,h;
70,h;
71,h;
72,h;
73,h;
74,h;
75,h;
76,h;
77,h;
78,h;
79,h;
80,h;
81,h;
82,h;
83,h;
84,h;
85,h;
}