edge = {
1,2;
2,1;
2,3;
3,2;
2,14;
14,2;
3,4;
4,3;
3,17;
17,3;
4,5;
5,4;
4,9;
9,4;
5,6;
6,5;
5,18;
18,5;
6,7;
7,6;
6,19;
19,6;
7,8;
8,7;
7,20;
20,7;
8,9;
9,8;
8,10;
10,8;
9,21;
21,9;
10,11;
11,10;
10,12;
12,10;
10,13;
13,10;
14,15;
15,14;
14,16;
16,14;
15,22;
22,15;
15,23;
23,15;
15,24;
24,15;
16,25;
25,16;
16,26;
26,16;
16,27;
27,16;
}
label = {
1,o;
2,c;
3,n;
4,c;
5,c;
6,c;
7,c;
8,c;
9,c;
10,c;
11,f;
12,f;
13,f;
14,n;
15,c;
16,c;
17,h;
18,h;
19,h;
20,h;
21,h;
22,h;
23,h;
24,h;
25,h;
26,h;
27,h;
}