edge = {
1,2;
2,1;
1,6;
6,1;
1,20;
20,1;
2,3;
3,2;
2,21;
21,2;
3,4;
4,3;
3,22;
22,3;
4,5;
5,4;
4,23;
23,4;
5,6;
6,5;
5,7;
7,5;
6,24;
24,6;
7,8;
8,7;
7,25;
25,7;
8,9;
9,8;
8,26;
26,8;
9,10;
10,9;
9,27;
27,9;
9,28;
28,9;
10,11;
11,10;
11,12;
12,11;
11,13;
13,11;
13,14;
14,13;
13,18;
18,13;
14,15;
15,14;
14,29;
29,14;
15,16;
16,15;
15,30;
30,15;
16,17;
17,16;
16,31;
31,16;
17,18;
18,17;
17,32;
32,17;
18,19;
19,18;
19,33;
33,19;
19,34;
34,19;
}
label = {
1,c;
2,c;
3,c;
4,c;
5,c;
6,c;
7,c;
8,c;
9,c;
10,o;
11,c;
12,o;
13,c;
14,c;
15,c;
16,c;
17,c;
18,c;
19,n;
20,h;
21,h;
22,h;
23,h;
24,h;
25,h;
26,h;
27,h;
28,h;
29,h;
30,h;
31,h;
32,h;
33,h;
34,h;
}