edge = {
1,2;
2,1;
1,6;
6,1;
1,17;
17,1;
2,3;
3,2;
2,18;
18,2;
3,4;
4,3;
3,19;
19,3;
4,5;
5,4;
4,20;
20,4;
5,6;
6,5;
5,7;
7,5;
6,21;
21,6;
7,8;
8,7;
7,9;
9,7;
7,22;
22,7;
8,23;
23,8;
9,10;
10,9;
9,11;
11,9;
11,12;
12,11;
11,16;
16,11;
12,13;
13,12;
12,24;
24,12;
13,14;
14,13;
13,25;
25,13;
14,15;
15,14;
14,26;
26,14;
15,16;
16,15;
15,27;
27,15;
16,28;
28,16;
}
label = {
1,c;
2,c;
3,c;
4,c;
5,c;
6,c;
7,c;
8,o;
9,c;
10,o;
11,c;
12,c;
13,c;
14,c;
15,c;
16,c;
17,h;
18,h;
19,h;
20,h;
21,h;
22,h;
23,h;
24,h;
25,h;
26,h;
27,h;
28,h;
}