edge = {
1,2;
2,1;
1,19;
19,1;
2,3;
3,2;
3,4;
4,3;
3,13;
13,3;
4,5;
5,4;
4,6;
6,4;
5,30;
30,5;
6,7;
7,6;
6,31;
31,6;
7,8;
8,7;
7,32;
32,7;
8,9;
9,8;
8,13;
13,8;
9,10;
10,9;
9,33;
33,9;
10,11;
11,10;
10,14;
14,10;
11,12;
12,11;
11,34;
34,11;
12,13;
13,12;
12,35;
35,12;
14,15;
15,14;
14,16;
16,14;
14,17;
17,14;
17,18;
18,17;
19,20;
20,19;
19,24;
24,19;
20,21;
21,20;
20,36;
36,20;
21,22;
22,21;
21,37;
37,21;
22,23;
23,22;
22,25;
25,22;
23,24;
24,23;
23,38;
38,23;
24,39;
39,24;
25,26;
26,25;
25,27;
27,25;
25,28;
28,25;
28,29;
29,28;
}
label = {
1,n;
2,n;
3,c;
4,c;
5,o;
6,c;
7,c;
8,c;
9,c;
10,c;
11,c;
12,c;
13,c;
14,s;
15,o;
16,o;
17,o;
18,na;
19,c;
20,c;
21,c;
22,c;
23,c;
24,c;
25,s;
26,o;
27,o;
28,o;
29,na;
30,h;
31,h;
32,h;
33,h;
34,h;
35,h;
36,h;
37,h;
38,h;
39,h;
}