edge = {
1,2;
2,1;
1,6;
6,1;
1,30;
30,1;
2,3;
3,2;
2,31;
31,2;
3,4;
4,3;
3,32;
32,3;
4,5;
5,4;
4,33;
33,4;
5,6;
6,5;
5,7;
7,5;
6,34;
34,6;
7,8;
8,7;
8,9;
9,8;
9,10;
10,9;
9,19;
19,9;
10,11;
11,10;
10,12;
12,10;
11,35;
35,11;
12,13;
13,12;
12,36;
36,12;
13,14;
14,13;
13,37;
37,13;
14,15;
15,14;
14,19;
19,14;
15,16;
16,15;
15,38;
38,15;
16,17;
17,16;
16,25;
25,16;
17,18;
18,17;
17,39;
39,17;
18,19;
19,18;
18,20;
20,18;
20,21;
21,20;
20,22;
22,20;
20,23;
23,20;
23,24;
24,23;
25,26;
26,25;
25,27;
27,25;
25,28;
28,25;
28,29;
29,28;
}
label = {
1,c;
2,c;
3,c;
4,c;
5,c;
6,c;
7,n;
8,n;
9,c;
10,c;
11,o;
12,c;
13,c;
14,c;
15,c;
16,c;
17,c;
18,c;
19,c;
20,s;
21,o;
22,o;
23,o;
24,na;
25,s;
26,o;
27,o;
28,o;
29,na;
30,h;
31,h;
32,h;
33,h;
34,h;
35,h;
36,h;
37,h;
38,h;
39,h;
}