edge = {
1,2;
2,1;
1,10;
10,1;
2,3;
3,2;
2,27;
27,2;
2,28;
28,2;
3,4;
4,3;
3,6;
6,3;
3,29;
29,3;
4,5;
5,4;
4,30;
30,4;
4,31;
31,4;
5,32;
32,5;
5,33;
33,5;
5,34;
34,5;
6,7;
7,6;
6,35;
35,6;
6,36;
36,6;
7,8;
8,7;
7,37;
37,7;
7,38;
38,7;
8,9;
9,8;
8,39;
39,8;
8,40;
40,8;
9,41;
41,9;
9,42;
42,9;
9,43;
43,9;
10,11;
11,10;
10,12;
12,10;
12,13;
13,12;
12,44;
44,12;
12,45;
45,12;
13,14;
14,13;
13,46;
46,13;
13,47;
47,13;
14,15;
15,14;
14,48;
48,14;
14,49;
49,14;
15,16;
16,15;
15,50;
50,15;
15,51;
51,15;
16,17;
17,16;
16,18;
18,16;
18,19;
19,18;
19,20;
20,19;
19,52;
52,19;
19,53;
53,19;
20,21;
21,20;
20,23;
23,20;
20,54;
54,20;
21,22;
22,21;
21,55;
55,21;
21,56;
56,21;
22,57;
57,22;
22,58;
58,22;
22,59;
59,22;
23,24;
24,23;
23,60;
60,23;
23,61;
61,23;
24,25;
25,24;
24,62;
62,24;
24,63;
63,24;
25,26;
26,25;
25,64;
64,25;
25,65;
65,25;
26,66;
66,26;
26,67;
67,26;
26,68;
68,26;
}
label = {
1,o;
2,c;
3,c;
4,c;
5,c;
6,c;
7,c;
8,c;
9,c;
10,c;
11,o;
12,c;
13,c;
14,c;
15,c;
16,c;
17,o;
18,o;
19,c;
20,c;
21,c;
22,c;
23,c;
24,c;
25,c;
26,c;
27,h;
28,h;
29,h;
30,h;
31,h;
32,h;
33,h;
34,h;
35,h;
36,h;
37,h;
38,h;
39,h;
40,h;
41,h;
42,h;
43,h;
44,h;
45,h;
46,h;
47,h;
48,h;
49,h;
50,h;
51,h;
52,h;
53,h;
54,h;
55,h;
56,h;
57,h;
58,h;
59,h;
60,h;
61,h;
62,h;
63,h;
64,h;
65,h;
66,h;
67,h;
68,h;
}