edge = {
1,2;
2,1;
1,14;
14,1;
2,3;
3,2;
2,18;
18,2;
2,19;
19,2;
3,4;
4,3;
3,20;
20,3;
3,21;
21,3;
4,5;
5,4;
4,22;
22,4;
4,23;
23,4;
5,6;
6,5;
5,24;
24,5;
5,25;
25,5;
6,7;
7,6;
6,26;
26,6;
6,27;
27,6;
7,8;
8,7;
7,28;
28,7;
7,29;
29,7;
8,9;
9,8;
8,30;
30,8;
8,31;
31,8;
9,10;
10,9;
10,11;
11,10;
10,12;
12,10;
10,13;
13,10;
11,32;
32,11;
11,33;
33,11;
11,34;
34,11;
14,15;
15,14;
14,16;
16,14;
14,17;
17,14;
15,35;
35,15;
15,36;
36,15;
15,37;
37,15;
}
label = {
1,o;
2,c;
3,c;
4,c;
5,n;
6,c;
7,c;
8,c;
9,o;
10,s;
11,c;
12,o;
13,o;
14,s;
15,c;
16,o;
17,o;
18,h;
19,h;
20,h;
21,h;
22,h;
23,h;
24,h;
25,h;
26,h;
27,h;
28,h;
29,h;
30,h;
31,h;
32,h;
33,h;
34,h;
35,h;
36,h;
37,h;
}