edge = {
1,2;
2,1;
1,7;
7,1;
1,8;
8,1;
2,3;
3,2;
2,18;
18,2;
3,4;
4,3;
3,19;
19,3;
4,5;
5,4;
4,6;
6,4;
5,20;
20,5;
6,7;
7,6;
6,21;
21,6;
7,22;
22,7;
8,9;
9,8;
8,10;
10,8;
8,11;
11,8;
9,23;
23,9;
9,24;
24,9;
9,25;
25,9;
10,26;
26,10;
10,27;
27,10;
10,28;
28,10;
11,12;
12,11;
11,17;
17,11;
12,13;
13,12;
12,29;
29,12;
13,14;
14,13;
13,30;
30,13;
14,15;
15,14;
14,16;
16,14;
15,31;
31,15;
16,17;
17,16;
16,32;
32,16;
17,33;
33,17;
}
label = {
1,c;
2,c;
3,c;
4,c;
5,o;
6,c;
7,c;
8,c;
9,c;
10,c;
11,c;
12,c;
13,c;
14,c;
15,o;
16,c;
17,c;
18,h;
19,h;
20,h;
21,h;
22,h;
23,h;
24,h;
25,h;
26,h;
27,h;
28,h;
29,h;
30,h;
31,h;
32,h;
33,h;
}