edge = {
1,2;
2,1;
1,10;
10,1;
1,15;
15,1;
1,16;
16,1;
2,3;
3,2;
2,17;
17,2;
2,18;
18,2;
3,4;
4,3;
3,19;
19,3;
3,20;
20,3;
4,5;
5,4;
4,21;
21,4;
4,22;
22,4;
5,6;
6,5;
5,23;
23,5;
5,24;
24,5;
6,7;
7,6;
6,25;
25,6;
6,26;
26,6;
7,8;
8,7;
7,27;
27,7;
7,28;
28,7;
8,9;
9,8;
8,29;
29,8;
8,30;
30,8;
9,31;
31,9;
9,32;
32,9;
9,33;
33,9;
10,11;
11,10;
10,34;
34,10;
10,35;
35,10;
11,12;
12,11;
11,36;
36,11;
11,37;
37,11;
12,13;
13,12;
12,14;
14,12;
}
label = {
1,c;
2,c;
3,c;
4,c;
5,c;
6,c;
7,c;
8,c;
9,n;
10,c;
11,c;
12,c;
13,o;
14,o;
15,h;
16,h;
17,h;
18,h;
19,h;
20,h;
21,h;
22,h;
23,h;
24,h;
25,h;
26,h;
27,h;
28,h;
29,h;
30,h;
31,h;
32,h;
33,h;
34,h;
35,h;
36,h;
37,h;
}