edge = {
1,2;
2,1;
1,17;
17,1;
1,29;
29,1;
2,3;
3,2;
2,30;
30,2;
3,4;
4,3;
3,31;
31,3;
4,5;
5,4;
4,16;
16,4;
5,6;
6,5;
5,7;
7,5;
7,8;
8,7;
8,9;
9,8;
8,32;
32,8;
8,33;
33,8;
9,10;
10,9;
9,12;
12,9;
9,34;
34,9;
10,11;
11,10;
10,35;
35,10;
10,36;
36,10;
11,37;
37,11;
11,38;
38,11;
11,39;
39,11;
12,13;
13,12;
12,40;
40,12;
12,41;
41,12;
13,14;
14,13;
13,42;
42,13;
13,43;
43,13;
14,15;
15,14;
14,44;
44,14;
14,45;
45,14;
15,46;
46,15;
15,47;
47,15;
15,48;
48,15;
16,17;
17,16;
16,18;
18,16;
17,49;
49,17;
18,19;
19,18;
18,20;
20,18;
20,21;
21,20;
21,22;
22,21;
21,50;
50,21;
21,51;
51,21;
22,23;
23,22;
22,25;
25,22;
22,52;
52,22;
23,24;
24,23;
23,53;
53,23;
23,54;
54,23;
24,55;
55,24;
24,56;
56,24;
24,57;
57,24;
25,26;
26,25;
25,58;
58,25;
25,59;
59,25;
26,27;
27,26;
26,60;
60,26;
26,61;
61,26;
27,28;
28,27;
27,62;
62,27;
27,63;
63,27;
28,64;
64,28;
28,65;
65,28;
28,66;
66,28;
}
label = {
1,c;
2,c;
3,c;
4,c;
5,c;
6,o;
7,o;
8,c;
9,c;
10,c;
11,c;
12,c;
13,c;
14,c;
15,c;
16,c;
17,c;
18,c;
19,o;
20,o;
21,c;
22,c;
23,c;
24,c;
25,c;
26,c;
27,c;
28,c;
29,h;
30,h;
31,h;
32,h;
33,h;
34,h;
35,h;
36,h;
37,h;
38,h;
39,h;
40,h;
41,h;
42,h;
43,h;
44,h;
45,h;
46,h;
47,h;
48,h;
49,h;
50,h;
51,h;
52,h;
53,h;
54,h;
55,h;
56,h;
57,h;
58,h;
59,h;
60,h;
61,h;
62,h;
63,h;
64,h;
65,h;
66,h;
}