edge = {
1,2;
2,1;
1,28;
28,1;
1,29;
29,1;
2,3;
3,2;
2,34;
34,2;
3,4;
4,3;
3,35;
35,3;
4,5;
5,4;
4,23;
23,4;
5,6;
6,5;
6,7;
7,6;
7,8;
8,7;
7,16;
16,7;
8,9;
9,8;
8,36;
36,8;
9,10;
10,9;
9,18;
18,9;
10,11;
11,10;
10,15;
15,10;
11,12;
12,11;
11,37;
37,11;
12,13;
13,12;
12,38;
38,12;
13,14;
14,13;
13,39;
39,13;
14,15;
15,14;
14,40;
40,14;
15,16;
16,15;
16,17;
17,16;
17,41;
41,17;
18,19;
19,18;
18,20;
20,18;
18,21;
21,18;
21,22;
22,21;
23,24;
24,23;
23,28;
28,23;
24,25;
25,24;
24,42;
42,24;
25,26;
26,25;
25,43;
43,25;
26,27;
27,26;
26,44;
44,26;
27,28;
28,27;
27,45;
45,27;
29,30;
30,29;
29,31;
31,29;
29,32;
32,29;
32,33;
33,32;
}
label = {
1,c;
2,c;
3,c;
4,c;
5,n;
6,n;
7,c;
8,c;
9,c;
10,c;
11,c;
12,c;
13,c;
14,c;
15,c;
16,c;
17,o;
18,s;
19,o;
20,o;
21,o;
22,na;
23,c;
24,c;
25,c;
26,c;
27,c;
28,c;
29,s;
30,o;
31,o;
32,o;
33,na;
34,h;
35,h;
36,h;
37,h;
38,h;
39,h;
40,h;
41,h;
42,h;
43,h;
44,h;
45,h;
}