edge = {
1,2;
2,1;
1,6;
6,1;
1,21;
21,1;
2,3;
3,2;
2,22;
22,2;
3,4;
4,3;
3,11;
11,3;
4,5;
5,4;
4,23;
23,4;
5,6;
6,5;
5,24;
24,5;
6,7;
7,6;
7,8;
8,7;
7,25;
25,7;
8,9;
9,8;
8,10;
10,8;
9,26;
26,9;
9,27;
27,9;
9,28;
28,9;
11,12;
12,11;
12,13;
13,12;
13,14;
14,13;
13,19;
19,13;
14,15;
15,14;
14,29;
29,14;
15,16;
16,15;
15,17;
17,15;
16,30;
30,16;
16,31;
31,16;
16,32;
32,16;
17,18;
18,17;
17,33;
33,17;
18,19;
19,18;
18,34;
34,18;
19,20;
20,19;
20,35;
35,20;
}
label = {
1,c;
2,c;
3,c;
4,c;
5,c;
6,c;
7,n;
8,c;
9,c;
10,o;
11,n;
12,n;
13,c;
14,c;
15,c;
16,c;
17,c;
18,c;
19,c;
20,o;
21,h;
22,h;
23,h;
24,h;
25,h;
26,h;
27,h;
28,h;
29,h;
30,h;
31,h;
32,h;
33,h;
34,h;
35,h;
}