edge = {
1,2;
2,1;
1,10;
10,1;
1,52;
52,1;
2,3;
3,2;
2,53;
53,2;
3,4;
4,3;
3,8;
8,3;
4,5;
5,4;
4,54;
54,4;
5,6;
6,5;
5,55;
55,5;
6,7;
7,6;
6,56;
56,6;
7,8;
8,7;
7,57;
57,7;
8,9;
9,8;
9,10;
10,9;
9,12;
12,9;
10,11;
11,10;
11,58;
58,11;
12,13;
13,12;
13,14;
14,13;
14,15;
15,14;
14,21;
21,14;
15,16;
16,15;
15,59;
59,15;
16,17;
17,16;
16,18;
18,16;
17,60;
60,17;
17,61;
61,17;
17,62;
62,17;
18,19;
19,18;
18,20;
20,18;
20,21;
21,20;
20,63;
63,20;
21,22;
22,21;
22,23;
23,22;
22,24;
24,22;
22,25;
25,22;
25,26;
26,25;
26,27;
27,26;
27,28;
28,27;
28,29;
29,28;
28,30;
30,28;
28,31;
31,28;
31,32;
32,31;
31,38;
38,31;
32,33;
33,32;
32,64;
64,32;
33,34;
34,33;
33,35;
35,33;
35,36;
36,35;
35,37;
37,35;
36,65;
65,36;
36,66;
66,36;
36,67;
67,36;
37,38;
38,37;
37,68;
68,37;
38,39;
39,38;
39,40;
40,39;
40,41;
41,40;
41,42;
42,41;
41,51;
51,41;
42,43;
43,42;
42,44;
44,42;
43,69;
69,43;
44,45;
45,44;
44,70;
70,44;
45,46;
46,45;
45,71;
71,45;
46,47;
47,46;
46,51;
51,46;
47,48;
48,47;
47,72;
72,47;
48,49;
49,48;
48,73;
73,48;
49,50;
50,49;
49,74;
74,49;
50,51;
51,50;
50,75;
75,50;
}
label = {
1,c;
2,c;
3,c;
4,c;
5,c;
6,c;
7,c;
8,c;
9,c;
10,c;
11,o;
12,n;
13,n;
14,c;
15,c;
16,c;
17,c;
18,c;
19,cl;
20,c;
21,c;
22,s;
23,o;
24,o;
25,o;
26,ba;
27,o;
28,s;
29,o;
30,o;
31,c;
32,c;
33,c;
34,cl;
35,c;
36,c;
37,c;
38,c;
39,n;
40,n;
41,c;
42,c;
43,o;
44,c;
45,c;
46,c;
47,c;
48,c;
49,c;
50,c;
51,c;
52,h;
53,h;
54,h;
55,h;
56,h;
57,h;
58,h;
59,h;
60,h;
61,h;
62,h;
63,h;
64,h;
65,h;
66,h;
67,h;
68,h;
69,h;
70,h;
71,h;
72,h;
73,h;
74,h;
75,h;
}