edge = {
1,2;
2,1;
1,3;
3,1;
1,7;
7,1;
3,4;
4,3;
3,17;
17,3;
4,5;
5,4;
4,6;
6,4;
4,18;
18,4;
5,19;
19,5;
5,20;
20,5;
5,21;
21,5;
6,22;
22,6;
6,23;
23,6;
6,24;
24,6;
7,8;
8,7;
7,16;
16,7;
8,9;
9,8;
8,25;
25,8;
9,10;
10,9;
9,26;
26,9;
10,11;
11,10;
10,15;
15,10;
11,12;
12,11;
11,27;
27,11;
11,28;
28,11;
12,13;
13,12;
12,29;
29,12;
13,14;
14,13;
13,30;
30,13;
14,31;
31,14;
14,32;
32,14;
14,33;
33,14;
15,16;
16,15;
15,34;
34,15;
16,35;
35,16;
}
label = {
1,c;
2,o;
3,n;
4,c;
5,c;
6,c;
7,c;
8,c;
9,c;
10,c;
11,c;
12,n;
13,n;
14,c;
15,c;
16,c;
17,h;
18,h;
19,h;
20,h;
21,h;
22,h;
23,h;
24,h;
25,h;
26,h;
27,h;
28,h;
29,h;
30,h;
31,h;
32,h;
33,h;
34,h;
35,h;
}