edge = {
1,2;
2,1;
1,22;
22,1;
1,24;
24,1;
2,3;
3,2;
2,4;
4,2;
3,25;
25,3;
4,5;
5,4;
4,26;
26,4;
5,6;
6,5;
5,21;
21,5;
6,7;
7,6;
6,27;
27,6;
7,8;
8,7;
7,28;
28,7;
8,9;
9,8;
8,29;
29,8;
8,30;
30,8;
9,10;
10,9;
9,31;
31,9;
9,32;
32,9;
10,11;
11,10;
10,33;
33,10;
10,34;
34,10;
11,12;
12,11;
11,13;
13,11;
13,14;
14,13;
13,35;
35,13;
13,36;
36,13;
14,15;
15,14;
14,37;
37,14;
14,38;
38,14;
15,16;
16,15;
15,39;
39,15;
15,40;
40,15;
16,17;
17,16;
16,18;
18,16;
16,41;
41,16;
17,42;
42,17;
17,43;
43,17;
17,44;
44,17;
18,19;
19,18;
19,20;
20,19;
19,21;
21,19;
21,22;
22,21;
22,23;
23,22;
23,45;
45,23;
}
label = {
1,c;
2,c;
3,o;
4,c;
5,c;
6,c;
7,c;
8,c;
9,c;
10,c;
11,c;
12,o;
13,c;
14,c;
15,c;
16,c;
17,c;
18,o;
19,c;
20,o;
21,c;
22,c;
23,o;
24,h;
25,h;
26,h;
27,h;
28,h;
29,h;
30,h;
31,h;
32,h;
33,h;
34,h;
35,h;
36,h;
37,h;
38,h;
39,h;
40,h;
41,h;
42,h;
43,h;
44,h;
45,h;
}