edge = {
1,2;
2,1;
1,3;
3,1;
1,8;
8,1;
2,16;
16,2;
3,4;
4,3;
3,17;
17,3;
4,5;
5,4;
4,10;
10,4;
5,6;
6,5;
5,18;
18,5;
6,7;
7,6;
6,8;
8,6;
7,19;
19,7;
8,9;
9,8;
9,20;
20,9;
10,11;
11,10;
10,12;
12,10;
12,13;
13,12;
13,14;
14,13;
13,21;
21,13;
13,22;
22,13;
14,15;
15,14;
14,23;
23,14;
14,24;
24,14;
15,25;
25,15;
15,26;
26,15;
15,27;
27,15;
}
label = {
1,c;
2,o;
3,c;
4,c;
5,c;
6,c;
7,o;
8,c;
9,o;
10,c;
11,o;
12,o;
13,c;
14,c;
15,c;
16,h;
17,h;
18,h;
19,h;
20,h;
21,h;
22,h;
23,h;
24,h;
25,h;
26,h;
27,h;
}