edge = {
1,2;
2,1;
1,3;
3,1;
1,4;
4,1;
1,11;
11,1;
4,5;
5,4;
4,10;
10,4;
5,6;
6,5;
5,18;
18,5;
6,7;
7,6;
6,19;
19,6;
7,8;
8,7;
7,9;
9,7;
8,26;
26,8;
8,27;
27,8;
9,10;
10,9;
9,20;
20,9;
10,21;
21,10;
11,12;
12,11;
11,17;
17,11;
12,13;
13,12;
12,22;
22,12;
13,14;
14,13;
13,23;
23,13;
14,15;
15,14;
14,16;
16,14;
15,28;
28,15;
15,29;
29,15;
16,17;
17,16;
16,24;
24,16;
17,25;
25,17;
}
label = {
1,s;
2,o;
3,o;
4,c;
5,c;
6,c;
7,c;
8,n;
9,c;
10,c;
11,c;
12,c;
13,c;
14,c;
15,n;
16,c;
17,c;
18,h;
19,h;
20,h;
21,h;
22,h;
23,h;
24,h;
25,h;
26,h;
27,h;
28,h;
29,h;
}