edge = {
1,2;
2,1;
1,6;
6,1;
2,3;
3,2;
2,17;
17,2;
2,18;
18,2;
3,4;
4,3;
3,5;
5,3;
3,19;
19,3;
4,5;
5,4;
4,20;
20,4;
4,21;
21,4;
6,7;
7,6;
6,11;
11,6;
7,8;
8,7;
7,22;
22,7;
8,9;
9,8;
8,23;
23,8;
9,10;
10,9;
9,24;
24,9;
10,11;
11,10;
10,12;
12,10;
11,25;
25,11;
12,13;
13,12;
13,14;
14,13;
13,26;
26,13;
13,27;
27,13;
14,15;
15,14;
14,16;
16,14;
14,28;
28,14;
15,16;
16,15;
15,29;
29,15;
15,30;
30,15;
}
label = {
1,o;
2,c;
3,c;
4,c;
5,o;
6,c;
7,c;
8,c;
9,c;
10,c;
11,c;
12,o;
13,c;
14,c;
15,c;
16,o;
17,h;
18,h;
19,h;
20,h;
21,h;
22,h;
23,h;
24,h;
25,h;
26,h;
27,h;
28,h;
29,h;
30,h;
}