edge = {
1,2;
2,1;
1,6;
6,1;
1,16;
16,1;
2,3;
3,2;
2,19;
19,2;
3,4;
4,3;
3,9;
9,3;
4,5;
5,4;
4,20;
20,4;
5,6;
6,5;
5,21;
21,5;
6,7;
7,6;
7,8;
8,7;
7,22;
22,7;
8,23;
23,8;
8,24;
24,8;
8,25;
25,8;
9,10;
10,9;
9,13;
13,9;
10,11;
11,10;
10,26;
26,10;
10,27;
27,10;
11,12;
12,11;
11,28;
28,11;
11,29;
29,11;
12,30;
30,12;
13,14;
14,13;
13,31;
31,13;
13,32;
32,13;
14,15;
15,14;
14,33;
33,14;
14,34;
34,14;
15,35;
35,15;
16,17;
17,16;
16,18;
18,16;
}
label = {
1,c;
2,c;
3,c;
4,c;
5,c;
6,c;
7,n;
8,c;
9,n;
10,c;
11,c;
12,o;
13,c;
14,c;
15,o;
16,n;
17,o;
18,o;
19,h;
20,h;
21,h;
22,h;
23,h;
24,h;
25,h;
26,h;
27,h;
28,h;
29,h;
30,h;
31,h;
32,h;
33,h;
34,h;
35,h;
}