edge = {
1,2;
2,1;
1,3;
3,1;
1,12;
12,1;
1,21;
21,1;
3,4;
4,3;
4,5;
5,4;
4,30;
30,4;
4,31;
31,4;
5,6;
6,5;
5,8;
8,5;
5,32;
32,5;
6,7;
7,6;
6,33;
33,6;
6,34;
34,6;
7,35;
35,7;
7,36;
36,7;
7,37;
37,7;
8,9;
9,8;
8,38;
38,8;
8,39;
39,8;
9,10;
10,9;
9,40;
40,9;
9,41;
41,9;
10,11;
11,10;
10,42;
42,10;
10,43;
43,10;
11,44;
44,11;
11,45;
45,11;
11,46;
46,11;
12,13;
13,12;
13,14;
14,13;
13,47;
47,13;
13,48;
48,13;
14,15;
15,14;
14,17;
17,14;
14,49;
49,14;
15,16;
16,15;
15,50;
50,15;
15,51;
51,15;
16,52;
52,16;
16,53;
53,16;
16,54;
54,16;
17,18;
18,17;
17,55;
55,17;
17,56;
56,17;
18,19;
19,18;
18,57;
57,18;
18,58;
58,18;
19,20;
20,19;
19,59;
59,19;
19,60;
60,19;
20,61;
61,20;
20,62;
62,20;
20,63;
63,20;
21,22;
22,21;
22,23;
23,22;
22,64;
64,22;
22,65;
65,22;
23,24;
24,23;
23,26;
26,23;
23,66;
66,23;
24,25;
25,24;
24,67;
67,24;
24,68;
68,24;
25,69;
69,25;
25,70;
70,25;
25,71;
71,25;
26,27;
27,26;
26,72;
72,26;
26,73;
73,26;
27,28;
28,27;
27,74;
74,27;
27,75;
75,27;
28,29;
29,28;
28,76;
76,28;
28,77;
77,28;
29,78;
78,29;
29,79;
79,29;
29,80;
80,29;
}
label = {
1,p;
2,o;
3,o;
4,c;
5,c;
6,c;
7,c;
8,c;
9,c;
10,c;
11,c;
12,o;
13,c;
14,c;
15,c;
16,c;
17,c;
18,c;
19,c;
20,c;
21,o;
22,c;
23,c;
24,c;
25,c;
26,c;
27,c;
28,c;
29,c;
30,h;
31,h;
32,h;
33,h;
34,h;
35,h;
36,h;
37,h;
38,h;
39,h;
40,h;
41,h;
42,h;
43,h;
44,h;
45,h;
46,h;
47,h;
48,h;
49,h;
50,h;
51,h;
52,h;
53,h;
54,h;
55,h;
56,h;
57,h;
58,h;
59,h;
60,h;
61,h;
62,h;
63,h;
64,h;
65,h;
66,h;
67,h;
68,h;
69,h;
70,h;
71,h;
72,h;
73,h;
74,h;
75,h;
76,h;
77,h;
78,h;
79,h;
80,h;
}