edge = {
1,2;
2,1;
2,3;
3,2;
2,15;
15,2;
3,4;
4,3;
3,5;
5,3;
5,6;
6,5;
5,7;
7,5;
5,17;
17,5;
7,8;
8,7;
7,14;
14,7;
7,20;
20,7;
8,9;
9,8;
8,13;
13,8;
8,21;
21,8;
9,10;
10,9;
9,22;
22,9;
9,23;
23,9;
10,11;
11,10;
10,14;
14,10;
10,24;
24,10;
11,12;
12,11;
11,13;
13,11;
11,25;
25,11;
12,13;
13,12;
13,26;
26,13;
14,15;
15,14;
14,27;
27,14;
15,16;
16,15;
15,17;
17,15;
17,18;
18,17;
17,19;
19,17;
}
label = {
1,cl;
2,c;
3,c;
4,cl;
5,c;
6,cl;
7,c;
8,c;
9,c;
10,c;
11,c;
12,o;
13,c;
14,c;
15,c;
16,cl;
17,c;
18,cl;
19,cl;
20,h;
21,h;
22,h;
23,h;
24,h;
25,h;
26,h;
27,h;
}