edge = {
1,2;
2,1;
1,3;
3,1;
1,7;
7,1;
3,4;
4,3;
4,5;
5,4;
4,19;
19,4;
4,20;
20,4;
5,6;
6,5;
5,21;
21,5;
6,29;
29,6;
6,30;
30,6;
7,8;
8,7;
7,12;
12,7;
8,9;
9,8;
8,22;
22,8;
9,10;
10,9;
9,23;
23,9;
10,11;
11,10;
10,24;
24,10;
11,12;
12,11;
11,25;
25,11;
12,13;
13,12;
13,14;
14,13;
13,15;
15,13;
15,16;
16,15;
16,17;
17,16;
16,26;
26,16;
16,27;
27,16;
17,18;
18,17;
17,28;
28,17;
18,31;
31,18;
18,32;
32,18;
}
label = {
1,c;
2,o;
3,o;
4,c;
5,c;
6,c;
7,c;
8,c;
9,c;
10,c;
11,c;
12,c;
13,c;
14,o;
15,o;
16,c;
17,c;
18,c;
19,h;
20,h;
21,h;
22,h;
23,h;
24,h;
25,h;
26,h;
27,h;
28,h;
29,h;
30,h;
31,h;
32,h;
}