edge = {
1,2;
2,1;
1,9;
9,1;
1,16;
16,1;
2,3;
3,2;
2,8;
8,2;
3,4;
4,3;
3,23;
23,3;
4,5;
5,4;
4,24;
24,4;
5,6;
6,5;
5,7;
7,5;
7,8;
8,7;
7,25;
25,7;
8,26;
26,8;
9,10;
10,9;
9,15;
15,9;
10,11;
11,10;
10,27;
27,10;
11,12;
12,11;
11,28;
28,11;
12,13;
13,12;
12,14;
14,12;
13,35;
35,13;
13,36;
36,13;
14,15;
15,14;
14,29;
29,14;
15,30;
30,15;
16,17;
17,16;
16,22;
22,16;
17,18;
18,17;
17,31;
31,17;
18,19;
19,18;
18,32;
32,18;
19,20;
20,19;
19,21;
21,19;
20,37;
37,20;
20,38;
38,20;
21,22;
22,21;
21,33;
33,21;
22,34;
34,22;
}
label = {
1,c;
2,c;
3,c;
4,c;
5,c;
6,n;
7,c;
8,c;
9,c;
10,c;
11,c;
12,c;
13,n;
14,c;
15,c;
16,c;
17,c;
18,c;
19,c;
20,n;
21,c;
22,c;
23,h;
24,h;
25,h;
26,h;
27,h;
28,h;
29,h;
30,h;
31,h;
32,h;
33,h;
34,h;
35,h;
36,h;
37,h;
38,h;
}