edge = {
1,2;
2,1;
1,10;
10,1;
1,21;
21,1;
2,3;
3,2;
2,22;
22,2;
3,4;
4,3;
3,8;
8,3;
4,5;
5,4;
4,23;
23,4;
5,6;
6,5;
5,24;
24,5;
5,25;
25,5;
6,7;
7,6;
6,26;
26,6;
6,27;
27,6;
7,28;
28,7;
8,9;
9,8;
8,18;
18,8;
9,10;
10,9;
9,29;
29,9;
10,11;
11,10;
11,12;
12,11;
11,15;
15,11;
12,13;
13,12;
12,30;
30,12;
12,31;
31,12;
13,14;
14,13;
13,32;
32,13;
13,33;
33,13;
14,34;
34,14;
15,16;
16,15;
15,35;
35,15;
15,36;
36,15;
16,17;
17,16;
16,37;
37,16;
16,38;
38,16;
17,39;
39,17;
18,19;
19,18;
18,20;
20,18;
}
label = {
1,c;
2,c;
3,c;
4,n;
5,c;
6,c;
7,o;
8,c;
9,c;
10,c;
11,n;
12,c;
13,c;
14,o;
15,c;
16,c;
17,o;
18,n;
19,o;
20,o;
21,h;
22,h;
23,h;
24,h;
25,h;
26,h;
27,h;
28,h;
29,h;
30,h;
31,h;
32,h;
33,h;
34,h;
35,h;
36,h;
37,h;
38,h;
39,h;
}