edge = {
1,2;
2,1;
2,3;
3,2;
2,20;
20,2;
3,4;
4,3;
3,10;
10,3;
4,5;
5,4;
4,6;
6,4;
5,25;
25,5;
5,26;
26,5;
6,7;
7,6;
6,21;
21,6;
7,8;
8,7;
7,22;
22,7;
8,9;
9,8;
8,10;
10,8;
9,27;
27,9;
9,28;
28,9;
10,11;
11,10;
11,12;
12,11;
11,13;
13,11;
13,14;
14,13;
13,20;
20,13;
14,15;
15,14;
14,16;
16,14;
15,29;
29,15;
15,30;
30,15;
16,17;
17,16;
16,23;
23,16;
17,18;
18,17;
17,24;
24,17;
18,19;
19,18;
18,20;
20,18;
19,31;
31,19;
19,32;
32,19;
}
label = {
1,o;
2,c;
3,c;
4,c;
5,n;
6,c;
7,c;
8,c;
9,n;
10,c;
11,c;
12,o;
13,c;
14,c;
15,n;
16,c;
17,c;
18,c;
19,n;
20,c;
21,h;
22,h;
23,h;
24,h;
25,h;
26,h;
27,h;
28,h;
29,h;
30,h;
31,h;
32,h;
}