edge = {
1,2;
2,1;
1,31;
31,1;
1,32;
32,1;
1,33;
33,1;
2,3;
3,2;
2,4;
4,2;
2,34;
34,2;
4,5;
5,4;
4,6;
6,4;
4,35;
35,4;
6,7;
7,6;
6,36;
36,6;
6,37;
37,6;
7,8;
8,7;
7,38;
38,7;
7,39;
39,7;
8,9;
9,8;
8,40;
40,8;
8,41;
41,8;
9,10;
10,9;
9,11;
11,9;
9,42;
42,9;
11,12;
12,11;
11,43;
43,11;
11,44;
44,11;
12,13;
13,12;
12,45;
45,12;
12,46;
46,12;
13,14;
14,13;
13,47;
47,13;
13,48;
48,13;
14,15;
15,14;
14,16;
16,14;
14,49;
49,14;
16,17;
17,16;
16,50;
50,16;
16,51;
51,16;
17,18;
18,17;
17,52;
52,17;
17,53;
53,17;
18,19;
19,18;
18,54;
54,18;
18,55;
55,18;
19,20;
20,19;
19,21;
21,19;
19,56;
56,19;
21,22;
22,21;
21,57;
57,21;
21,58;
58,21;
22,23;
23,22;
22,59;
59,22;
22,60;
60,22;
23,24;
24,23;
23,61;
61,23;
23,62;
62,23;
24,25;
25,24;
24,26;
26,24;
24,63;
63,24;
26,27;
27,26;
26,64;
64,26;
26,65;
65,26;
27,28;
28,27;
27,66;
66,27;
27,67;
67,27;
28,29;
29,28;
28,68;
68,28;
28,69;
69,28;
29,30;
30,29;
29,70;
70,29;
29,71;
71,29;
}
label = {
1,c;
2,c;
3,cl;
4,c;
5,cl;
6,c;
7,c;
8,c;
9,c;
10,cl;
11,c;
12,c;
13,c;
14,c;
15,cl;
16,c;
17,c;
18,c;
19,c;
20,cl;
21,c;
22,c;
23,c;
24,c;
25,cl;
26,c;
27,c;
28,c;
29,c;
30,cl;
31,h;
32,h;
33,h;
34,h;
35,h;
36,h;
37,h;
38,h;
39,h;
40,h;
41,h;
42,h;
43,h;
44,h;
45,h;
46,h;
47,h;
48,h;
49,h;
50,h;
51,h;
52,h;
53,h;
54,h;
55,h;
56,h;
57,h;
58,h;
59,h;
60,h;
61,h;
62,h;
63,h;
64,h;
65,h;
66,h;
67,h;
68,h;
69,h;
70,h;
71,h;
}