edge = {
1,2;
2,1;
1,6;
6,1;
1,13;
13,1;
2,3;
3,2;
2,14;
14,2;
3,4;
4,3;
3,15;
15,3;
4,5;
5,4;
4,16;
16,4;
5,6;
6,5;
5,17;
17,5;
6,7;
7,6;
7,8;
8,7;
7,9;
9,7;
7,18;
18,7;
8,19;
19,8;
9,10;
10,9;
9,11;
11,9;
9,20;
20,9;
10,21;
21,10;
10,22;
22,10;
10,23;
23,10;
11,12;
12,11;
11,24;
24,11;
11,25;
25,11;
12,26;
26,12;
12,27;
27,12;
12,28;
28,12;
}
label = {
1,c;
2,c;
3,c;
4,c;
5,c;
6,c;
7,c;
8,o;
9,c;
10,c;
11,n;
12,c;
13,h;
14,h;
15,h;
16,h;
17,h;
18,h;
19,h;
20,h;
21,h;
22,h;
23,h;
24,h;
25,h;
26,h;
27,h;
28,h;
}