edge = {
1,2;
2,1;
1,3;
3,1;
1,18;
18,1;
1,19;
19,1;
3,4;
4,3;
3,20;
20,3;
3,21;
21,3;
4,5;
5,4;
4,6;
6,4;
4,22;
22,4;
6,7;
7,6;
6,23;
23,6;
6,24;
24,6;
7,8;
8,7;
7,9;
9,7;
7,25;
25,7;
9,10;
10,9;
9,26;
26,9;
9,27;
27,9;
10,11;
11,10;
10,28;
28,10;
10,29;
29,10;
11,12;
12,11;
11,13;
13,11;
11,30;
30,11;
13,14;
14,13;
13,31;
31,13;
13,32;
32,13;
14,15;
15,14;
14,16;
16,14;
14,33;
33,14;
16,17;
17,16;
16,34;
34,16;
16,35;
35,16;
17,36;
36,17;
17,37;
37,17;
17,38;
38,17;
}
label = {
1,c;
2,cl;
3,c;
4,c;
5,cl;
6,c;
7,c;
8,cl;
9,c;
10,c;
11,c;
12,cl;
13,c;
14,c;
15,cl;
16,c;
17,c;
18,h;
19,h;
20,h;
21,h;
22,h;
23,h;
24,h;
25,h;
26,h;
27,h;
28,h;
29,h;
30,h;
31,h;
32,h;
33,h;
34,h;
35,h;
36,h;
37,h;
38,h;
}