edge = {
1,2;
2,1;
1,34;
34,1;
2,3;
3,2;
2,15;
15,2;
2,20;
20,2;
3,4;
4,3;
3,5;
5,3;
5,6;
6,5;
5,9;
9,5;
6,7;
7,6;
6,8;
8,6;
7,57;
57,7;
7,58;
58,7;
9,10;
10,9;
9,11;
11,9;
10,35;
35,10;
11,12;
12,11;
11,15;
15,11;
11,36;
36,11;
12,13;
13,12;
12,14;
14,12;
12,37;
37,12;
13,38;
38,13;
13,39;
39,13;
13,40;
40,13;
14,41;
41,14;
14,42;
42,14;
14,43;
43,14;
15,16;
16,15;
15,44;
44,15;
16,17;
17,16;
16,18;
18,16;
16,45;
45,16;
17,46;
46,17;
18,19;
19,18;
18,31;
31,18;
18,47;
47,18;
19,20;
20,19;
19,22;
22,19;
20,21;
21,20;
21,48;
48,21;
22,23;
23,22;
22,24;
24,22;
24,25;
25,24;
24,30;
30,24;
25,26;
26,25;
25,27;
27,25;
26,49;
49,26;
27,28;
28,27;
27,50;
50,27;
28,29;
29,28;
28,51;
51,28;
29,30;
30,29;
29,52;
52,29;
30,31;
31,30;
31,32;
32,31;
31,33;
33,31;
32,53;
53,32;
32,54;
54,32;
32,55;
55,32;
33,56;
56,33;
}
label = {
1,o;
2,c;
3,c;
4,o;
5,c;
6,c;
7,n;
8,o;
9,c;
10,o;
11,c;
12,n;
13,c;
14,c;
15,c;
16,c;
17,o;
18,c;
19,c;
20,c;
21,o;
22,c;
23,o;
24,c;
25,c;
26,o;
27,c;
28,c;
29,c;
30,c;
31,c;
32,c;
33,o;
34,h;
35,h;
36,h;
37,h;
38,h;
39,h;
40,h;
41,h;
42,h;
43,h;
44,h;
45,h;
46,h;
47,h;
48,h;
49,h;
50,h;
51,h;
52,h;
53,h;
54,h;
55,h;
56,h;
57,h;
58,h;
}