edge = {
1,2;
2,1;
1,6;
6,1;
1,25;
25,1;
2,3;
3,2;
2,26;
26,2;
3,4;
4,3;
3,27;
27,3;
4,5;
5,4;
4,28;
28,4;
5,6;
6,5;
5,7;
7,5;
6,29;
29,6;
7,8;
8,7;
7,9;
9,7;
7,30;
30,7;
8,31;
31,8;
8,32;
32,8;
8,33;
33,8;
9,10;
10,9;
9,11;
11,9;
11,12;
12,11;
11,34;
34,11;
12,13;
13,12;
12,16;
16,12;
12,35;
35,12;
13,14;
14,13;
13,15;
15,13;
15,16;
16,15;
15,21;
21,15;
16,17;
17,16;
16,36;
36,16;
17,18;
18,17;
18,19;
19,18;
18,20;
20,18;
18,21;
21,18;
19,37;
37,19;
19,38;
38,19;
19,39;
39,19;
20,40;
40,20;
20,41;
41,20;
20,42;
42,20;
21,22;
22,21;
21,43;
43,21;
22,23;
23,22;
22,24;
24,22;
}
label = {
1,c;
2,c;
3,c;
4,c;
5,c;
6,c;
7,c;
8,n;
9,c;
10,o;
11,n;
12,c;
13,c;
14,o;
15,n;
16,c;
17,s;
18,c;
19,c;
20,c;
21,c;
22,c;
23,o;
24,o;
25,h;
26,h;
27,h;
28,h;
29,h;
30,h;
31,h;
32,h;
33,h;
34,h;
35,h;
36,h;
37,h;
38,h;
39,h;
40,h;
41,h;
42,h;
43,h;
}