edge = {
1,2;
2,1;
2,3;
3,2;
2,26;
26,2;
3,4;
4,3;
3,11;
11,3;
4,5;
5,4;
4,30;
30,4;
5,6;
6,5;
5,31;
31,5;
6,7;
7,6;
6,10;
10,6;
7,8;
8,7;
8,9;
9,8;
8,27;
27,8;
8,32;
32,8;
9,10;
10,9;
9,33;
33,9;
9,34;
34,9;
10,11;
11,10;
11,12;
12,11;
12,13;
13,12;
13,14;
14,13;
13,26;
26,13;
13,35;
35,13;
14,15;
15,14;
14,36;
36,14;
14,37;
37,14;
15,16;
16,15;
16,17;
17,16;
16,25;
25,16;
17,18;
18,17;
17,38;
38,17;
18,19;
19,18;
18,21;
21,18;
19,20;
20,19;
20,39;
39,20;
20,40;
40,20;
20,41;
41,20;
21,22;
22,21;
21,24;
24,21;
22,23;
23,22;
23,42;
42,23;
23,43;
43,23;
23,44;
44,23;
24,25;
25,24;
24,45;
45,24;
25,26;
26,25;
26,46;
46,26;
27,28;
28,27;
27,29;
29,27;
28,47;
47,28;
28,48;
48,28;
28,49;
49,28;
29,50;
50,29;
29,51;
51,29;
}
label = {
1,o;
2,c;
3,c;
4,c;
5,c;
6,c;
7,o;
8,c;
9,c;
10,c;
11,c;
12,o;
13,c;
14,c;
15,o;
16,c;
17,c;
18,c;
19,o;
20,c;
21,c;
22,o;
23,c;
24,c;
25,c;
26,c;
27,c;
28,c;
29,c;
30,h;
31,h;
32,h;
33,h;
34,h;
35,h;
36,h;
37,h;
38,h;
39,h;
40,h;
41,h;
42,h;
43,h;
44,h;
45,h;
46,h;
47,h;
48,h;
49,h;
50,h;
51,h;
}