edge = {
1,2;
2,1;
1,7;
7,1;
1,15;
15,1;
1,16;
16,1;
2,3;
3,2;
2,17;
17,2;
2,18;
18,2;
3,4;
4,3;
3,19;
19,3;
3,20;
20,3;
4,5;
5,4;
4,21;
21,4;
4,22;
22,4;
5,6;
6,5;
5,23;
23,5;
5,24;
24,5;
6,25;
25,6;
6,26;
26,6;
6,27;
27,6;
7,8;
8,7;
7,13;
13,7;
8,9;
9,8;
8,28;
28,8;
9,10;
10,9;
9,29;
29,9;
10,11;
11,10;
10,12;
12,10;
11,30;
30,11;
12,13;
13,12;
12,31;
31,12;
13,14;
14,13;
14,32;
32,14;
}
label = {
1,c;
2,c;
3,c;
4,c;
5,c;
6,c;
7,c;
8,c;
9,c;
10,c;
11,o;
12,c;
13,c;
14,o;
15,h;
16,h;
17,h;
18,h;
19,h;
20,h;
21,h;
22,h;
23,h;
24,h;
25,h;
26,h;
27,h;
28,h;
29,h;
30,h;
31,h;
32,h;
}