edge = {
1,2;
2,1;
1,8;
8,1;
1,18;
18,1;
2,3;
3,2;
2,7;
7,2;
3,4;
4,3;
3,19;
19,3;
4,5;
5,4;
4,20;
20,4;
5,6;
6,5;
5,21;
21,5;
6,7;
7,6;
6,22;
22,6;
7,23;
23,7;
8,9;
9,8;
8,17;
17,8;
9,10;
10,9;
9,24;
24,9;
10,11;
11,10;
10,25;
25,10;
11,12;
12,11;
11,16;
16,11;
12,13;
13,12;
12,26;
26,12;
13,14;
14,13;
13,27;
27,13;
14,15;
15,14;
14,28;
28,14;
15,16;
16,15;
15,29;
29,15;
16,17;
17,16;
17,30;
30,17;
}
label = {
1,n;
2,c;
3,c;
4,c;
5,c;
6,c;
7,c;
8,c;
9,c;
10,c;
11,c;
12,c;
13,c;
14,c;
15,c;
16,c;
17,c;
18,h;
19,h;
20,h;
21,h;
22,h;
23,h;
24,h;
25,h;
26,h;
27,h;
28,h;
29,h;
30,h;
}