edge = {
1,2;
2,1;
1,6;
6,1;
1,32;
32,1;
2,3;
3,2;
2,33;
33,2;
3,4;
4,3;
3,34;
34,3;
4,5;
5,4;
4,35;
35,4;
5,6;
6,5;
5,7;
7,5;
6,36;
36,6;
7,8;
8,7;
7,37;
37,7;
8,9;
9,8;
8,26;
26,8;
9,10;
10,9;
9,38;
38,9;
10,11;
11,10;
10,39;
39,10;
11,12;
12,11;
11,25;
25,11;
12,13;
13,12;
12,40;
40,12;
13,14;
14,13;
13,18;
18,13;
14,15;
15,14;
14,41;
41,14;
15,16;
16,15;
15,42;
42,15;
16,17;
17,16;
16,22;
22,16;
17,18;
18,17;
17,43;
43,17;
18,19;
19,18;
19,20;
20,19;
19,21;
21,19;
22,23;
23,22;
22,24;
24,22;
25,26;
26,25;
25,44;
44,25;
26,27;
27,26;
27,28;
28,27;
27,29;
29,27;
27,30;
30,27;
30,31;
31,30;
}
label = {
1,c;
2,c;
3,c;
4,c;
5,c;
6,c;
7,n;
8,c;
9,c;
10,c;
11,c;
12,n;
13,c;
14,c;
15,c;
16,c;
17,c;
18,c;
19,n;
20,o;
21,o;
22,n;
23,o;
24,o;
25,c;
26,c;
27,s;
28,o;
29,o;
30,o;
31,na;
32,h;
33,h;
34,h;
35,h;
36,h;
37,h;
38,h;
39,h;
40,h;
41,h;
42,h;
43,h;
44,h;
}