edge = {
1,2;
2,1;
1,20;
20,1;
2,3;
3,2;
2,26;
26,2;
2,27;
27,2;
3,4;
4,3;
3,5;
5,3;
5,6;
6,5;
5,28;
28,5;
6,7;
7,6;
6,10;
10,6;
6,29;
29,6;
7,8;
8,7;
7,9;
9,7;
9,10;
10,9;
9,15;
15,9;
10,11;
11,10;
10,30;
30,10;
11,12;
12,11;
12,13;
13,12;
12,14;
14,12;
12,15;
15,12;
13,31;
31,13;
13,32;
32,13;
13,33;
33,13;
14,34;
34,14;
14,35;
35,14;
14,36;
36,14;
15,16;
16,15;
15,37;
37,15;
16,17;
17,16;
16,18;
18,16;
18,19;
19,18;
20,21;
21,20;
20,25;
25,20;
21,22;
22,21;
21,38;
38,21;
22,23;
23,22;
22,39;
39,22;
23,24;
24,23;
23,40;
40,23;
24,25;
25,24;
24,41;
41,24;
25,42;
42,25;
}
label = {
1,o;
2,c;
3,c;
4,o;
5,n;
6,c;
7,c;
8,o;
9,n;
10,c;
11,s;
12,c;
13,c;
14,c;
15,c;
16,c;
17,o;
18,o;
19,k;
20,c;
21,c;
22,c;
23,c;
24,c;
25,c;
26,h;
27,h;
28,h;
29,h;
30,h;
31,h;
32,h;
33,h;
34,h;
35,h;
36,h;
37,h;
38,h;
39,h;
40,h;
41,h;
42,h;
}