edge = {
1,2;
2,1;
1,32;
32,1;
1,33;
33,1;
2,3;
3,2;
2,34;
34,2;
3,4;
4,3;
3,5;
5,3;
4,35;
35,4;
5,6;
6,5;
5,31;
31,5;
6,7;
7,6;
6,8;
8,6;
8,9;
9,8;
8,27;
27,8;
9,10;
10,9;
9,11;
11,9;
10,36;
36,10;
11,12;
12,11;
11,13;
13,11;
11,25;
25,11;
12,37;
37,12;
13,14;
14,13;
13,15;
15,13;
15,16;
16,15;
15,19;
19,15;
16,17;
17,16;
16,18;
18,16;
17,56;
56,17;
17,57;
57,17;
19,20;
20,19;
19,21;
21,19;
20,38;
38,20;
21,22;
22,21;
21,25;
25,21;
21,39;
39,21;
22,23;
23,22;
22,24;
24,22;
22,40;
40,22;
23,41;
41,23;
23,42;
42,23;
23,43;
43,23;
24,44;
44,24;
24,45;
45,24;
24,46;
46,24;
25,26;
26,25;
25,47;
47,25;
26,27;
27,26;
26,48;
48,26;
26,49;
49,26;
27,28;
28,27;
27,50;
50,27;
28,29;
29,28;
28,30;
30,28;
28,31;
31,28;
29,51;
51,29;
29,52;
52,29;
29,53;
53,29;
30,54;
54,30;
31,32;
32,31;
32,55;
55,32;
}
label = {
1,c;
2,c;
3,c;
4,o;
5,c;
6,c;
7,o;
8,c;
9,c;
10,o;
11,c;
12,o;
13,c;
14,o;
15,c;
16,c;
17,n;
18,o;
19,c;
20,o;
21,c;
22,n;
23,c;
24,c;
25,c;
26,c;
27,c;
28,c;
29,c;
30,o;
31,c;
32,c;
33,h;
34,h;
35,h;
36,h;
37,h;
38,h;
39,h;
40,h;
41,h;
42,h;
43,h;
44,h;
45,h;
46,h;
47,h;
48,h;
49,h;
50,h;
51,h;
52,h;
53,h;
54,h;
55,h;
56,h;
57,h;
}