edge = {
1,2;
2,1;
1,3;
3,1;
1,4;
4,1;
4,5;
5,4;
4,6;
6,4;
4,7;
7,4;
5,16;
16,5;
5,17;
17,5;
5,18;
18,5;
6,19;
19,6;
6,20;
20,6;
6,21;
21,6;
7,8;
8,7;
7,22;
22,7;
7,23;
23,7;
8,9;
9,8;
8,15;
15,8;
9,10;
10,9;
9,24;
24,9;
10,11;
11,10;
10,25;
25,10;
11,12;
12,11;
11,13;
13,11;
12,26;
26,12;
13,14;
14,13;
13,15;
15,13;
14,27;
27,14;
15,28;
28,15;
}
label = {
1,c;
2,o;
3,o;
4,c;
5,c;
6,n;
7,c;
8,c;
9,c;
10,c;
11,c;
12,o;
13,c;
14,o;
15,c;
16,h;
17,h;
18,h;
19,h;
20,h;
21,h;
22,h;
23,h;
24,h;
25,h;
26,h;
27,h;
28,h;
}