edge = {
1,2;
2,1;
1,7;
7,1;
2,3;
3,2;
2,20;
20,2;
2,21;
21,2;
3,4;
4,3;
3,22;
22,3;
3,23;
23,3;
4,5;
5,4;
4,6;
6,4;
4,24;
24,4;
5,25;
25,5;
5,26;
26,5;
5,27;
27,5;
6,28;
28,6;
6,29;
29,6;
6,30;
30,6;
7,8;
8,7;
7,14;
14,7;
7,31;
31,7;
8,9;
9,8;
8,13;
13,8;
9,10;
10,9;
9,32;
32,9;
10,11;
11,10;
10,33;
33,10;
11,12;
12,11;
11,34;
34,11;
12,13;
13,12;
12,35;
35,12;
13,36;
36,13;
14,15;
15,14;
14,19;
19,14;
15,16;
16,15;
15,37;
37,15;
16,17;
17,16;
16,38;
38,16;
17,18;
18,17;
17,39;
39,17;
18,19;
19,18;
18,40;
40,18;
19,41;
41,19;
}
label = {
1,o;
2,c;
3,c;
4,n;
5,c;
6,c;
7,c;
8,c;
9,c;
10,c;
11,c;
12,c;
13,c;
14,c;
15,c;
16,c;
17,c;
18,c;
19,c;
20,h;
21,h;
22,h;
23,h;
24,h;
25,h;
26,h;
27,h;
28,h;
29,h;
30,h;
31,h;
32,h;
33,h;
34,h;
35,h;
36,h;
37,h;
38,h;
39,h;
40,h;
41,h;
}