edge = {
1,2;
2,1;
1,3;
3,1;
1,4;
4,1;
4,5;
5,4;
4,10;
10,4;
5,6;
6,5;
5,22;
22,5;
6,7;
7,6;
6,18;
18,6;
7,8;
8,7;
7,9;
9,7;
9,10;
10,9;
9,23;
23,9;
10,11;
11,10;
11,12;
12,11;
11,24;
24,11;
12,13;
13,12;
12,25;
25,12;
12,26;
26,12;
13,14;
14,13;
13,17;
17,13;
14,15;
15,14;
14,27;
27,14;
15,16;
16,15;
15,28;
28,15;
16,17;
17,16;
16,29;
29,16;
18,19;
19,18;
18,20;
20,18;
18,21;
21,18;
19,30;
30,19;
19,31;
31,19;
}
label = {
1,c;
2,o;
3,o;
4,c;
5,c;
6,c;
7,c;
8,cl;
9,c;
10,c;
11,n;
12,c;
13,c;
14,c;
15,c;
16,c;
17,o;
18,s;
19,n;
20,o;
21,o;
22,h;
23,h;
24,h;
25,h;
26,h;
27,h;
28,h;
29,h;
30,h;
31,h;
}