edge = {
1,2;
2,1;
2,3;
3,2;
2,28;
28,2;
3,4;
4,3;
3,29;
29,3;
4,5;
5,4;
4,19;
19,4;
5,6;
6,5;
5,7;
7,5;
7,8;
8,7;
7,30;
30,7;
8,9;
9,8;
8,16;
16,8;
8,31;
31,8;
9,10;
10,9;
9,32;
32,9;
9,33;
33,9;
10,11;
11,10;
10,15;
15,10;
11,12;
12,11;
11,34;
34,11;
12,13;
13,12;
12,35;
35,12;
13,14;
14,13;
13,36;
36,13;
14,15;
15,14;
14,37;
37,14;
15,38;
38,15;
16,17;
17,16;
16,18;
18,16;
19,20;
20,19;
19,21;
21,19;
20,39;
39,20;
21,22;
22,21;
21,28;
28,21;
22,23;
23,22;
22,24;
24,22;
24,25;
25,24;
25,26;
26,25;
25,27;
27,25;
25,40;
40,25;
26,41;
41,26;
26,42;
42,26;
26,43;
43,26;
27,28;
28,27;
27,44;
44,27;
27,45;
45,27;
}
label = {
1,cl;
2,c;
3,c;
4,c;
5,c;
6,o;
7,n;
8,c;
9,c;
10,c;
11,c;
12,c;
13,c;
14,c;
15,c;
16,c;
17,o;
18,o;
19,c;
20,o;
21,c;
22,c;
23,o;
24,o;
25,c;
26,c;
27,c;
28,c;
29,h;
30,h;
31,h;
32,h;
33,h;
34,h;
35,h;
36,h;
37,h;
38,h;
39,h;
40,h;
41,h;
42,h;
43,h;
44,h;
45,h;
}