edge = {
1,2;
2,1;
1,10;
10,1;
1,22;
22,1;
2,3;
3,2;
2,34;
34,2;
3,4;
4,3;
3,7;
7,3;
4,5;
5,4;
4,35;
35,4;
5,6;
6,5;
5,36;
36,5;
5,37;
37,5;
6,38;
38,6;
6,39;
39,6;
6,40;
40,6;
7,8;
8,7;
7,9;
9,7;
8,41;
41,8;
8,42;
42,8;
8,43;
43,8;
9,10;
10,9;
9,44;
44,9;
10,11;
11,10;
11,12;
12,11;
11,23;
23,11;
12,13;
13,12;
12,21;
21,12;
13,14;
14,13;
13,45;
45,13;
14,15;
15,14;
14,16;
16,14;
15,46;
46,15;
15,47;
47,15;
15,48;
48,15;
16,17;
17,16;
16,20;
20,16;
17,18;
18,17;
18,19;
19,18;
18,49;
49,18;
18,50;
50,18;
19,51;
51,19;
19,52;
52,19;
19,53;
53,19;
20,21;
21,20;
20,54;
54,20;
21,22;
22,21;
23,24;
24,23;
23,28;
28,23;
24,25;
25,24;
24,55;
55,24;
25,26;
26,25;
25,56;
56,25;
26,27;
27,26;
26,57;
57,26;
27,28;
28,27;
27,58;
58,27;
28,29;
29,28;
29,30;
30,29;
29,31;
31,29;
31,32;
32,31;
32,33;
33,32;
32,59;
59,32;
32,60;
60,32;
33,61;
61,33;
33,62;
62,33;
33,63;
63,33;
}
label = {
1,c;
2,c;
3,c;
4,n;
5,c;
6,c;
7,c;
8,c;
9,c;
10,c;
11,c;
12,c;
13,c;
14,c;
15,c;
16,c;
17,n;
18,c;
19,c;
20,c;
21,c;
22,o;
23,c;
24,c;
25,c;
26,c;
27,c;
28,c;
29,c;
30,o;
31,o;
32,c;
33,c;
34,h;
35,h;
36,h;
37,h;
38,h;
39,h;
40,h;
41,h;
42,h;
43,h;
44,h;
45,h;
46,h;
47,h;
48,h;
49,h;
50,h;
51,h;
52,h;
53,h;
54,h;
55,h;
56,h;
57,h;
58,h;
59,h;
60,h;
61,h;
62,h;
63,h;
}