edge = {
1,2;
2,1;
1,6;
6,1;
1,22;
22,1;
1,23;
23,1;
2,3;
3,2;
3,4;
4,3;
3,5;
5,3;
6,7;
7,6;
6,12;
12,6;
6,17;
17,6;
7,8;
8,7;
7,24;
24,7;
7,25;
25,7;
8,9;
9,8;
9,10;
10,9;
9,11;
11,9;
12,13;
13,12;
12,26;
26,12;
12,27;
27,12;
13,14;
14,13;
14,15;
15,14;
14,16;
16,14;
17,18;
18,17;
17,28;
28,17;
17,29;
29,17;
18,19;
19,18;
19,20;
20,19;
19,21;
21,19;
}
label = {
1,c;
2,o;
3,n;
4,o;
5,o;
6,c;
7,c;
8,o;
9,n;
10,o;
11,o;
12,c;
13,o;
14,n;
15,o;
16,o;
17,c;
18,o;
19,n;
20,o;
21,o;
22,h;
23,h;
24,h;
25,h;
26,h;
27,h;
28,h;
29,h;
}