edge = {
1,2;
2,1;
2,3;
3,2;
2,17;
17,2;
3,4;
4,3;
3,8;
8,3;
3,24;
24,3;
4,5;
5,4;
4,25;
25,4;
4,26;
26,4;
5,6;
6,5;
5,27;
27,5;
5,28;
28,5;
6,7;
7,6;
6,29;
29,6;
6,30;
30,6;
7,31;
31,7;
7,32;
32,7;
7,33;
33,7;
8,9;
9,8;
8,10;
10,8;
10,11;
11,10;
10,17;
17,10;
11,12;
12,11;
11,16;
16,11;
12,13;
13,12;
12,34;
34,12;
13,14;
14,13;
13,35;
35,13;
14,15;
15,14;
14,36;
36,14;
15,16;
16,15;
15,37;
37,15;
16,38;
38,16;
17,18;
18,17;
18,19;
19,18;
18,23;
23,18;
19,20;
20,19;
19,39;
39,19;
20,21;
21,20;
20,40;
40,20;
21,22;
22,21;
21,41;
41,21;
22,23;
23,22;
22,42;
42,22;
23,43;
43,23;
}
label = {
1,o;
2,c;
3,c;
4,c;
5,c;
6,c;
7,c;
8,c;
9,o;
10,n;
11,c;
12,c;
13,c;
14,c;
15,c;
16,c;
17,n;
18,c;
19,c;
20,c;
21,c;
22,c;
23,c;
24,h;
25,h;
26,h;
27,h;
28,h;
29,h;
30,h;
31,h;
32,h;
33,h;
34,h;
35,h;
36,h;
37,h;
38,h;
39,h;
40,h;
41,h;
42,h;
43,h;
}