edge = {
1,2;
2,1;
1,3;
3,1;
1,18;
18,1;
1,19;
19,1;
2,20;
20,2;
2,21;
21,2;
2,22;
22,2;
3,4;
4,3;
3,17;
17,3;
4,5;
5,4;
4,23;
23,4;
5,6;
6,5;
5,9;
9,5;
6,7;
7,6;
6,8;
8,6;
9,10;
10,9;
9,11;
11,9;
11,12;
12,11;
11,17;
17,11;
12,13;
13,12;
12,24;
24,12;
13,14;
14,13;
13,25;
25,13;
14,15;
15,14;
14,16;
16,14;
15,26;
26,15;
15,27;
27,15;
15,28;
28,15;
16,17;
17,16;
}
label = {
1,c;
2,c;
3,n;
4,c;
5,c;
6,c;
7,o;
8,o;
9,c;
10,o;
11,c;
12,c;
13,c;
14,c;
15,c;
16,n;
17,c;
18,h;
19,h;
20,h;
21,h;
22,h;
23,h;
24,h;
25,h;
26,h;
27,h;
28,h;
}