edge = {
1,2;
2,1;
1,7;
7,1;
1,10;
10,1;
2,3;
3,2;
2,19;
19,2;
3,4;
4,3;
3,20;
20,3;
4,5;
5,4;
4,6;
6,4;
5,31;
31,5;
5,32;
32,5;
6,7;
7,6;
6,8;
8,6;
7,21;
21,7;
8,9;
9,8;
9,22;
22,9;
9,23;
23,9;
9,24;
24,9;
10,11;
11,10;
10,18;
18,10;
11,12;
12,11;
11,25;
25,11;
12,13;
13,12;
12,26;
26,12;
13,14;
14,13;
13,15;
15,13;
14,33;
33,14;
14,34;
34,14;
15,16;
16,15;
15,18;
18,15;
16,17;
17,16;
17,27;
27,17;
17,28;
28,17;
17,29;
29,17;
18,30;
30,18;
}
label = {
1,c;
2,c;
3,c;
4,c;
5,n;
6,c;
7,c;
8,o;
9,c;
10,c;
11,c;
12,c;
13,c;
14,n;
15,c;
16,o;
17,c;
18,c;
19,h;
20,h;
21,h;
22,h;
23,h;
24,h;
25,h;
26,h;
27,h;
28,h;
29,h;
30,h;
31,h;
32,h;
33,h;
34,h;
}