edge = {
1,2;
2,1;
2,3;
3,2;
2,4;
4,2;
4,5;
5,4;
4,20;
20,4;
5,6;
6,5;
5,7;
7,5;
6,21;
21,6;
6,22;
22,6;
6,23;
23,6;
7,8;
8,7;
7,24;
24,7;
8,9;
9,8;
8,25;
25,8;
9,10;
10,9;
9,20;
20,9;
10,11;
11,10;
10,12;
12,10;
12,13;
13,12;
12,17;
17,12;
13,14;
14,13;
13,26;
26,13;
14,15;
15,14;
14,27;
27,14;
15,16;
16,15;
15,28;
28,15;
16,17;
17,16;
16,29;
29,16;
17,18;
18,17;
18,19;
19,18;
18,20;
20,18;
}
label = {
1,o;
2,n;
3,o;
4,c;
5,c;
6,c;
7,c;
8,c;
9,c;
10,c;
11,o;
12,c;
13,c;
14,c;
15,c;
16,c;
17,c;
18,c;
19,o;
20,c;
21,h;
22,h;
23,h;
24,h;
25,h;
26,h;
27,h;
28,h;
29,h;
}