edge = {
1,2;
2,1;
1,3;
3,1;
1,7;
7,1;
2,14;
14,2;
3,4;
4,3;
3,15;
15,3;
4,5;
5,4;
4,9;
9,4;
5,6;
6,5;
5,16;
16,5;
6,7;
7,6;
6,17;
17,6;
7,8;
8,7;
8,18;
18,8;
9,10;
10,9;
9,11;
11,9;
9,19;
19,9;
10,20;
20,10;
11,12;
12,11;
11,21;
21,11;
11,22;
22,11;
12,13;
13,12;
12,23;
23,12;
12,24;
24,12;
13,25;
25,13;
13,26;
26,13;
13,27;
27,13;
}
label = {
1,c;
2,o;
3,c;
4,c;
5,c;
6,c;
7,c;
8,o;
9,c;
10,o;
11,c;
12,n;
13,c;
14,h;
15,h;
16,h;
17,h;
18,h;
19,h;
20,h;
21,h;
22,h;
23,h;
24,h;
25,h;
26,h;
27,h;
}