edge = {
1,2;
2,1;
2,3;
3,2;
2,19;
19,2;
3,4;
4,3;
3,8;
8,3;
4,5;
5,4;
4,20;
20,4;
5,6;
6,5;
5,21;
21,5;
6,7;
7,6;
6,22;
22,6;
7,8;
8,7;
7,23;
23,7;
8,9;
9,8;
9,10;
10,9;
9,11;
11,9;
11,12;
12,11;
11,19;
19,11;
12,13;
13,12;
12,14;
14,12;
14,15;
15,14;
14,24;
24,14;
15,16;
16,15;
15,17;
17,15;
17,18;
18,17;
17,19;
19,17;
18,25;
25,18;
18,26;
26,18;
}
label = {
1,o;
2,c;
3,c;
4,c;
5,c;
6,c;
7,c;
8,c;
9,c;
10,o;
11,c;
12,c;
13,br;
14,c;
15,c;
16,br;
17,c;
18,n;
19,c;
20,h;
21,h;
22,h;
23,h;
24,h;
25,h;
26,h;
}