edge = {
1,2;
2,1;
2,3;
3,2;
2,7;
7,2;
3,4;
4,3;
3,45;
45,3;
4,5;
5,4;
4,23;
23,4;
5,6;
6,5;
5,46;
46,5;
6,7;
7,6;
6,47;
47,6;
7,8;
8,7;
8,9;
9,8;
9,10;
10,9;
10,11;
11,10;
10,14;
14,10;
10,48;
48,10;
11,12;
12,11;
11,13;
13,11;
12,49;
49,12;
12,50;
50,12;
12,51;
51,12;
14,15;
15,14;
14,16;
16,14;
16,17;
17,16;
16,52;
52,16;
17,18;
18,17;
17,22;
22,17;
18,19;
19,18;
18,53;
53,18;
19,20;
20,19;
19,54;
54,19;
20,21;
21,20;
20,55;
55,20;
21,22;
22,21;
21,56;
56,21;
22,57;
57,22;
23,24;
24,23;
23,44;
44,23;
24,25;
25,24;
24,58;
58,24;
25,26;
26,25;
25,59;
59,25;
26,27;
27,26;
26,42;
42,26;
27,28;
28,27;
28,29;
29,28;
29,30;
30,29;
29,33;
33,29;
29,60;
60,29;
30,31;
31,30;
30,32;
32,30;
31,61;
61,31;
31,62;
62,31;
31,63;
63,31;
33,34;
34,33;
33,35;
35,33;
35,36;
36,35;
35,64;
64,35;
36,37;
37,36;
36,41;
41,36;
37,38;
38,37;
37,65;
65,37;
38,39;
39,38;
38,66;
66,38;
39,40;
40,39;
39,67;
67,39;
40,41;
41,40;
40,68;
68,40;
41,69;
69,41;
42,43;
43,42;
42,44;
44,42;
44,70;
70,44;
}
label = {
1,cl;
2,c;
3,c;
4,c;
5,c;
6,c;
7,c;
8,n;
9,n;
10,c;
11,c;
12,c;
13,o;
14,c;
15,o;
16,n;
17,c;
18,c;
19,c;
20,c;
21,c;
22,c;
23,c;
24,c;
25,c;
26,c;
27,n;
28,n;
29,c;
30,c;
31,c;
32,o;
33,c;
34,o;
35,n;
36,c;
37,c;
38,c;
39,c;
40,c;
41,c;
42,c;
43,cl;
44,c;
45,h;
46,h;
47,h;
48,h;
49,h;
50,h;
51,h;
52,h;
53,h;
54,h;
55,h;
56,h;
57,h;
58,h;
59,h;
60,h;
61,h;
62,h;
63,h;
64,h;
65,h;
66,h;
67,h;
68,h;
69,h;
70,h;
}