edge = {
1,2;
2,1;
1,7;
7,1;
1,9;
9,1;
2,3;
3,2;
2,17;
17,2;
3,4;
4,3;
3,18;
18,3;
4,5;
5,4;
4,6;
6,4;
5,29;
29,5;
5,30;
30,5;
6,7;
7,6;
6,8;
8,6;
7,19;
19,7;
8,20;
20,8;
8,21;
21,8;
8,22;
22,8;
9,10;
10,9;
9,16;
16,9;
10,11;
11,10;
10,23;
23,10;
11,12;
12,11;
11,24;
24,11;
12,13;
13,12;
12,14;
14,12;
13,31;
31,13;
13,32;
32,13;
14,15;
15,14;
14,16;
16,14;
15,25;
25,15;
15,26;
26,15;
15,27;
27,15;
16,28;
28,16;
}
label = {
1,c;
2,c;
3,c;
4,c;
5,n;
6,c;
7,c;
8,c;
9,c;
10,c;
11,c;
12,c;
13,n;
14,c;
15,c;
16,c;
17,h;
18,h;
19,h;
20,h;
21,h;
22,h;
23,h;
24,h;
25,h;
26,h;
27,h;
28,h;
29,h;
30,h;
31,h;
32,h;
}