edge = {
1,2;
2,1;
1,3;
3,1;
1,4;
4,1;
1,11;
11,1;
4,5;
5,4;
4,8;
8,4;
5,6;
6,5;
5,20;
20,5;
5,21;
21,5;
6,7;
7,6;
6,22;
22,6;
6,23;
23,6;
7,24;
24,7;
7,25;
25,7;
7,26;
26,7;
8,9;
9,8;
8,27;
27,8;
8,28;
28,8;
9,10;
10,9;
9,29;
29,9;
9,30;
30,9;
10,31;
31,10;
10,32;
32,10;
10,33;
33,10;
11,12;
12,11;
11,16;
16,11;
12,13;
13,12;
12,34;
34,12;
13,14;
14,13;
13,35;
35,13;
14,15;
15,14;
14,17;
17,14;
15,16;
16,15;
15,36;
36,15;
16,37;
37,16;
17,18;
18,17;
17,19;
19,17;
}
label = {
1,s;
2,o;
3,o;
4,n;
5,c;
6,c;
7,c;
8,c;
9,c;
10,c;
11,c;
12,c;
13,c;
14,c;
15,c;
16,c;
17,c;
18,o;
19,o;
20,h;
21,h;
22,h;
23,h;
24,h;
25,h;
26,h;
27,h;
28,h;
29,h;
30,h;
31,h;
32,h;
33,h;
34,h;
35,h;
36,h;
37,h;
}