edge = {
1,2;
2,1;
1,65;
65,1;
2,3;
3,2;
2,54;
54,2;
3,4;
4,3;
3,46;
46,3;
4,5;
5,4;
5,6;
6,5;
6,7;
7,6;
6,11;
11,6;
7,8;
8,7;
7,66;
66,7;
8,9;
9,8;
8,67;
67,8;
9,10;
10,9;
9,14;
14,9;
10,11;
11,10;
10,68;
68,10;
11,12;
12,11;
12,13;
13,12;
13,69;
69,13;
13,70;
70,13;
13,71;
71,13;
14,15;
15,14;
14,45;
45,14;
15,16;
16,15;
15,72;
72,15;
16,17;
17,16;
16,73;
73,16;
17,18;
18,17;
17,42;
42,17;
18,19;
19,18;
19,20;
20,19;
20,21;
21,20;
20,31;
31,20;
21,22;
22,21;
21,23;
23,21;
22,74;
74,22;
23,24;
24,23;
23,29;
29,23;
24,25;
25,24;
24,26;
26,24;
25,85;
85,25;
25,86;
86,25;
26,27;
27,26;
26,75;
75,26;
27,28;
28,27;
27,37;
37,27;
28,29;
29,28;
28,76;
76,28;
29,30;
30,29;
30,31;
31,30;
30,77;
77,30;
31,32;
32,31;
32,33;
33,32;
32,34;
34,32;
32,35;
35,32;
35,36;
36,35;
37,38;
38,37;
37,39;
39,37;
37,40;
40,37;
40,41;
41,40;
42,43;
43,42;
42,45;
45,42;
43,44;
44,43;
44,78;
78,44;
44,79;
79,44;
44,80;
80,44;
45,81;
81,45;
46,47;
47,46;
46,60;
60,46;
47,48;
48,47;
47,82;
82,47;
48,49;
49,48;
48,54;
54,48;
49,50;
50,49;
49,83;
83,49;
50,51;
51,50;
50,55;
55,50;
51,52;
52,51;
51,84;
84,51;
52,53;
53,52;
52,54;
54,52;
53,87;
87,53;
53,88;
88,53;
55,56;
56,55;
55,57;
57,55;
55,58;
58,55;
58,59;
59,58;
60,61;
61,60;
60,62;
62,60;
60,63;
63,60;
63,64;
64,63;
}
label = {
1,o;
2,c;
3,c;
4,n;
5,n;
6,c;
7,c;
8,c;
9,c;
10,c;
11,c;
12,o;
13,c;
14,c;
15,c;
16,c;
17,c;
18,n;
19,n;
20,c;
21,c;
22,o;
23,c;
24,c;
25,n;
26,c;
27,c;
28,c;
29,c;
30,c;
31,c;
32,s;
33,o;
34,o;
35,o;
36,na;
37,s;
38,o;
39,o;
40,o;
41,na;
42,c;
43,o;
44,c;
45,c;
46,c;
47,c;
48,c;
49,c;
50,c;
51,c;
52,c;
53,n;
54,c;
55,s;
56,o;
57,o;
58,o;
59,na;
60,s;
61,o;
62,o;
63,o;
64,na;
65,h;
66,h;
67,h;
68,h;
69,h;
70,h;
71,h;
72,h;
73,h;
74,h;
75,h;
76,h;
77,h;
78,h;
79,h;
80,h;
81,h;
82,h;
83,h;
84,h;
85,h;
86,h;
87,h;
88,h;
}