edge = {
1,2;
2,1;
2,3;
3,2;
2,8;
8,2;
3,4;
4,3;
3,19;
19,3;
4,5;
5,4;
4,20;
20,4;
4,21;
21,4;
5,6;
6,5;
5,22;
22,5;
5,23;
23,5;
6,7;
7,6;
6,24;
24,6;
6,25;
25,6;
7,26;
26,7;
7,27;
27,7;
7,28;
28,7;
8,9;
9,8;
8,29;
29,8;
9,10;
10,9;
9,11;
11,9;
9,12;
12,9;
12,13;
13,12;
12,18;
18,12;
13,14;
14,13;
13,30;
30,13;
14,15;
15,14;
14,31;
31,14;
15,16;
16,15;
15,17;
17,15;
16,32;
32,16;
16,33;
33,16;
16,34;
34,16;
17,18;
18,17;
17,35;
35,17;
18,36;
36,18;
}
label = {
1,o;
2,c;
3,n;
4,c;
5,c;
6,c;
7,c;
8,n;
9,s;
10,o;
11,o;
12,c;
13,c;
14,c;
15,c;
16,c;
17,c;
18,c;
19,h;
20,h;
21,h;
22,h;
23,h;
24,h;
25,h;
26,h;
27,h;
28,h;
29,h;
30,h;
31,h;
32,h;
33,h;
34,h;
35,h;
36,h;
}