edge = {
1,2;
2,1;
1,6;
6,1;
1,8;
8,1;
1,14;
14,1;
2,3;
3,2;
2,20;
20,2;
3,4;
4,3;
3,5;
5,3;
5,6;
6,5;
5,21;
21,5;
6,7;
7,6;
8,9;
9,8;
8,13;
13,8;
9,10;
10,9;
9,22;
22,9;
10,11;
11,10;
10,23;
23,10;
11,12;
12,11;
11,24;
24,11;
12,13;
13,12;
12,25;
25,12;
13,26;
26,13;
14,15;
15,14;
14,19;
19,14;
15,16;
16,15;
15,27;
27,15;
16,17;
17,16;
16,28;
28,16;
17,18;
18,17;
17,29;
29,17;
18,19;
19,18;
18,30;
30,18;
19,31;
31,19;
}
label = {
1,c;
2,n;
3,c;
4,o;
5,n;
6,c;
7,o;
8,c;
9,c;
10,c;
11,c;
12,c;
13,c;
14,c;
15,c;
16,c;
17,c;
18,c;
19,c;
20,h;
21,h;
22,h;
23,h;
24,h;
25,h;
26,h;
27,h;
28,h;
29,h;
30,h;
31,h;
}