edge = {
1,2;
2,1;
1,57;
57,1;
1,58;
58,1;
1,59;
59,1;
2,3;
3,2;
2,7;
7,2;
3,4;
4,3;
3,60;
60,3;
4,5;
5,4;
4,61;
61,4;
5,6;
6,5;
5,8;
8,5;
6,7;
7,6;
6,62;
62,6;
7,63;
63,7;
8,9;
9,8;
8,10;
10,8;
8,11;
11,8;
11,12;
12,11;
12,13;
13,12;
12,17;
17,12;
13,14;
14,13;
13,64;
64,13;
14,15;
15,14;
14,65;
65,14;
15,16;
16,15;
15,18;
18,15;
16,17;
17,16;
16,66;
66,16;
17,67;
67,17;
18,19;
19,18;
19,20;
20,19;
20,21;
21,20;
20,25;
25,20;
21,22;
22,21;
21,68;
68,21;
22,23;
23,22;
22,69;
69,22;
23,24;
24,23;
23,27;
27,23;
24,25;
25,24;
24,70;
70,24;
25,26;
26,25;
26,71;
71,26;
26,72;
72,26;
26,73;
73,26;
27,28;
28,27;
27,56;
56,27;
28,29;
29,28;
28,74;
74,28;
29,30;
30,29;
29,75;
75,29;
30,31;
31,30;
30,54;
54,30;
31,32;
32,31;
32,33;
33,32;
33,34;
34,33;
33,43;
43,33;
34,35;
35,34;
34,36;
36,34;
35,76;
76,35;
36,37;
37,36;
36,77;
77,36;
37,38;
38,37;
37,78;
78,37;
38,39;
39,38;
38,43;
43,38;
39,40;
40,39;
39,79;
79,39;
40,41;
41,40;
40,49;
49,40;
41,42;
42,41;
41,80;
80,41;
42,43;
43,42;
42,44;
44,42;
44,45;
45,44;
44,46;
46,44;
44,47;
47,44;
47,48;
48,47;
49,50;
50,49;
49,51;
51,49;
49,52;
52,49;
52,53;
53,52;
54,55;
55,54;
54,56;
56,54;
55,81;
81,55;
55,82;
82,55;
55,83;
83,55;
56,84;
84,56;
}
label = {
1,c;
2,c;
3,c;
4,c;
5,c;
6,c;
7,c;
8,s;
9,o;
10,o;
11,o;
12,c;
13,c;
14,c;
15,c;
16,c;
17,c;
18,n;
19,n;
20,c;
21,c;
22,c;
23,c;
24,c;
25,c;
26,c;
27,c;
28,c;
29,c;
30,c;
31,n;
32,n;
33,c;
34,c;
35,o;
36,c;
37,c;
38,c;
39,c;
40,c;
41,c;
42,c;
43,c;
44,s;
45,o;
46,o;
47,o;
48,na;
49,s;
50,o;
51,o;
52,o;
53,na;
54,c;
55,c;
56,c;
57,h;
58,h;
59,h;
60,h;
61,h;
62,h;
63,h;
64,h;
65,h;
66,h;
67,h;
68,h;
69,h;
70,h;
71,h;
72,h;
73,h;
74,h;
75,h;
76,h;
77,h;
78,h;
79,h;
80,h;
81,h;
82,h;
83,h;
84,h;
}