edge = {
1,2;
2,1;
1,13;
13,1;
2,3;
3,2;
3,4;
4,3;
3,9;
9,3;
4,5;
5,4;
4,24;
24,4;
5,6;
6,5;
5,25;
25,5;
6,7;
7,6;
6,8;
8,6;
7,26;
26,7;
7,27;
27,7;
7,28;
28,7;
8,9;
9,8;
8,29;
29,8;
9,10;
10,9;
10,11;
11,10;
10,12;
12,10;
13,14;
14,13;
13,23;
23,13;
14,15;
15,14;
14,16;
16,14;
15,30;
30,15;
16,17;
17,16;
16,31;
31,16;
17,18;
18,17;
17,32;
32,17;
18,19;
19,18;
18,23;
23,18;
19,20;
20,19;
19,33;
33,19;
20,21;
21,20;
20,34;
34,20;
21,22;
22,21;
21,35;
35,21;
22,23;
23,22;
22,36;
36,22;
}
label = {
1,n;
2,n;
3,c;
4,c;
5,c;
6,c;
7,c;
8,c;
9,c;
10,n;
11,o;
12,o;
13,c;
14,c;
15,o;
16,c;
17,c;
18,c;
19,c;
20,c;
21,c;
22,c;
23,c;
24,h;
25,h;
26,h;
27,h;
28,h;
29,h;
30,h;
31,h;
32,h;
33,h;
34,h;
35,h;
36,h;
}