edge = {
1,2;
2,1;
1,8;
8,1;
1,13;
13,1;
2,3;
3,2;
2,4;
4,2;
3,23;
23,3;
4,5;
5,4;
4,24;
24,4;
5,6;
6,5;
5,7;
7,5;
6,25;
25,6;
7,8;
8,7;
7,26;
26,7;
8,9;
9,8;
9,10;
10,9;
10,11;
11,10;
10,15;
15,10;
11,12;
12,11;
11,13;
13,11;
12,27;
27,12;
13,14;
14,13;
15,16;
16,15;
15,22;
22,15;
16,17;
17,16;
16,28;
28,16;
17,18;
18,17;
17,29;
29,17;
18,19;
19,18;
18,20;
20,18;
19,30;
30,19;
20,21;
21,20;
20,22;
22,20;
21,31;
31,21;
22,32;
32,22;
}
label = {
1,c;
2,c;
3,o;
4,c;
5,c;
6,o;
7,c;
8,c;
9,o;
10,c;
11,c;
12,o;
13,c;
14,o;
15,c;
16,c;
17,c;
18,c;
19,o;
20,c;
21,o;
22,c;
23,h;
24,h;
25,h;
26,h;
27,h;
28,h;
29,h;
30,h;
31,h;
32,h;
}