edge = {
1,2;
2,1;
1,24;
24,1;
1,37;
37,1;
2,3;
3,2;
2,7;
7,2;
3,4;
4,3;
3,38;
38,3;
4,5;
5,4;
4,39;
39,4;
5,6;
6,5;
5,40;
40,5;
6,7;
7,6;
6,41;
41,6;
7,8;
8,7;
8,9;
9,8;
8,22;
22,8;
9,10;
10,9;
10,11;
11,10;
11,12;
12,11;
11,16;
16,11;
12,13;
13,12;
12,42;
42,12;
13,14;
14,13;
13,19;
19,13;
14,15;
15,14;
14,43;
43,14;
15,16;
16,15;
15,44;
44,15;
16,17;
17,16;
17,18;
18,17;
18,45;
45,18;
18,46;
46,18;
18,47;
47,18;
19,20;
20,19;
19,21;
21,19;
22,23;
23,22;
22,24;
24,22;
23,48;
48,23;
24,25;
25,24;
25,26;
26,25;
25,27;
27,25;
27,28;
28,27;
27,49;
49,27;
28,29;
29,28;
28,33;
33,28;
29,30;
30,29;
29,50;
50,29;
30,31;
31,30;
30,51;
51,30;
31,32;
32,31;
31,52;
52,31;
32,33;
33,32;
32,34;
34,32;
33,53;
53,33;
34,35;
35,34;
34,36;
36,34;
}
label = {
1,c;
2,c;
3,c;
4,c;
5,c;
6,c;
7,c;
8,c;
9,n;
10,n;
11,c;
12,c;
13,c;
14,c;
15,c;
16,c;
17,o;
18,c;
19,n;
20,o;
21,o;
22,c;
23,o;
24,c;
25,c;
26,o;
27,n;
28,c;
29,c;
30,c;
31,c;
32,c;
33,c;
34,n;
35,o;
36,o;
37,h;
38,h;
39,h;
40,h;
41,h;
42,h;
43,h;
44,h;
45,h;
46,h;
47,h;
48,h;
49,h;
50,h;
51,h;
52,h;
53,h;
}