edge = {
1,2;
2,1;
1,15;
15,1;
1,27;
27,1;
2,3;
3,2;
2,28;
28,2;
3,4;
4,3;
3,9;
9,3;
4,5;
5,4;
4,29;
29,4;
5,6;
6,5;
5,30;
30,5;
6,7;
7,6;
6,8;
8,6;
7,35;
35,7;
7,36;
36,7;
8,9;
9,8;
8,31;
31,8;
9,10;
10,9;
10,11;
11,10;
10,12;
12,10;
10,13;
13,10;
13,14;
14,13;
15,16;
16,15;
15,21;
21,15;
16,17;
17,16;
16,32;
32,16;
17,18;
18,17;
17,33;
33,17;
18,19;
19,18;
18,20;
20,18;
19,37;
37,19;
19,38;
38,19;
20,21;
21,20;
20,34;
34,20;
21,22;
22,21;
22,23;
23,22;
22,24;
24,22;
22,25;
25,22;
25,26;
26,25;
}
label = {
1,c;
2,c;
3,c;
4,c;
5,c;
6,c;
7,n;
8,c;
9,c;
10,s;
11,o;
12,o;
13,o;
14,na;
15,c;
16,c;
17,c;
18,c;
19,n;
20,c;
21,c;
22,s;
23,o;
24,o;
25,o;
26,na;
27,h;
28,h;
29,h;
30,h;
31,h;
32,h;
33,h;
34,h;
35,h;
36,h;
37,h;
38,h;
}