edge = {
1,2;
2,1;
1,4;
4,1;
1,15;
15,1;
1,16;
16,1;
2,3;
3,2;
2,17;
17,2;
2,18;
18,2;
4,5;
5,4;
4,9;
9,4;
5,6;
6,5;
5,19;
19,5;
5,20;
20,5;
6,7;
7,6;
6,21;
21,6;
6,22;
22,6;
7,8;
8,7;
7,23;
23,7;
7,24;
24,7;
8,9;
9,8;
9,10;
10,9;
9,11;
11,9;
11,12;
12,11;
11,25;
25,11;
12,13;
13,12;
12,26;
26,12;
12,27;
27,12;
13,14;
14,13;
13,28;
28,13;
13,29;
29,13;
}
label = {
1,c;
2,c;
3,cl;
4,n;
5,c;
6,c;
7,c;
8,o;
9,p;
10,o;
11,n;
12,c;
13,c;
14,cl;
15,h;
16,h;
17,h;
18,h;
19,h;
20,h;
21,h;
22,h;
23,h;
24,h;
25,h;
26,h;
27,h;
28,h;
29,h;
}