edge = {
1,2;
2,1;
1,6;
6,1;
1,15;
15,1;
2,3;
3,2;
2,18;
18,2;
3,4;
4,3;
3,19;
19,3;
4,5;
5,4;
4,8;
8,4;
5,6;
6,5;
5,7;
7,5;
6,20;
20,6;
7,21;
21,7;
8,9;
9,8;
8,12;
12,8;
9,10;
10,9;
9,22;
22,9;
9,23;
23,9;
10,11;
11,10;
10,24;
24,10;
10,25;
25,10;
11,26;
26,11;
12,13;
13,12;
12,27;
27,12;
12,28;
28,12;
13,14;
14,13;
13,29;
29,13;
13,30;
30,13;
14,31;
31,14;
15,16;
16,15;
15,17;
17,15;
}
label = {
1,c;
2,c;
3,c;
4,c;
5,c;
6,c;
7,o;
8,n;
9,c;
10,c;
11,o;
12,c;
13,c;
14,o;
15,n;
16,o;
17,o;
18,h;
19,h;
20,h;
21,h;
22,h;
23,h;
24,h;
25,h;
26,h;
27,h;
28,h;
29,h;
30,h;
31,h;
}