edge = {
1,2;
2,1;
1,25;
25,1;
1,26;
26,1;
2,3;
3,2;
2,13;
13,2;
3,4;
4,3;
4,5;
5,4;
4,6;
6,4;
5,27;
27,5;
5,28;
28,5;
6,7;
7,6;
7,8;
8,7;
7,13;
13,7;
8,9;
9,8;
9,10;
10,9;
9,11;
11,9;
10,29;
29,10;
10,30;
30,10;
11,12;
12,11;
11,14;
14,11;
12,13;
13,12;
14,15;
15,14;
14,19;
19,14;
15,16;
16,15;
15,20;
20,15;
16,17;
17,16;
16,21;
21,16;
17,18;
18,17;
17,22;
22,17;
18,19;
19,18;
18,23;
23,18;
19,24;
24,19;
}
label = {
1,n;
2,c;
3,n;
4,c;
5,n;
6,n;
7,c;
8,n;
9,c;
10,n;
11,c;
12,n;
13,c;
14,c;
15,c;
16,c;
17,c;
18,c;
19,c;
20,h;
21,h;
22,h;
23,h;
24,h;
25,h;
26,h;
27,h;
28,h;
29,h;
30,h;
}