edge = {
1,2;
2,1;
2,3;
3,2;
2,5;
5,2;
2,7;
7,2;
3,4;
4,3;
4,20;
20,4;
4,21;
21,4;
4,22;
22,4;
5,6;
6,5;
6,23;
23,6;
6,24;
24,6;
6,25;
25,6;
7,8;
8,7;
8,9;
9,8;
8,11;
11,8;
9,10;
10,9;
9,26;
26,9;
11,12;
12,11;
11,18;
18,11;
12,13;
13,12;
12,27;
27,12;
13,14;
14,13;
13,15;
15,13;
15,16;
16,15;
15,17;
17,15;
17,18;
18,17;
17,28;
28,17;
18,19;
19,18;
}
label = {
1,o;
2,p;
3,o;
4,c;
5,o;
6,c;
7,o;
8,c;
9,c;
10,cl;
11,c;
12,c;
13,c;
14,cl;
15,c;
16,cl;
17,c;
18,c;
19,cl;
20,h;
21,h;
22,h;
23,h;
24,h;
25,h;
26,h;
27,h;
28,h;
}