edge = {
1,2;
2,1;
1,15;
15,1;
1,28;
28,1;
1,29;
29,1;
2,3;
3,2;
2,4;
4,2;
4,5;
5,4;
4,30;
30,4;
5,6;
6,5;
5,31;
31,5;
6,7;
7,6;
6,14;
14,6;
7,8;
8,7;
7,32;
32,7;
8,9;
9,8;
8,33;
33,8;
9,10;
10,9;
9,11;
11,9;
10,34;
34,10;
11,12;
12,11;
11,14;
14,11;
12,13;
13,12;
13,35;
35,13;
13,36;
36,13;
13,37;
37,13;
14,38;
38,14;
15,16;
16,15;
15,17;
17,15;
17,18;
18,17;
17,39;
39,17;
18,19;
19,18;
18,40;
40,18;
19,20;
20,19;
19,27;
27,19;
20,21;
21,20;
20,41;
41,20;
21,22;
22,21;
21,42;
42,21;
22,23;
23,22;
22,24;
24,22;
23,43;
43,23;
24,25;
25,24;
24,27;
27,24;
25,26;
26,25;
26,44;
44,26;
26,45;
45,26;
26,46;
46,26;
27,47;
47,27;
}
label = {
1,c;
2,c;
3,o;
4,c;
5,c;
6,c;
7,c;
8,c;
9,c;
10,o;
11,c;
12,o;
13,c;
14,c;
15,c;
16,o;
17,c;
18,c;
19,c;
20,c;
21,c;
22,c;
23,o;
24,c;
25,o;
26,c;
27,c;
28,h;
29,h;
30,h;
31,h;
32,h;
33,h;
34,h;
35,h;
36,h;
37,h;
38,h;
39,h;
40,h;
41,h;
42,h;
43,h;
44,h;
45,h;
46,h;
47,h;
}