edge = {
1,2;
2,1;
1,7;
7,1;
1,11;
11,1;
2,3;
3,2;
2,4;
4,2;
3,77;
77,3;
3,78;
78,3;
4,5;
5,4;
4,65;
65,4;
5,6;
6,5;
5,60;
60,5;
6,7;
7,6;
6,66;
66,6;
7,8;
8,7;
8,9;
9,8;
8,67;
67,8;
9,10;
10,9;
9,55;
55,9;
10,11;
11,10;
10,22;
22,10;
11,12;
12,11;
12,13;
13,12;
13,14;
14,13;
14,15;
15,14;
15,16;
16,15;
15,20;
20,15;
16,17;
17,16;
16,68;
68,16;
17,18;
18,17;
17,23;
23,17;
18,19;
19,18;
18,69;
69,18;
19,20;
20,19;
19,70;
70,19;
20,21;
21,20;
21,22;
22,21;
23,24;
24,23;
23,35;
35,23;
24,25;
25,24;
24,71;
71,24;
25,26;
26,25;
25,72;
72,25;
26,27;
27,26;
26,34;
34,26;
27,28;
28,27;
28,29;
29,28;
29,30;
30,29;
29,44;
44,29;
30,31;
31,30;
30,36;
36,30;
31,32;
32,31;
32,33;
33,32;
33,34;
34,33;
34,35;
35,34;
35,73;
73,35;
36,37;
37,36;
36,42;
42,36;
37,38;
38,37;
37,39;
39,37;
38,79;
79,38;
38,80;
80,38;
39,40;
40,39;
39,74;
74,39;
40,41;
41,40;
40,50;
50,40;
41,42;
42,41;
41,75;
75,41;
42,43;
43,42;
43,44;
44,43;
43,76;
76,43;
44,45;
45,44;
45,46;
46,45;
45,47;
47,45;
45,48;
48,45;
48,49;
49,48;
50,51;
51,50;
50,52;
52,50;
50,53;
53,50;
53,54;
54,53;
55,56;
56,55;
55,57;
57,55;
55,58;
58,55;
58,59;
59,58;
60,61;
61,60;
60,62;
62,60;
60,63;
63,60;
63,64;
64,63;
}
label = {
1,c;
2,c;
3,n;
4,c;
5,c;
6,c;
7,c;
8,c;
9,c;
10,c;
11,c;
12,o;
13,cu;
14,o;
15,c;
16,c;
17,c;
18,c;
19,c;
20,c;
21,n;
22,n;
23,c;
24,c;
25,c;
26,c;
27,n;
28,n;
29,c;
30,c;
31,o;
32,cu;
33,o;
34,c;
35,c;
36,c;
37,c;
38,n;
39,c;
40,c;
41,c;
42,c;
43,c;
44,c;
45,s;
46,o;
47,o;
48,o;
49,na;
50,s;
51,o;
52,o;
53,o;
54,na;
55,s;
56,o;
57,o;
58,o;
59,na;
60,s;
61,o;
62,o;
63,o;
64,na;
65,h;
66,h;
67,h;
68,h;
69,h;
70,h;
71,h;
72,h;
73,h;
74,h;
75,h;
76,h;
77,h;
78,h;
79,h;
80,h;
}