edge = {
1,2;
2,1;
2,3;
3,2;
2,11;
11,2;
2,19;
19,2;
3,4;
4,3;
4,5;
5,4;
4,9;
9,4;
5,6;
6,5;
5,27;
27,5;
6,7;
7,6;
6,28;
28,6;
7,8;
8,7;
7,29;
29,7;
8,9;
9,8;
8,30;
30,8;
9,10;
10,9;
10,31;
31,10;
10,32;
32,10;
10,33;
33,10;
11,12;
12,11;
12,13;
13,12;
12,17;
17,12;
13,14;
14,13;
13,34;
34,13;
14,15;
15,14;
14,35;
35,14;
15,16;
16,15;
15,36;
36,15;
16,17;
17,16;
16,37;
37,16;
17,18;
18,17;
18,38;
38,18;
18,39;
39,18;
18,40;
40,18;
19,20;
20,19;
20,21;
21,20;
20,25;
25,20;
21,22;
22,21;
21,41;
41,21;
22,23;
23,22;
22,42;
42,22;
23,24;
24,23;
23,43;
43,23;
24,25;
25,24;
24,44;
44,24;
25,26;
26,25;
26,45;
45,26;
26,46;
46,26;
26,47;
47,26;
}
label = {
1,o;
2,p;
3,o;
4,c;
5,c;
6,c;
7,c;
8,c;
9,c;
10,c;
11,o;
12,c;
13,c;
14,c;
15,c;
16,c;
17,c;
18,c;
19,o;
20,c;
21,c;
22,c;
23,c;
24,c;
25,c;
26,c;
27,h;
28,h;
29,h;
30,h;
31,h;
32,h;
33,h;
34,h;
35,h;
36,h;
37,h;
38,h;
39,h;
40,h;
41,h;
42,h;
43,h;
44,h;
45,h;
46,h;
47,h;
}