edge = {
1,2;
2,1;
1,3;
3,1;
1,4;
4,1;
1,5;
5,1;
2,26;
26,2;
2,27;
27,2;
2,28;
28,2;
3,29;
29,3;
3,30;
30,3;
3,31;
31,3;
4,32;
32,4;
4,33;
33,4;
4,34;
34,4;
5,6;
6,5;
5,24;
24,5;
6,7;
7,6;
6,35;
35,6;
7,8;
8,7;
7,21;
21,7;
8,9;
9,8;
9,10;
10,9;
9,15;
15,9;
10,11;
11,10;
10,36;
36,10;
11,12;
12,11;
11,17;
17,11;
12,13;
13,12;
12,14;
14,12;
13,37;
37,13;
14,15;
15,14;
14,38;
38,14;
15,16;
16,15;
16,39;
39,16;
16,40;
40,16;
16,41;
41,16;
17,18;
18,17;
17,19;
19,17;
17,20;
20,17;
18,42;
42,18;
18,43;
43,18;
18,44;
44,18;
19,45;
45,19;
19,46;
46,19;
19,47;
47,19;
20,48;
48,20;
20,49;
49,20;
20,50;
50,20;
21,22;
22,21;
21,23;
23,21;
22,51;
51,22;
22,52;
52,22;
22,53;
53,22;
23,24;
24,23;
23,54;
54,23;
24,25;
25,24;
25,55;
55,25;
}
label = {
1,c;
2,c;
3,c;
4,c;
5,c;
6,c;
7,c;
8,s;
9,c;
10,c;
11,c;
12,c;
13,o;
14,c;
15,c;
16,c;
17,c;
18,c;
19,c;
20,c;
21,c;
22,c;
23,c;
24,c;
25,o;
26,h;
27,h;
28,h;
29,h;
30,h;
31,h;
32,h;
33,h;
34,h;
35,h;
36,h;
37,h;
38,h;
39,h;
40,h;
41,h;
42,h;
43,h;
44,h;
45,h;
46,h;
47,h;
48,h;
49,h;
50,h;
51,h;
52,h;
53,h;
54,h;
55,h;
}