edge = {
1,2;
2,1;
1,3;
3,1;
1,4;
4,1;
1,9;
9,1;
2,31;
31,2;
2,32;
32,2;
2,33;
33,2;
3,34;
34,3;
3,35;
35,3;
3,36;
36,3;
4,5;
5,4;
4,37;
37,4;
4,38;
38,4;
5,6;
6,5;
5,7;
7,5;
5,8;
8,5;
6,39;
39,6;
6,40;
40,6;
6,41;
41,6;
7,42;
42,7;
7,43;
43,7;
7,44;
44,7;
8,45;
45,8;
8,46;
46,8;
8,47;
47,8;
9,10;
10,9;
9,30;
30,9;
10,11;
11,10;
10,48;
48,10;
11,12;
12,11;
11,49;
49,11;
12,13;
13,12;
12,29;
29,12;
13,14;
14,13;
14,15;
15,14;
14,50;
50,14;
14,51;
51,14;
15,16;
16,15;
15,52;
52,15;
15,53;
53,15;
16,17;
17,16;
17,18;
18,17;
17,54;
54,17;
17,55;
55,17;
18,19;
19,18;
18,56;
56,18;
18,57;
57,18;
19,20;
20,19;
19,21;
21,19;
19,22;
22,19;
20,58;
58,20;
20,59;
59,20;
20,60;
60,20;
21,61;
61,21;
21,62;
62,21;
21,63;
63,21;
22,23;
23,22;
22,64;
64,22;
22,65;
65,22;
23,24;
24,23;
23,28;
28,23;
24,25;
25,24;
24,66;
66,24;
25,26;
26,25;
25,67;
67,25;
26,27;
27,26;
26,68;
68,26;
27,28;
28,27;
27,69;
69,27;
28,70;
70,28;
29,30;
30,29;
29,71;
71,29;
30,72;
72,30;
}
label = {
1,c;
2,c;
3,c;
4,c;
5,c;
6,c;
7,c;
8,c;
9,c;
10,c;
11,c;
12,c;
13,o;
14,c;
15,c;
16,o;
17,c;
18,c;
19,n;
20,c;
21,c;
22,c;
23,c;
24,c;
25,c;
26,c;
27,c;
28,c;
29,c;
30,c;
31,h;
32,h;
33,h;
34,h;
35,h;
36,h;
37,h;
38,h;
39,h;
40,h;
41,h;
42,h;
43,h;
44,h;
45,h;
46,h;
47,h;
48,h;
49,h;
50,h;
51,h;
52,h;
53,h;
54,h;
55,h;
56,h;
57,h;
58,h;
59,h;
60,h;
61,h;
62,h;
63,h;
64,h;
65,h;
66,h;
67,h;
68,h;
69,h;
70,h;
71,h;
72,h;
}