edge = {
1,2;
2,1;
1,6;
6,1;
1,21;
21,1;
2,3;
3,2;
2,24;
24,2;
3,4;
4,3;
3,17;
17,3;
4,5;
5,4;
4,25;
25,4;
5,6;
6,5;
5,14;
14,5;
6,7;
7,6;
7,8;
8,7;
7,11;
11,7;
8,9;
9,8;
8,26;
26,8;
8,27;
27,8;
9,10;
10,9;
9,28;
28,9;
9,29;
29,9;
10,30;
30,10;
10,31;
31,10;
10,32;
32,10;
11,12;
12,11;
11,33;
33,11;
11,34;
34,11;
12,13;
13,12;
12,35;
35,12;
12,36;
36,12;
13,37;
37,13;
13,38;
38,13;
13,39;
39,13;
14,15;
15,14;
14,16;
16,14;
17,18;
18,17;
17,19;
19,17;
17,20;
20,17;
21,22;
22,21;
21,23;
23,21;
}
label = {
1,c;
2,c;
3,c;
4,c;
5,c;
6,c;
7,n;
8,c;
9,c;
10,c;
11,c;
12,c;
13,c;
14,n;
15,o;
16,o;
17,c;
18,f;
19,f;
20,f;
21,n;
22,o;
23,o;
24,h;
25,h;
26,h;
27,h;
28,h;
29,h;
30,h;
31,h;
32,h;
33,h;
34,h;
35,h;
36,h;
37,h;
38,h;
39,h;
}