edge = {
1,2;
2,1;
1,6;
6,1;
1,12;
12,1;
1,18;
18,1;
2,3;
3,2;
2,4;
4,2;
4,5;
5,4;
5,19;
19,5;
5,20;
20,5;
5,21;
21,5;
6,7;
7,6;
6,11;
11,6;
7,8;
8,7;
7,22;
22,7;
8,9;
9,8;
8,23;
23,8;
9,10;
10,9;
9,24;
24,9;
10,11;
11,10;
10,25;
25,10;
11,26;
26,11;
12,13;
13,12;
12,17;
17,12;
12,27;
27,12;
13,14;
14,13;
13,28;
28,13;
13,29;
29,13;
14,15;
15,14;
14,30;
30,14;
14,31;
31,14;
15,16;
16,15;
15,32;
32,15;
15,33;
33,15;
16,17;
17,16;
16,34;
34,16;
16,35;
35,16;
17,36;
36,17;
17,37;
37,17;
}
label = {
1,c;
2,c;
3,o;
4,o;
5,c;
6,c;
7,c;
8,c;
9,c;
10,c;
11,c;
12,c;
13,c;
14,c;
15,c;
16,c;
17,n;
18,h;
19,h;
20,h;
21,h;
22,h;
23,h;
24,h;
25,h;
26,h;
27,h;
28,h;
29,h;
30,h;
31,h;
32,h;
33,h;
34,h;
35,h;
36,h;
37,h;
}