edge = {
1,2;
2,1;
2,3;
3,2;
2,20;
20,2;
3,4;
4,3;
3,21;
21,3;
4,5;
5,4;
4,22;
22,4;
5,6;
6,5;
5,19;
19,5;
6,7;
7,6;
6,23;
23,6;
7,8;
8,7;
7,9;
9,7;
9,10;
10,9;
9,11;
11,9;
9,24;
24,9;
10,25;
25,10;
11,12;
12,11;
12,13;
13,12;
12,19;
19,12;
13,14;
14,13;
13,18;
18,13;
14,15;
15,14;
14,26;
26,14;
15,16;
16,15;
15,27;
27,15;
16,17;
17,16;
16,28;
28,16;
17,18;
18,17;
17,29;
29,17;
18,30;
30,18;
19,20;
20,19;
20,31;
31,20;
}
label = {
1,cl;
2,c;
3,c;
4,c;
5,c;
6,n;
7,c;
8,o;
9,c;
10,o;
11,n;
12,c;
13,c;
14,c;
15,c;
16,c;
17,c;
18,c;
19,c;
20,c;
21,h;
22,h;
23,h;
24,h;
25,h;
26,h;
27,h;
28,h;
29,h;
30,h;
31,h;
}