edge = {
1,2;
2,1;
1,23;
23,1;
1,24;
24,1;
1,25;
25,1;
2,3;
3,2;
2,19;
19,2;
2,26;
26,2;
3,4;
4,3;
3,22;
22,3;
3,27;
27,3;
4,5;
5,4;
4,28;
28,4;
4,29;
29,4;
5,6;
6,5;
5,18;
18,5;
5,30;
30,5;
6,7;
7,6;
7,8;
8,7;
7,9;
9,7;
9,10;
10,9;
9,12;
12,9;
9,31;
31,9;
10,11;
11,10;
10,32;
32,10;
10,33;
33,10;
11,34;
34,11;
12,13;
13,12;
12,17;
17,12;
13,14;
14,13;
13,35;
35,13;
14,15;
15,14;
14,36;
36,14;
15,16;
16,15;
15,37;
37,15;
16,17;
17,16;
16,38;
38,16;
17,39;
39,17;
18,19;
19,18;
18,40;
40,18;
18,41;
41,18;
19,20;
20,19;
19,42;
42,19;
20,21;
21,20;
20,22;
22,20;
20,43;
43,20;
21,22;
22,21;
22,44;
44,22;
}
label = {
1,c;
2,n;
3,c;
4,c;
5,c;
6,o;
7,c;
8,o;
9,c;
10,c;
11,o;
12,c;
13,c;
14,c;
15,c;
16,c;
17,c;
18,c;
19,c;
20,c;
21,o;
22,c;
23,h;
24,h;
25,h;
26,h;
27,h;
28,h;
29,h;
30,h;
31,h;
32,h;
33,h;
34,h;
35,h;
36,h;
37,h;
38,h;
39,h;
40,h;
41,h;
42,h;
43,h;
44,h;
}