edge = {
1,2;
2,1;
1,24;
24,1;
1,25;
25,1;
1,26;
26,1;
2,3;
3,2;
2,23;
23,2;
3,4;
4,3;
3,27;
27,3;
4,5;
5,4;
4,21;
21,4;
4,28;
28,4;
5,6;
6,5;
5,16;
16,5;
6,7;
7,6;
6,8;
8,6;
7,29;
29,7;
8,9;
9,8;
8,30;
30,8;
9,10;
10,9;
9,15;
15,9;
10,11;
11,10;
10,31;
31,10;
10,32;
32,10;
11,12;
12,11;
11,33;
33,11;
11,34;
34,11;
12,13;
13,12;
12,35;
35,12;
12,36;
36,12;
13,14;
14,13;
13,37;
37,13;
13,38;
38,13;
14,39;
39,14;
14,40;
40,14;
14,41;
41,14;
15,16;
16,15;
15,42;
42,15;
16,17;
17,16;
17,18;
18,17;
18,19;
19,18;
18,20;
20,18;
18,21;
21,18;
19,43;
43,19;
19,44;
44,19;
19,45;
45,19;
20,46;
46,20;
20,47;
47,20;
20,48;
48,20;
21,22;
22,21;
21,49;
49,21;
22,23;
23,22;
22,50;
50,22;
22,51;
51,22;
23,52;
52,23;
23,53;
53,23;
}
label = {
1,c;
2,c;
3,c;
4,c;
5,c;
6,c;
7,o;
8,c;
9,c;
10,c;
11,c;
12,c;
13,c;
14,c;
15,c;
16,c;
17,o;
18,c;
19,c;
20,c;
21,c;
22,c;
23,c;
24,h;
25,h;
26,h;
27,h;
28,h;
29,h;
30,h;
31,h;
32,h;
33,h;
34,h;
35,h;
36,h;
37,h;
38,h;
39,h;
40,h;
41,h;
42,h;
43,h;
44,h;
45,h;
46,h;
47,h;
48,h;
49,h;
50,h;
51,h;
52,h;
53,h;
}