edge = {
1,2;
2,1;
1,10;
10,1;
1,18;
18,1;
1,22;
22,1;
2,3;
3,2;
2,9;
9,2;
3,4;
4,3;
3,23;
23,3;
4,5;
5,4;
4,24;
24,4;
5,6;
6,5;
5,8;
8,5;
6,7;
7,6;
7,25;
25,7;
7,26;
26,7;
7,27;
27,7;
8,9;
9,8;
8,28;
28,8;
9,29;
29,9;
10,11;
11,10;
10,17;
17,10;
11,12;
12,11;
11,30;
30,11;
12,13;
13,12;
12,31;
31,12;
13,14;
14,13;
13,16;
16,13;
14,15;
15,14;
15,32;
32,15;
15,33;
33,15;
15,34;
34,15;
16,17;
17,16;
16,35;
35,16;
17,36;
36,17;
18,19;
19,18;
18,20;
20,18;
18,21;
21,18;
}
label = {
1,c;
2,c;
3,c;
4,c;
5,c;
6,o;
7,c;
8,c;
9,c;
10,c;
11,c;
12,c;
13,c;
14,o;
15,c;
16,c;
17,c;
18,c;
19,cl;
20,cl;
21,cl;
22,h;
23,h;
24,h;
25,h;
26,h;
27,h;
28,h;
29,h;
30,h;
31,h;
32,h;
33,h;
34,h;
35,h;
36,h;
}