edge = {
1,2;
2,1;
1,8;
8,1;
1,22;
22,1;
2,3;
3,2;
2,17;
17,2;
3,4;
4,3;
3,23;
23,3;
4,5;
5,4;
4,24;
24,4;
5,6;
6,5;
5,8;
8,5;
6,7;
7,6;
7,25;
25,7;
7,26;
26,7;
7,27;
27,7;
8,9;
9,8;
9,10;
10,9;
10,11;
11,10;
10,22;
22,10;
10,28;
28,10;
11,12;
12,11;
11,13;
13,11;
11,29;
29,11;
12,30;
30,12;
13,14;
14,13;
13,31;
31,13;
14,15;
15,14;
14,32;
32,14;
15,16;
16,15;
15,22;
22,15;
15,33;
33,15;
16,17;
17,16;
16,18;
18,16;
16,34;
34,16;
17,35;
35,17;
17,36;
36,17;
18,19;
19,18;
18,20;
20,18;
18,37;
37,18;
19,38;
38,19;
19,39;
39,19;
19,40;
40,19;
20,21;
21,20;
20,41;
41,20;
20,42;
42,20;
21,22;
22,21;
21,43;
43,21;
21,44;
44,21;
}
label = {
1,c;
2,c;
3,c;
4,c;
5,c;
6,o;
7,c;
8,c;
9,o;
10,c;
11,c;
12,o;
13,c;
14,c;
15,c;
16,c;
17,c;
18,n;
19,c;
20,c;
21,c;
22,c;
23,h;
24,h;
25,h;
26,h;
27,h;
28,h;
29,h;
30,h;
31,h;
32,h;
33,h;
34,h;
35,h;
36,h;
37,h;
38,h;
39,h;
40,h;
41,h;
42,h;
43,h;
44,h;
}