edge = {
1,2;
2,1;
1,14;
14,1;
1,15;
15,1;
1,16;
16,1;
2,3;
3,2;
2,13;
13,2;
3,4;
4,3;
3,17;
17,3;
4,5;
5,4;
4,6;
6,4;
4,7;
7,4;
5,18;
18,5;
5,19;
19,5;
5,20;
20,5;
6,21;
21,6;
6,22;
22,6;
6,23;
23,6;
7,8;
8,7;
7,24;
24,7;
8,9;
9,8;
8,13;
13,8;
9,10;
10,9;
9,25;
25,9;
10,11;
11,10;
10,26;
26,10;
11,12;
12,11;
11,27;
27,11;
12,13;
13,12;
12,28;
28,12;
}
label = {
1,c;
2,c;
3,c;
4,c;
5,c;
6,c;
7,n;
8,c;
9,c;
10,c;
11,c;
12,c;
13,c;
14,h;
15,h;
16,h;
17,h;
18,h;
19,h;
20,h;
21,h;
22,h;
23,h;
24,h;
25,h;
26,h;
27,h;
28,h;
}