edge = {
1,2;
2,1;
1,3;
3,1;
1,4;
4,1;
1,11;
11,1;
4,5;
5,4;
4,29;
29,4;
5,6;
6,5;
5,10;
10,5;
6,7;
7,6;
6,30;
30,6;
7,8;
8,7;
7,31;
31,7;
8,9;
9,8;
8,32;
32,8;
9,10;
10,9;
9,33;
33,9;
11,12;
12,11;
11,16;
16,11;
12,13;
13,12;
12,34;
34,12;
13,14;
14,13;
13,35;
35,13;
14,15;
15,14;
14,17;
17,14;
15,16;
16,15;
15,36;
36,15;
16,37;
37,16;
17,18;
18,17;
18,19;
19,18;
19,20;
20,19;
19,25;
25,19;
20,21;
21,20;
20,38;
38,20;
21,22;
22,21;
21,39;
39,21;
22,23;
23,22;
22,24;
24,22;
23,40;
40,23;
24,25;
25,24;
24,26;
26,24;
25,41;
41,25;
26,27;
27,26;
26,28;
28,26;
}
label = {
1,s;
2,o;
3,o;
4,n;
5,c;
6,c;
7,c;
8,c;
9,c;
10,n;
11,c;
12,c;
13,c;
14,c;
15,c;
16,c;
17,n;
18,n;
19,c;
20,c;
21,c;
22,c;
23,o;
24,c;
25,c;
26,c;
27,o;
28,o;
29,h;
30,h;
31,h;
32,h;
33,h;
34,h;
35,h;
36,h;
37,h;
38,h;
39,h;
40,h;
41,h;
}