edge = {
1,2;
2,1;
1,13;
13,1;
1,24;
24,1;
2,3;
3,2;
2,25;
25,2;
3,4;
4,3;
3,26;
26,3;
4,5;
5,4;
4,12;
12,4;
5,6;
6,5;
5,7;
7,5;
7,8;
8,7;
8,9;
9,8;
8,27;
27,8;
8,28;
28,8;
9,10;
10,9;
9,29;
29,9;
9,30;
30,9;
10,11;
11,10;
10,31;
31,10;
10,32;
32,10;
11,33;
33,11;
11,34;
34,11;
11,35;
35,11;
12,13;
13,12;
12,14;
14,12;
13,36;
36,13;
14,15;
15,14;
14,16;
16,14;
16,17;
17,16;
17,18;
18,17;
17,37;
37,17;
17,38;
38,17;
18,19;
19,18;
18,23;
23,18;
19,20;
20,19;
19,39;
39,19;
20,21;
21,20;
20,40;
40,20;
21,22;
22,21;
21,41;
41,21;
22,23;
23,22;
22,42;
42,22;
23,43;
43,23;
}
label = {
1,c;
2,c;
3,c;
4,c;
5,c;
6,o;
7,o;
8,c;
9,c;
10,c;
11,c;
12,c;
13,c;
14,c;
15,o;
16,o;
17,c;
18,c;
19,c;
20,c;
21,c;
22,c;
23,c;
24,h;
25,h;
26,h;
27,h;
28,h;
29,h;
30,h;
31,h;
32,h;
33,h;
34,h;
35,h;
36,h;
37,h;
38,h;
39,h;
40,h;
41,h;
42,h;
43,h;
}