edge = {
1,2;
2,1;
1,6;
6,1;
1,22;
22,1;
2,3;
3,2;
2,23;
23,2;
3,4;
4,3;
3,24;
24,3;
4,5;
5,4;
4,25;
25,4;
5,6;
6,5;
5,10;
10,5;
6,7;
7,6;
7,8;
8,7;
7,26;
26,7;
8,9;
9,8;
8,27;
27,8;
9,10;
10,9;
9,11;
11,9;
11,12;
12,11;
11,20;
20,11;
11,28;
28,11;
12,13;
13,12;
12,14;
14,12;
14,15;
15,14;
14,19;
19,14;
15,16;
16,15;
15,29;
29,15;
16,17;
17,16;
16,30;
30,16;
17,18;
18,17;
17,31;
31,17;
18,19;
19,18;
18,32;
32,18;
19,20;
20,19;
20,21;
21,20;
}
label = {
1,c;
2,c;
3,c;
4,c;
5,c;
6,c;
7,c;
8,c;
9,c;
10,n;
11,c;
12,c;
13,o;
14,c;
15,c;
16,c;
17,c;
18,c;
19,c;
20,c;
21,o;
22,h;
23,h;
24,h;
25,h;
26,h;
27,h;
28,h;
29,h;
30,h;
31,h;
32,h;
}