edge = {
1,2;
2,1;
1,6;
6,1;
1,11;
11,1;
1,18;
18,1;
2,3;
3,2;
3,4;
4,3;
3,5;
5,3;
5,6;
6,5;
5,10;
10,5;
6,7;
7,6;
7,8;
8,7;
7,25;
25,7;
8,9;
9,8;
8,26;
26,8;
9,10;
10,9;
9,27;
27,9;
10,28;
28,10;
11,12;
12,11;
11,17;
17,11;
12,13;
13,12;
12,29;
29,12;
13,14;
14,13;
13,30;
30,13;
14,15;
15,14;
14,16;
16,14;
15,31;
31,15;
16,17;
17,16;
16,32;
32,16;
17,33;
33,17;
18,19;
19,18;
18,24;
24,18;
19,20;
20,19;
19,34;
34,19;
20,21;
21,20;
20,35;
35,20;
21,22;
22,21;
21,23;
23,21;
22,36;
36,22;
23,24;
24,23;
23,37;
37,23;
24,38;
38,24;
}
label = {
1,c;
2,o;
3,c;
4,o;
5,c;
6,c;
7,c;
8,c;
9,c;
10,c;
11,c;
12,c;
13,c;
14,c;
15,o;
16,c;
17,c;
18,c;
19,c;
20,c;
21,c;
22,o;
23,c;
24,c;
25,h;
26,h;
27,h;
28,h;
29,h;
30,h;
31,h;
32,h;
33,h;
34,h;
35,h;
36,h;
37,h;
38,h;
}