edge = {
1,2;
2,1;
1,8;
8,1;
1,20;
20,1;
2,3;
3,2;
2,4;
4,2;
4,5;
5,4;
4,6;
6,4;
5,21;
21,5;
5,22;
22,5;
5,23;
23,5;
6,7;
7,6;
6,24;
24,6;
7,8;
8,7;
7,10;
10,7;
8,9;
9,8;
10,11;
11,10;
10,19;
19,10;
10,25;
25,10;
11,12;
12,11;
12,13;
13,12;
12,15;
15,12;
12,26;
26,12;
13,14;
14,13;
13,27;
27,13;
13,28;
28,13;
14,29;
29,14;
15,16;
16,15;
15,19;
19,15;
15,30;
30,15;
16,17;
17,16;
17,18;
18,17;
19,31;
31,19;
19,32;
32,19;
}
label = {
1,n;
2,c;
3,o;
4,c;
5,c;
6,c;
7,n;
8,c;
9,o;
10,c;
11,o;
12,c;
13,c;
14,o;
15,c;
16,n;
17,n;
18,n;
19,c;
20,h;
21,h;
22,h;
23,h;
24,h;
25,h;
26,h;
27,h;
28,h;
29,h;
30,h;
31,h;
32,h;
}