edge = {
1,2;
2,1;
1,3;
3,1;
1,8;
8,1;
3,4;
4,3;
3,17;
17,3;
4,5;
5,4;
4,18;
18,4;
4,19;
19,4;
5,6;
6,5;
5,20;
20,5;
6,7;
7,6;
6,8;
8,6;
8,9;
9,8;
8,11;
11,8;
9,10;
10,9;
9,21;
21,9;
9,22;
22,9;
10,23;
23,10;
10,24;
24,10;
10,25;
25,10;
11,12;
12,11;
11,16;
16,11;
12,13;
13,12;
12,26;
26,12;
13,14;
14,13;
13,27;
27,13;
14,15;
15,14;
14,28;
28,14;
15,16;
16,15;
15,29;
29,15;
16,30;
30,16;
}
label = {
1,c;
2,o;
3,n;
4,c;
5,n;
6,c;
7,o;
8,c;
9,c;
10,c;
11,c;
12,c;
13,c;
14,c;
15,c;
16,c;
17,h;
18,h;
19,h;
20,h;
21,h;
22,h;
23,h;
24,h;
25,h;
26,h;
27,h;
28,h;
29,h;
30,h;
}