edge = {
1,2;
2,1;
1,15;
15,1;
1,30;
30,1;
1,31;
31,1;
2,3;
3,2;
3,4;
4,3;
3,5;
5,3;
5,6;
6,5;
5,7;
7,5;
5,11;
11,5;
6,32;
32,6;
7,8;
8,7;
7,9;
9,7;
7,33;
33,7;
8,34;
34,8;
8,35;
35,8;
8,36;
36,8;
9,10;
10,9;
10,37;
37,10;
10,38;
38,10;
10,39;
39,10;
11,12;
12,11;
11,13;
13,11;
11,14;
14,11;
12,40;
40,12;
12,41;
41,12;
12,42;
42,12;
13,43;
43,13;
13,44;
44,13;
13,45;
45,13;
14,46;
46,14;
15,16;
16,15;
15,29;
29,15;
16,17;
17,16;
16,47;
47,16;
17,18;
18,17;
17,48;
48,17;
17,49;
49,17;
18,19;
19,18;
18,29;
29,18;
18,50;
50,18;
19,20;
20,19;
19,51;
51,19;
19,52;
52,19;
20,21;
21,20;
20,53;
53,20;
20,54;
54,20;
21,22;
22,21;
21,29;
29,21;
21,55;
55,21;
22,23;
23,22;
23,24;
24,23;
23,25;
25,23;
25,26;
26,25;
25,27;
27,25;
26,56;
56,26;
26,57;
57,26;
26,58;
58,26;
27,28;
28,27;
27,59;
59,27;
28,60;
60,28;
28,61;
61,28;
28,62;
62,28;
29,63;
63,29;
}
label = {
1,c;
2,o;
3,c;
4,o;
5,c;
6,o;
7,c;
8,c;
9,o;
10,c;
11,c;
12,c;
13,c;
14,o;
15,c;
16,c;
17,c;
18,n;
19,c;
20,c;
21,c;
22,o;
23,c;
24,o;
25,c;
26,c;
27,c;
28,c;
29,c;
30,h;
31,h;
32,h;
33,h;
34,h;
35,h;
36,h;
37,h;
38,h;
39,h;
40,h;
41,h;
42,h;
43,h;
44,h;
45,h;
46,h;
47,h;
48,h;
49,h;
50,h;
51,h;
52,h;
53,h;
54,h;
55,h;
56,h;
57,h;
58,h;
59,h;
60,h;
61,h;
62,h;
63,h;
}