edge = {
1,2;
2,1;
1,20;
20,1;
1,21;
21,1;
1,22;
22,1;
2,3;
3,2;
2,23;
23,2;
2,24;
24,2;
3,4;
4,3;
3,25;
25,3;
3,26;
26,3;
4,5;
5,4;
4,27;
27,4;
4,28;
28,4;
5,6;
6,5;
5,29;
29,5;
5,30;
30,5;
6,7;
7,6;
6,31;
31,6;
6,32;
32,6;
7,8;
8,7;
7,33;
33,7;
7,34;
34,7;
8,9;
9,8;
8,35;
35,8;
8,36;
36,8;
9,10;
10,9;
9,37;
37,9;
9,38;
38,9;
10,11;
11,10;
10,39;
39,10;
10,40;
40,10;
11,12;
12,11;
11,41;
41,11;
11,42;
42,11;
12,13;
13,12;
12,43;
43,12;
12,44;
44,12;
13,14;
14,13;
13,17;
17,13;
13,45;
45,13;
14,15;
15,14;
14,46;
46,14;
14,47;
47,14;
15,16;
16,15;
15,48;
48,15;
15,49;
49,15;
16,50;
50,16;
17,18;
18,17;
17,51;
51,17;
17,52;
52,17;
18,19;
19,18;
18,53;
53,18;
18,54;
54,18;
19,55;
55,19;
}
label = {
1,c;
2,c;
3,c;
4,c;
5,c;
6,c;
7,c;
8,c;
9,c;
10,c;
11,c;
12,c;
13,n;
14,c;
15,c;
16,o;
17,c;
18,c;
19,o;
20,h;
21,h;
22,h;
23,h;
24,h;
25,h;
26,h;
27,h;
28,h;
29,h;
30,h;
31,h;
32,h;
33,h;
34,h;
35,h;
36,h;
37,h;
38,h;
39,h;
40,h;
41,h;
42,h;
43,h;
44,h;
45,h;
46,h;
47,h;
48,h;
49,h;
50,h;
51,h;
52,h;
53,h;
54,h;
55,h;
}