edge = {
1,2;
2,1;
1,9;
9,1;
1,25;
25,1;
1,26;
26,1;
2,3;
3,2;
2,27;
27,2;
2,28;
28,2;
3,4;
4,3;
3,29;
29,3;
3,30;
30,3;
4,5;
5,4;
4,31;
31,4;
4,32;
32,4;
5,6;
6,5;
5,33;
33,5;
5,34;
34,5;
6,7;
7,6;
6,35;
35,6;
6,36;
36,6;
7,8;
8,7;
7,37;
37,7;
7,38;
38,7;
8,39;
39,8;
8,40;
40,8;
8,41;
41,8;
9,10;
10,9;
9,42;
42,9;
10,11;
11,10;
10,43;
43,10;
11,12;
12,11;
11,44;
44,11;
11,45;
45,11;
12,13;
13,12;
12,46;
46,12;
12,47;
47,12;
13,14;
14,13;
13,48;
48,13;
13,49;
49,13;
14,15;
15,14;
14,50;
50,14;
14,51;
51,14;
15,16;
16,15;
15,52;
52,15;
15,53;
53,15;
16,17;
17,16;
16,54;
54,16;
16,55;
55,16;
17,18;
18,17;
17,56;
56,17;
17,57;
57,17;
18,19;
19,18;
18,20;
20,18;
20,21;
21,20;
20,23;
23,20;
21,22;
22,21;
21,58;
58,21;
21,59;
59,21;
22,60;
60,22;
22,61;
61,22;
22,62;
62,22;
23,24;
24,23;
23,63;
63,23;
23,64;
64,23;
24,65;
65,24;
24,66;
66,24;
24,67;
67,24;
}
label = {
1,c;
2,c;
3,c;
4,c;
5,c;
6,c;
7,c;
8,c;
9,c;
10,c;
11,c;
12,c;
13,c;
14,c;
15,c;
16,c;
17,c;
18,c;
19,o;
20,n;
21,c;
22,c;
23,c;
24,c;
25,h;
26,h;
27,h;
28,h;
29,h;
30,h;
31,h;
32,h;
33,h;
34,h;
35,h;
36,h;
37,h;
38,h;
39,h;
40,h;
41,h;
42,h;
43,h;
44,h;
45,h;
46,h;
47,h;
48,h;
49,h;
50,h;
51,h;
52,h;
53,h;
54,h;
55,h;
56,h;
57,h;
58,h;
59,h;
60,h;
61,h;
62,h;
63,h;
64,h;
65,h;
66,h;
67,h;
}