edge = {
1,2;
2,1;
1,4;
4,1;
1,9;
9,1;
2,3;
3,2;
2,25;
25,2;
3,26;
26,3;
4,5;
5,4;
4,27;
27,4;
4,28;
28,4;
5,6;
6,5;
5,7;
7,5;
5,14;
14,5;
6,29;
29,6;
6,30;
30,6;
6,31;
31,6;
7,8;
8,7;
7,11;
11,7;
7,32;
32,7;
8,9;
9,8;
8,33;
33,8;
8,34;
34,8;
9,10;
10,9;
11,12;
12,11;
11,35;
35,11;
11,36;
36,11;
12,13;
13,12;
12,37;
37,12;
12,38;
38,12;
13,14;
14,13;
13,19;
19,13;
13,39;
39,13;
14,15;
15,14;
14,40;
40,14;
15,16;
16,15;
15,41;
41,15;
15,42;
42,15;
16,17;
17,16;
16,43;
43,16;
16,44;
44,16;
17,18;
18,17;
17,19;
19,17;
17,22;
22,17;
18,45;
45,18;
18,46;
46,18;
18,47;
47,18;
19,20;
20,19;
19,48;
48,19;
20,21;
21,20;
20,49;
49,20;
20,50;
50,20;
21,22;
22,21;
21,51;
51,21;
21,52;
52,21;
22,23;
23,22;
22,24;
24,22;
23,53;
53,23;
24,54;
54,24;
24,55;
55,24;
24,56;
56,24;
}
label = {
1,c;
2,c;
3,o;
4,c;
5,c;
6,c;
7,c;
8,c;
9,c;
10,o;
11,c;
12,c;
13,c;
14,c;
15,c;
16,c;
17,c;
18,c;
19,c;
20,c;
21,c;
22,c;
23,o;
24,c;
25,h;
26,h;
27,h;
28,h;
29,h;
30,h;
31,h;
32,h;
33,h;
34,h;
35,h;
36,h;
37,h;
38,h;
39,h;
40,h;
41,h;
42,h;
43,h;
44,h;
45,h;
46,h;
47,h;
48,h;
49,h;
50,h;
51,h;
52,h;
53,h;
54,h;
55,h;
56,h;
}