edge = {
1,2;
2,1;
1,12;
12,1;
1,22;
22,1;
1,23;
23,1;
2,3;
3,2;
2,10;
10,2;
3,4;
4,3;
3,5;
5,3;
5,6;
6,5;
5,7;
7,5;
7,8;
8,7;
7,24;
24,7;
8,9;
9,8;
8,10;
10,8;
10,11;
11,10;
11,25;
25,11;
12,13;
13,12;
12,20;
20,12;
13,14;
14,13;
13,15;
15,13;
15,16;
16,15;
15,17;
17,15;
17,18;
18,17;
17,26;
26,17;
18,19;
19,18;
18,20;
20,18;
20,21;
21,20;
21,27;
27,21;
}
label = {
1,c;
2,c;
3,c;
4,cl;
5,c;
6,cl;
7,c;
8,c;
9,cl;
10,c;
11,o;
12,c;
13,c;
14,cl;
15,c;
16,cl;
17,c;
18,c;
19,cl;
20,c;
21,o;
22,h;
23,h;
24,h;
25,h;
26,h;
27,h;
}