edge = {
1,2;
2,1;
1,8;
8,1;
1,19;
19,1;
2,3;
3,2;
2,4;
4,2;
3,21;
21,3;
4,5;
5,4;
4,22;
22,4;
5,6;
6,5;
5,7;
7,5;
6,23;
23,6;
7,8;
8,7;
7,24;
24,7;
8,9;
9,8;
9,10;
10,9;
9,11;
11,9;
11,12;
12,11;
11,18;
18,11;
12,13;
13,12;
12,25;
25,12;
13,14;
14,13;
13,15;
15,13;
14,26;
26,14;
14,27;
27,14;
14,28;
28,14;
15,16;
16,15;
15,29;
29,15;
16,17;
17,16;
16,18;
18,16;
17,30;
30,17;
18,19;
19,18;
19,20;
20,19;
}
label = {
1,c;
2,c;
3,o;
4,c;
5,c;
6,o;
7,c;
8,c;
9,c;
10,o;
11,c;
12,c;
13,c;
14,c;
15,c;
16,c;
17,o;
18,c;
19,c;
20,o;
21,h;
22,h;
23,h;
24,h;
25,h;
26,h;
27,h;
28,h;
29,h;
30,h;
}