edge = {
1,2;
2,1;
1,3;
3,1;
1,4;
4,1;
4,5;
5,4;
4,51;
51,4;
4,52;
52,4;
5,6;
6,5;
5,48;
48,5;
5,53;
53,5;
6,7;
7,6;
6,54;
54,6;
6,55;
55,6;
7,8;
8,7;
7,9;
9,7;
9,10;
10,9;
10,11;
11,10;
10,17;
17,10;
10,56;
56,10;
11,12;
12,11;
11,13;
13,11;
11,57;
57,11;
12,58;
58,12;
12,59;
59,12;
12,60;
60,12;
13,14;
14,13;
13,61;
61,13;
13,62;
62,13;
14,15;
15,14;
14,63;
63,14;
14,64;
64,14;
15,16;
16,15;
15,65;
65,15;
15,66;
66,15;
16,67;
67,16;
16,68;
68,16;
16,69;
69,16;
17,18;
18,17;
17,36;
36,17;
17,70;
70,17;
18,19;
19,18;
18,71;
71,18;
18,72;
72,18;
19,20;
20,19;
19,21;
21,19;
19,73;
73,19;
20,74;
74,20;
20,75;
75,20;
20,76;
76,20;
21,22;
22,21;
21,77;
77,21;
21,78;
78,21;
22,23;
23,22;
22,24;
24,22;
22,79;
79,22;
23,80;
80,23;
24,25;
25,24;
24,81;
81,24;
24,82;
82,24;
25,26;
26,25;
25,83;
83,25;
25,84;
84,25;
26,27;
27,26;
26,85;
85,26;
26,86;
86,26;
27,28;
28,27;
27,87;
87,27;
27,88;
88,27;
28,29;
29,28;
28,30;
30,28;
28,89;
89,28;
29,90;
90,29;
30,31;
31,30;
30,91;
91,30;
30,92;
92,30;
31,32;
32,31;
31,33;
33,31;
31,93;
93,31;
32,94;
94,32;
33,34;
34,33;
33,35;
35,33;
33,95;
95,33;
34,96;
96,34;
34,97;
97,34;
34,98;
98,34;
35,99;
99,35;
35,100;
100,35;
35,101;
101,35;
36,37;
37,36;
37,38;
38,37;
37,39;
39,37;
39,40;
40,39;
39,102;
102,39;
39,103;
103,39;
40,41;
41,40;
40,45;
45,40;
40,104;
104,40;
41,42;
42,41;
41,105;
105,41;
41,106;
106,41;
42,43;
43,42;
42,44;
44,42;
45,46;
46,45;
45,47;
47,45;
48,49;
49,48;
48,50;
50,48;
}
label = {
1,c;
2,o;
3,o;
4,c;
5,c;
6,c;
7,c;
8,o;
9,o;
10,c;
11,c;
12,c;
13,c;
14,c;
15,c;
16,c;
17,c;
18,c;
19,c;
20,c;
21,c;
22,c;
23,o;
24,c;
25,c;
26,c;
27,c;
28,c;
29,o;
30,c;
31,c;
32,o;
33,c;
34,c;
35,n;
36,o;
37,c;
38,o;
39,c;
40,c;
41,c;
42,c;
43,o;
44,o;
45,c;
46,o;
47,o;
48,c;
49,o;
50,o;
51,h;
52,h;
53,h;
54,h;
55,h;
56,h;
57,h;
58,h;
59,h;
60,h;
61,h;
62,h;
63,h;
64,h;
65,h;
66,h;
67,h;
68,h;
69,h;
70,h;
71,h;
72,h;
73,h;
74,h;
75,h;
76,h;
77,h;
78,h;
79,h;
80,h;
81,h;
82,h;
83,h;
84,h;
85,h;
86,h;
87,h;
88,h;
89,h;
90,h;
91,h;
92,h;
93,h;
94,h;
95,h;
96,h;
97,h;
98,h;
99,h;
100,h;
101,h;
102,h;
103,h;
104,h;
105,h;
106,h;
}