edge = {
1,2;
2,1;
1,3;
3,1;
1,8;
8,1;
1,18;
18,1;
2,19;
19,2;
3,4;
4,3;
3,6;
6,3;
3,20;
20,3;
4,5;
5,4;
4,21;
21,4;
4,22;
22,4;
5,23;
23,5;
6,7;
7,6;
7,8;
8,7;
7,10;
10,7;
7,24;
24,7;
8,9;
9,8;
8,25;
25,8;
9,26;
26,9;
10,11;
11,10;
10,16;
16,10;
11,12;
12,11;
11,27;
27,11;
12,13;
13,12;
13,14;
14,13;
13,15;
15,13;
14,28;
28,14;
14,29;
29,14;
15,16;
16,15;
16,17;
17,16;
}
label = {
1,c;
2,o;
3,c;
4,c;
5,o;
6,o;
7,c;
8,c;
9,o;
10,n;
11,c;
12,n;
13,c;
14,n;
15,n;
16,c;
17,o;
18,h;
19,h;
20,h;
21,h;
22,h;
23,h;
24,h;
25,h;
26,h;
27,h;
28,h;
29,h;
}