edge = {
1,2;
2,1;
1,10;
10,1;
1,36;
36,1;
2,3;
3,2;
2,5;
5,2;
3,4;
4,3;
4,37;
37,4;
4,38;
38,4;
4,39;
39,4;
5,6;
6,5;
5,8;
8,5;
6,7;
7,6;
7,40;
40,7;
7,41;
41,7;
7,42;
42,7;
8,9;
9,8;
8,43;
43,8;
9,10;
10,9;
9,35;
35,9;
10,11;
11,10;
11,12;
12,11;
11,44;
44,11;
11,45;
45,11;
12,13;
13,12;
12,46;
46,12;
12,47;
47,12;
13,14;
14,13;
13,35;
35,13;
13,48;
48,13;
14,15;
15,14;
14,49;
49,14;
14,50;
50,14;
15,16;
16,15;
15,18;
18,15;
15,51;
51,15;
16,17;
17,16;
16,52;
52,16;
16,53;
53,16;
17,54;
54,17;
17,55;
55,17;
17,56;
56,17;
18,19;
19,18;
18,34;
34,18;
18,57;
57,18;
19,20;
20,19;
19,58;
58,19;
19,59;
59,19;
20,21;
21,20;
20,33;
33,20;
20,60;
60,20;
21,22;
22,21;
21,61;
61,21;
21,62;
62,21;
22,23;
23,22;
22,63;
63,22;
22,64;
64,22;
23,24;
24,23;
23,65;
65,23;
23,66;
66,23;
24,25;
25,24;
24,33;
33,24;
25,26;
26,25;
25,67;
67,25;
26,27;
27,26;
26,29;
29,26;
27,28;
28,27;
28,68;
68,28;
28,69;
69,28;
28,70;
70,28;
29,30;
30,29;
29,32;
32,29;
30,31;
31,30;
31,71;
71,31;
31,72;
72,31;
31,73;
73,31;
32,33;
33,32;
32,74;
74,32;
34,35;
35,34;
34,75;
75,34;
34,76;
76,34;
35,77;
77,35;
}
label = {
1,c;
2,c;
3,o;
4,c;
5,c;
6,o;
7,c;
8,c;
9,c;
10,c;
11,c;
12,c;
13,n;
14,c;
15,c;
16,c;
17,c;
18,c;
19,c;
20,c;
21,n;
22,c;
23,c;
24,c;
25,c;
26,c;
27,o;
28,c;
29,c;
30,o;
31,c;
32,c;
33,c;
34,c;
35,c;
36,h;
37,h;
38,h;
39,h;
40,h;
41,h;
42,h;
43,h;
44,h;
45,h;
46,h;
47,h;
48,h;
49,h;
50,h;
51,h;
52,h;
53,h;
54,h;
55,h;
56,h;
57,h;
58,h;
59,h;
60,h;
61,h;
62,h;
63,h;
64,h;
65,h;
66,h;
67,h;
68,h;
69,h;
70,h;
71,h;
72,h;
73,h;
74,h;
75,h;
76,h;
77,h;
}