edge = {
1,2;
2,1;
1,3;
3,1;
1,4;
4,1;
1,11;
11,1;
4,5;
5,4;
4,18;
18,4;
5,6;
6,5;
5,7;
7,5;
7,8;
8,7;
7,19;
19,7;
8,9;
9,8;
8,20;
20,8;
8,21;
21,8;
9,10;
10,9;
9,22;
22,9;
9,23;
23,9;
10,24;
24,10;
10,25;
25,10;
10,26;
26,10;
11,12;
12,11;
11,17;
17,11;
12,13;
13,12;
12,27;
27,12;
13,14;
14,13;
13,28;
28,13;
14,15;
15,14;
14,16;
16,14;
16,17;
17,16;
16,29;
29,16;
17,30;
30,17;
}
label = {
1,s;
2,o;
3,o;
4,n;
5,c;
6,o;
7,n;
8,c;
9,c;
10,c;
11,c;
12,c;
13,c;
14,c;
15,cl;
16,c;
17,c;
18,h;
19,h;
20,h;
21,h;
22,h;
23,h;
24,h;
25,h;
26,h;
27,h;
28,h;
29,h;
30,h;
}