edge = {
1,2;
2,1;
1,9;
9,1;
2,3;
3,2;
2,8;
8,2;
3,4;
4,3;
3,16;
16,3;
4,5;
5,4;
4,17;
17,4;
5,6;
6,5;
5,7;
7,5;
6,24;
24,6;
6,25;
25,6;
7,8;
8,7;
7,18;
18,7;
8,19;
19,8;
9,10;
10,9;
9,15;
15,9;
10,11;
11,10;
10,20;
20,10;
11,12;
12,11;
11,21;
21,11;
12,13;
13,12;
12,14;
14,12;
13,26;
26,13;
13,27;
27,13;
14,15;
15,14;
14,22;
22,14;
15,23;
23,15;
}
label = {
1,s;
2,c;
3,c;
4,c;
5,c;
6,n;
7,c;
8,c;
9,c;
10,c;
11,c;
12,c;
13,n;
14,c;
15,c;
16,h;
17,h;
18,h;
19,h;
20,h;
21,h;
22,h;
23,h;
24,h;
25,h;
26,h;
27,h;
}