edge = {
1,2;
2,1;
1,3;
3,1;
1,12;
12,1;
2,25;
25,2;
2,26;
26,2;
2,27;
27,2;
3,4;
4,3;
3,8;
8,3;
4,5;
5,4;
4,28;
28,4;
5,6;
6,5;
5,29;
29,5;
6,7;
7,6;
6,30;
30,6;
7,8;
8,7;
7,31;
31,7;
8,9;
9,8;
9,10;
10,9;
9,11;
11,9;
11,12;
12,11;
11,22;
22,11;
12,13;
13,12;
13,14;
14,13;
13,20;
20,13;
14,15;
15,14;
14,32;
32,14;
15,16;
16,15;
15,33;
33,15;
16,17;
17,16;
16,18;
18,16;
16,19;
19,16;
17,34;
34,17;
17,35;
35,17;
17,36;
36,17;
18,37;
37,18;
18,38;
38,18;
18,39;
39,18;
19,20;
20,19;
20,21;
21,20;
21,22;
22,21;
21,40;
40,21;
22,23;
23,22;
23,24;
24,23;
24,41;
41,24;
24,42;
42,24;
24,43;
43,24;
}
label = {
1,n;
2,c;
3,c;
4,c;
5,c;
6,c;
7,c;
8,c;
9,c;
10,o;
11,c;
12,c;
13,c;
14,c;
15,c;
16,c;
17,c;
18,c;
19,o;
20,c;
21,c;
22,c;
23,o;
24,c;
25,h;
26,h;
27,h;
28,h;
29,h;
30,h;
31,h;
32,h;
33,h;
34,h;
35,h;
36,h;
37,h;
38,h;
39,h;
40,h;
41,h;
42,h;
43,h;
}