edge = {
1,2;
2,1;
1,6;
6,1;
1,23;
23,1;
2,3;
3,2;
2,24;
24,2;
3,4;
4,3;
3,10;
10,3;
4,5;
5,4;
4,25;
25,4;
5,6;
6,5;
5,26;
26,5;
6,7;
7,6;
7,8;
8,7;
7,9;
9,7;
8,27;
27,8;
8,28;
28,8;
8,29;
29,8;
10,11;
11,10;
10,12;
12,10;
10,13;
13,10;
13,14;
14,13;
13,30;
30,13;
14,15;
15,14;
14,16;
16,14;
16,17;
17,16;
16,31;
31,16;
17,18;
18,17;
17,22;
22,17;
17,32;
32,17;
18,19;
19,18;
18,33;
33,18;
18,34;
34,18;
19,20;
20,19;
19,35;
35,19;
19,36;
36,19;
20,21;
21,20;
20,37;
37,20;
20,38;
38,20;
21,22;
22,21;
21,39;
39,21;
21,40;
40,21;
22,41;
41,22;
22,42;
42,22;
}
label = {
1,c;
2,c;
3,c;
4,c;
5,c;
6,c;
7,c;
8,c;
9,o;
10,s;
11,o;
12,o;
13,n;
14,c;
15,o;
16,n;
17,c;
18,c;
19,c;
20,c;
21,c;
22,c;
23,h;
24,h;
25,h;
26,h;
27,h;
28,h;
29,h;
30,h;
31,h;
32,h;
33,h;
34,h;
35,h;
36,h;
37,h;
38,h;
39,h;
40,h;
41,h;
42,h;
}