edge = {
1,2;
2,1;
1,3;
3,1;
1,4;
4,1;
1,15;
15,1;
4,5;
5,4;
4,22;
22,4;
5,6;
6,5;
5,7;
7,5;
7,8;
8,7;
7,23;
23,7;
8,9;
9,8;
8,14;
14,8;
9,10;
10,9;
9,24;
24,9;
9,25;
25,9;
10,11;
11,10;
10,26;
26,10;
10,27;
27,10;
11,12;
12,11;
11,28;
28,11;
11,29;
29,11;
12,13;
13,12;
12,30;
30,12;
12,31;
31,12;
13,14;
14,13;
13,32;
32,13;
13,33;
33,13;
14,34;
34,14;
14,35;
35,14;
15,16;
16,15;
15,21;
21,15;
16,17;
17,16;
16,36;
36,16;
17,18;
18,17;
17,37;
37,17;
18,19;
19,18;
18,20;
20,18;
19,38;
38,19;
19,39;
39,19;
19,40;
40,19;
20,21;
21,20;
20,41;
41,20;
21,42;
42,21;
}
label = {
1,s;
2,o;
3,o;
4,n;
5,c;
6,o;
7,n;
8,n;
9,c;
10,c;
11,c;
12,c;
13,c;
14,c;
15,c;
16,c;
17,c;
18,c;
19,c;
20,c;
21,c;
22,h;
23,h;
24,h;
25,h;
26,h;
27,h;
28,h;
29,h;
30,h;
31,h;
32,h;
33,h;
34,h;
35,h;
36,h;
37,h;
38,h;
39,h;
40,h;
41,h;
42,h;
}