edge = {
1,2;
2,1;
1,11;
11,1;
1,17;
17,1;
2,3;
3,2;
2,4;
4,2;
4,5;
5,4;
4,18;
18,4;
5,6;
6,5;
5,10;
10,5;
5,19;
19,5;
6,7;
7,6;
6,20;
20,6;
6,21;
21,6;
7,8;
8,7;
7,22;
22,7;
7,23;
23,7;
8,9;
9,8;
8,24;
24,8;
8,25;
25,8;
9,10;
10,9;
9,26;
26,9;
9,27;
27,9;
10,28;
28,10;
10,29;
29,10;
11,12;
12,11;
11,16;
16,11;
11,30;
30,11;
12,13;
13,12;
12,31;
31,12;
12,32;
32,12;
13,14;
14,13;
13,33;
33,13;
13,34;
34,13;
14,15;
15,14;
14,35;
35,14;
14,36;
36,14;
15,16;
16,15;
15,37;
37,15;
15,38;
38,15;
16,39;
39,16;
16,40;
40,16;
}
label = {
1,n;
2,c;
3,s;
4,n;
5,c;
6,c;
7,c;
8,c;
9,c;
10,c;
11,c;
12,c;
13,c;
14,c;
15,c;
16,c;
17,h;
18,h;
19,h;
20,h;
21,h;
22,h;
23,h;
24,h;
25,h;
26,h;
27,h;
28,h;
29,h;
30,h;
31,h;
32,h;
33,h;
34,h;
35,h;
36,h;
37,h;
38,h;
39,h;
40,h;
}