edge = {
1,2;
2,1;
1,7;
7,1;
2,3;
3,2;
2,4;
4,2;
3,30;
30,3;
3,31;
31,3;
4,5;
5,4;
5,6;
6,5;
5,11;
11,5;
6,7;
7,6;
6,9;
9,6;
7,8;
8,7;
9,10;
10,9;
10,11;
11,10;
10,20;
20,10;
11,12;
12,11;
12,13;
13,12;
12,19;
19,12;
12,21;
21,12;
13,14;
14,13;
13,22;
22,13;
13,23;
23,13;
14,15;
15,14;
14,16;
16,14;
14,24;
24,14;
15,25;
25,15;
16,17;
17,16;
16,19;
19,16;
16,26;
26,16;
17,18;
18,17;
17,27;
27,17;
17,28;
28,17;
18,29;
29,18;
}
label = {
1,n;
2,c;
3,n;
4,n;
5,c;
6,c;
7,c;
8,s;
9,n;
10,c;
11,n;
12,c;
13,c;
14,c;
15,o;
16,c;
17,c;
18,o;
19,o;
20,h;
21,h;
22,h;
23,h;
24,h;
25,h;
26,h;
27,h;
28,h;
29,h;
30,h;
31,h;
}