edge = {
1,2;
2,1;
1,3;
3,1;
1,17;
17,1;
3,4;
4,3;
3,53;
53,3;
3,54;
54,3;
4,5;
5,4;
4,9;
9,4;
5,6;
6,5;
5,55;
55,5;
6,7;
7,6;
6,56;
56,6;
7,8;
8,7;
7,10;
10,7;
8,9;
9,8;
8,57;
57,8;
9,58;
58,9;
10,11;
11,10;
10,14;
14,10;
11,12;
12,11;
11,59;
59,11;
11,60;
60,11;
12,13;
13,12;
12,61;
61,12;
12,62;
62,12;
14,15;
15,14;
14,63;
63,14;
14,64;
64,14;
15,16;
16,15;
15,65;
65,15;
15,66;
66,15;
17,18;
18,17;
18,19;
19,18;
18,34;
34,18;
18,67;
67,18;
19,20;
20,19;
19,68;
68,19;
19,69;
69,19;
20,21;
21,20;
20,70;
70,20;
20,71;
71,20;
21,22;
22,21;
21,34;
34,21;
21,72;
72,21;
22,23;
23,22;
22,31;
31,22;
22,73;
73,22;
23,24;
24,23;
23,74;
74,23;
23,75;
75,23;
24,25;
25,24;
24,76;
76,24;
24,77;
77,24;
25,26;
26,25;
25,30;
30,25;
26,27;
27,26;
26,78;
78,26;
27,28;
28,27;
27,36;
36,27;
28,29;
29,28;
28,79;
79,28;
29,30;
30,29;
29,80;
80,29;
30,31;
31,30;
31,32;
32,31;
31,81;
81,31;
32,33;
33,32;
32,82;
82,32;
32,83;
83,32;
33,34;
34,33;
33,84;
84,33;
33,85;
85,33;
34,35;
35,34;
35,86;
86,35;
35,87;
87,35;
35,88;
88,35;
36,37;
37,36;
37,38;
38,37;
37,39;
39,37;
39,40;
40,39;
39,89;
89,39;
39,90;
90,39;
40,41;
41,40;
40,45;
45,40;
41,42;
42,41;
41,91;
91,41;
42,43;
43,42;
42,92;
92,42;
43,44;
44,43;
43,46;
46,43;
44,45;
45,44;
44,93;
93,44;
45,94;
94,45;
46,47;
47,46;
46,50;
50,46;
47,48;
48,47;
47,95;
95,47;
47,96;
96,47;
48,49;
49,48;
48,97;
97,48;
48,98;
98,48;
50,51;
51,50;
50,99;
99,50;
50,100;
100,50;
51,52;
52,51;
51,101;
101,51;
51,102;
102,51;
}
label = {
1,c;
2,o;
3,c;
4,c;
5,c;
6,c;
7,c;
8,c;
9,c;
10,n;
11,c;
12,c;
13,cl;
14,c;
15,c;
16,cl;
17,o;
18,c;
19,c;
20,c;
21,c;
22,c;
23,c;
24,c;
25,c;
26,c;
27,c;
28,c;
29,c;
30,c;
31,c;
32,c;
33,c;
34,c;
35,c;
36,o;
37,c;
38,o;
39,c;
40,c;
41,c;
42,c;
43,c;
44,c;
45,c;
46,n;
47,c;
48,c;
49,cl;
50,c;
51,c;
52,cl;
53,h;
54,h;
55,h;
56,h;
57,h;
58,h;
59,h;
60,h;
61,h;
62,h;
63,h;
64,h;
65,h;
66,h;
67,h;
68,h;
69,h;
70,h;
71,h;
72,h;
73,h;
74,h;
75,h;
76,h;
77,h;
78,h;
79,h;
80,h;
81,h;
82,h;
83,h;
84,h;
85,h;
86,h;
87,h;
88,h;
89,h;
90,h;
91,h;
92,h;
93,h;
94,h;
95,h;
96,h;
97,h;
98,h;
99,h;
100,h;
101,h;
102,h;
}