edge = {
1,2;
2,1;
1,15;
15,1;
1,17;
17,1;
2,3;
3,2;
2,18;
18,2;
3,4;
4,3;
3,13;
13,3;
4,5;
5,4;
4,19;
19,4;
5,6;
6,5;
5,11;
11,5;
6,7;
7,6;
6,20;
20,6;
7,8;
8,7;
7,21;
21,7;
8,9;
9,8;
8,10;
10,8;
9,24;
24,9;
9,25;
25,9;
10,11;
11,10;
10,22;
22,10;
11,12;
12,11;
12,13;
13,12;
13,14;
14,13;
14,15;
15,14;
14,23;
23,14;
15,16;
16,15;
16,26;
26,16;
16,27;
27,16;
}
label = {
1,c;
2,c;
3,c;
4,c;
5,c;
6,c;
7,c;
8,c;
9,n;
10,c;
11,c;
12,n;
13,c;
14,c;
15,c;
16,n;
17,h;
18,h;
19,h;
20,h;
21,h;
22,h;
23,h;
24,h;
25,h;
26,h;
27,h;
}