edge = {
1,2;
2,1;
1,45;
45,1;
1,46;
46,1;
1,47;
47,1;
2,3;
3,2;
2,24;
24,2;
2,28;
28,2;
3,4;
4,3;
3,48;
48,3;
3,49;
49,3;
4,5;
5,4;
4,50;
50,4;
4,51;
51,4;
5,6;
6,5;
5,23;
23,5;
5,52;
52,5;
6,7;
7,6;
7,8;
8,7;
7,9;
9,7;
9,10;
10,9;
9,53;
53,9;
9,54;
54,9;
10,11;
11,10;
10,15;
15,10;
11,12;
12,11;
11,55;
55,11;
12,13;
13,12;
12,56;
56,12;
13,14;
14,13;
13,16;
16,13;
14,15;
15,14;
14,57;
57,14;
15,58;
58,15;
16,17;
17,16;
16,20;
20,16;
17,18;
18,17;
17,59;
59,17;
17,60;
60,17;
18,19;
19,18;
18,61;
61,18;
18,62;
62,18;
20,21;
21,20;
20,63;
63,20;
20,64;
64,20;
21,22;
22,21;
21,65;
65,21;
21,66;
66,21;
23,24;
24,23;
23,67;
67,23;
23,68;
68,23;
24,25;
25,24;
25,26;
26,25;
25,69;
69,25;
26,27;
27,26;
26,70;
70,26;
26,71;
71,26;
27,28;
28,27;
27,36;
36,27;
27,72;
72,27;
28,29;
29,28;
28,73;
73,28;
29,30;
30,29;
29,74;
74,29;
29,75;
75,29;
30,31;
31,30;
30,76;
76,30;
30,77;
77,30;
31,32;
32,31;
31,33;
33,31;
31,36;
36,31;
32,78;
78,32;
32,79;
79,32;
32,80;
80,32;
33,34;
34,33;
33,37;
37,33;
33,81;
81,33;
34,35;
35,34;
34,82;
82,34;
34,83;
83,34;
35,36;
36,35;
35,84;
84,35;
35,85;
85,35;
36,86;
86,36;
37,38;
38,37;
37,39;
39,37;
37,87;
87,37;
38,88;
88,38;
38,89;
89,38;
38,90;
90,38;
39,40;
40,39;
39,91;
91,39;
39,92;
92,39;
40,41;
41,40;
40,93;
93,40;
40,94;
94,40;
41,42;
42,41;
41,95;
95,41;
41,96;
96,41;
42,43;
43,42;
42,44;
44,42;
42,97;
97,42;
43,98;
98,43;
43,99;
99,43;
43,100;
100,43;
44,101;
101,44;
44,102;
102,44;
44,103;
103,44;
}
label = {
1,c;
2,c;
3,c;
4,c;
5,c;
6,o;
7,c;
8,o;
9,c;
10,c;
11,c;
12,c;
13,c;
14,c;
15,c;
16,n;
17,c;
18,c;
19,cl;
20,c;
21,c;
22,cl;
23,c;
24,c;
25,c;
26,c;
27,c;
28,c;
29,c;
30,c;
31,c;
32,c;
33,c;
34,c;
35,c;
36,c;
37,c;
38,c;
39,c;
40,c;
41,c;
42,c;
43,c;
44,c;
45,h;
46,h;
47,h;
48,h;
49,h;
50,h;
51,h;
52,h;
53,h;
54,h;
55,h;
56,h;
57,h;
58,h;
59,h;
60,h;
61,h;
62,h;
63,h;
64,h;
65,h;
66,h;
67,h;
68,h;
69,h;
70,h;
71,h;
72,h;
73,h;
74,h;
75,h;
76,h;
77,h;
78,h;
79,h;
80,h;
81,h;
82,h;
83,h;
84,h;
85,h;
86,h;
87,h;
88,h;
89,h;
90,h;
91,h;
92,h;
93,h;
94,h;
95,h;
96,h;
97,h;
98,h;
99,h;
100,h;
101,h;
102,h;
103,h;
}