edge = {
1,2;
2,1;
1,3;
3,1;
1,9;
9,1;
1,13;
13,1;
3,4;
4,3;
3,5;
5,3;
5,6;
6,5;
5,7;
7,5;
7,8;
8,7;
7,9;
9,7;
7,12;
12,7;
9,10;
10,9;
9,11;
11,9;
12,13;
13,12;
12,19;
19,12;
12,20;
20,12;
13,14;
14,13;
13,21;
21,13;
14,15;
15,14;
14,22;
22,14;
14,23;
23,14;
15,16;
16,15;
16,17;
17,16;
16,18;
18,16;
18,19;
19,18;
19,24;
24,19;
19,25;
25,19;
}
label = {
1,c;
2,cl;
3,c;
4,cl;
5,c;
6,cl;
7,c;
8,cl;
9,c;
10,cl;
11,cl;
12,c;
13,c;
14,c;
15,o;
16,s;
17,o;
18,o;
19,c;
20,h;
21,h;
22,h;
23,h;
24,h;
25,h;
}