edge = {
1,2;
2,1;
2,3;
3,2;
2,5;
5,2;
2,7;
7,2;
3,4;
4,3;
4,20;
20,4;
4,21;
21,4;
4,22;
22,4;
5,6;
6,5;
6,23;
23,6;
6,24;
24,6;
6,25;
25,6;
7,8;
8,7;
8,9;
9,8;
8,26;
26,8;
8,27;
27,8;
9,10;
10,9;
9,18;
18,9;
10,11;
11,10;
11,12;
12,11;
12,13;
13,12;
12,17;
17,12;
13,14;
14,13;
13,28;
28,13;
14,15;
15,14;
14,29;
29,14;
15,16;
16,15;
15,30;
30,15;
16,17;
17,16;
16,31;
31,16;
17,18;
18,17;
18,19;
19,18;
}
label = {
1,s;
2,p;
3,o;
4,c;
5,o;
6,c;
7,s;
8,c;
9,n;
10,n;
11,n;
12,c;
13,c;
14,c;
15,c;
16,c;
17,c;
18,c;
19,o;
20,h;
21,h;
22,h;
23,h;
24,h;
25,h;
26,h;
27,h;
28,h;
29,h;
30,h;
31,h;
}