edge = {
1,2;
2,1;
2,3;
3,2;
2,6;
6,2;
2,9;
9,2;
3,4;
4,3;
4,5;
5,4;
4,19;
19,4;
4,20;
20,4;
5,21;
21,5;
5,22;
22,5;
5,23;
23,5;
6,7;
7,6;
7,8;
8,7;
7,24;
24,7;
7,25;
25,7;
8,26;
26,8;
8,27;
27,8;
8,28;
28,8;
9,10;
10,9;
10,11;
11,10;
10,15;
15,10;
11,12;
12,11;
11,29;
29,11;
12,13;
13,12;
12,30;
30,12;
13,14;
14,13;
13,16;
16,13;
14,15;
15,14;
14,31;
31,14;
15,32;
32,15;
16,17;
17,16;
16,18;
18,16;
}
label = {
1,s;
2,p;
3,o;
4,c;
5,c;
6,o;
7,c;
8,c;
9,o;
10,c;
11,c;
12,c;
13,c;
14,c;
15,c;
16,n;
17,o;
18,o;
19,h;
20,h;
21,h;
22,h;
23,h;
24,h;
25,h;
26,h;
27,h;
28,h;
29,h;
30,h;
31,h;
32,h;
}