edge = {
1,2;
2,1;
2,3;
3,2;
2,4;
4,2;
4,5;
5,4;
4,6;
6,4;
4,16;
16,4;
5,17;
17,5;
5,18;
18,5;
5,19;
19,5;
6,7;
7,6;
6,20;
20,6;
6,21;
21,6;
7,8;
8,7;
7,15;
15,7;
8,9;
9,8;
8,22;
22,8;
9,10;
10,9;
9,23;
23,9;
10,11;
11,10;
10,15;
15,10;
11,12;
12,11;
11,24;
24,11;
12,13;
13,12;
12,25;
25,12;
13,14;
14,13;
13,26;
26,13;
14,15;
15,14;
14,27;
27,14;
}
label = {
1,o;
2,c;
3,o;
4,c;
5,n;
6,c;
7,c;
8,c;
9,n;
10,c;
11,c;
12,c;
13,c;
14,c;
15,c;
16,h;
17,h;
18,h;
19,h;
20,h;
21,h;
22,h;
23,h;
24,h;
25,h;
26,h;
27,h;
}