edge = {
1,2;
2,1;
1,8;
8,1;
1,22;
22,1;
1,23;
23,1;
2,3;
3,2;
2,7;
7,2;
3,4;
4,3;
3,24;
24,3;
4,5;
5,4;
4,25;
25,4;
5,6;
6,5;
5,26;
26,5;
6,7;
7,6;
6,27;
27,6;
7,28;
28,7;
8,9;
9,8;
8,12;
12,8;
8,29;
29,8;
9,10;
10,9;
9,30;
30,9;
9,31;
31,9;
10,11;
11,10;
10,32;
32,10;
10,33;
33,10;
12,13;
13,12;
12,14;
14,12;
12,34;
34,12;
13,35;
35,13;
13,36;
36,13;
13,37;
37,13;
14,15;
15,14;
14,38;
38,14;
14,39;
39,14;
15,16;
16,15;
16,17;
17,16;
16,21;
21,16;
17,18;
18,17;
17,40;
40,17;
18,19;
19,18;
18,41;
41,18;
19,20;
20,19;
19,42;
42,19;
20,21;
21,20;
20,43;
43,20;
21,44;
44,21;
}
label = {
1,c;
2,c;
3,c;
4,c;
5,c;
6,c;
7,c;
8,n;
9,c;
10,c;
11,cl;
12,c;
13,c;
14,c;
15,o;
16,c;
17,c;
18,c;
19,c;
20,c;
21,c;
22,h;
23,h;
24,h;
25,h;
26,h;
27,h;
28,h;
29,h;
30,h;
31,h;
32,h;
33,h;
34,h;
35,h;
36,h;
37,h;
38,h;
39,h;
40,h;
41,h;
42,h;
43,h;
44,h;
}