edge = {
1,2;
2,1;
1,3;
3,1;
1,6;
6,1;
3,4;
4,3;
4,5;
5,4;
4,22;
22,4;
4,23;
23,4;
5,24;
24,5;
5,25;
25,5;
5,26;
26,5;
6,7;
7,6;
6,8;
8,6;
6,15;
15,6;
7,27;
27,7;
8,9;
9,8;
8,14;
14,8;
9,10;
10,9;
9,28;
28,9;
10,11;
11,10;
10,29;
29,10;
11,12;
12,11;
11,13;
13,11;
13,14;
14,13;
13,30;
30,13;
14,31;
31,14;
15,16;
16,15;
15,21;
21,15;
16,17;
17,16;
16,32;
32,16;
17,18;
18,17;
17,33;
33,17;
18,19;
19,18;
18,20;
20,18;
20,21;
21,20;
20,34;
34,20;
21,35;
35,21;
}
label = {
1,c;
2,o;
3,o;
4,c;
5,c;
6,c;
7,o;
8,c;
9,c;
10,c;
11,c;
12,cl;
13,c;
14,c;
15,c;
16,c;
17,c;
18,c;
19,cl;
20,c;
21,c;
22,h;
23,h;
24,h;
25,h;
26,h;
27,h;
28,h;
29,h;
30,h;
31,h;
32,h;
33,h;
34,h;
35,h;
}