edge = {
1,2;
2,1;
1,3;
3,1;
1,9;
9,1;
1,15;
15,1;
3,4;
4,3;
4,5;
5,4;
4,21;
21,4;
4,22;
22,4;
5,6;
6,5;
5,7;
7,5;
5,23;
23,5;
7,8;
8,7;
7,24;
24,7;
7,25;
25,7;
9,10;
10,9;
10,11;
11,10;
10,26;
26,10;
10,27;
27,10;
11,12;
12,11;
11,13;
13,11;
11,28;
28,11;
13,14;
14,13;
13,29;
29,13;
13,30;
30,13;
15,16;
16,15;
16,17;
17,16;
16,31;
31,16;
16,32;
32,16;
17,18;
18,17;
17,19;
19,17;
17,33;
33,17;
19,20;
20,19;
19,34;
34,19;
19,35;
35,19;
}
label = {
1,p;
2,o;
3,o;
4,c;
5,c;
6,br;
7,c;
8,br;
9,o;
10,c;
11,c;
12,br;
13,c;
14,br;
15,o;
16,c;
17,c;
18,br;
19,c;
20,br;
21,h;
22,h;
23,h;
24,h;
25,h;
26,h;
27,h;
28,h;
29,h;
30,h;
31,h;
32,h;
33,h;
34,h;
35,h;
}