edge = {
1,2;
2,1;
1,3;
3,1;
1,18;
18,1;
1,19;
19,1;
2,20;
20,2;
2,21;
21,2;
2,22;
22,2;
3,4;
4,3;
3,10;
10,3;
4,5;
5,4;
5,6;
6,5;
5,7;
7,5;
6,27;
27,6;
6,28;
28,6;
7,8;
8,7;
8,9;
9,8;
8,10;
10,8;
9,29;
29,9;
9,30;
30,9;
10,11;
11,10;
11,12;
12,11;
11,17;
17,11;
12,13;
13,12;
12,23;
23,12;
13,14;
14,13;
13,24;
24,13;
14,15;
15,14;
14,16;
16,14;
16,17;
17,16;
16,25;
25,16;
17,26;
26,17;
}
label = {
1,c;
2,c;
3,c;
4,n;
5,c;
6,n;
7,n;
8,c;
9,n;
10,c;
11,c;
12,c;
13,c;
14,c;
15,cl;
16,c;
17,c;
18,h;
19,h;
20,h;
21,h;
22,h;
23,h;
24,h;
25,h;
26,h;
27,h;
28,h;
29,h;
30,h;
}