edge = {
1,2;
2,1;
1,12;
12,1;
1,20;
20,1;
1,21;
21,1;
2,3;
3,2;
2,4;
4,2;
2,22;
22,2;
3,23;
23,3;
3,24;
24,3;
3,25;
25,3;
4,5;
5,4;
4,11;
11,4;
4,26;
26,4;
5,6;
6,5;
5,27;
27,5;
5,28;
28,5;
6,7;
7,6;
6,8;
8,6;
8,9;
9,8;
8,29;
29,8;
9,10;
10,9;
9,11;
11,9;
11,30;
30,11;
11,31;
31,11;
12,13;
13,12;
12,19;
19,12;
12,32;
32,12;
13,14;
14,13;
13,33;
33,13;
13,34;
34,13;
14,15;
15,14;
14,16;
16,14;
16,17;
17,16;
16,35;
35,16;
17,18;
18,17;
17,19;
19,17;
19,36;
36,19;
19,37;
37,19;
}
label = {
1,c;
2,c;
3,c;
4,n;
5,c;
6,c;
7,o;
8,n;
9,c;
10,o;
11,c;
12,n;
13,c;
14,c;
15,o;
16,n;
17,c;
18,o;
19,c;
20,h;
21,h;
22,h;
23,h;
24,h;
25,h;
26,h;
27,h;
28,h;
29,h;
30,h;
31,h;
32,h;
33,h;
34,h;
35,h;
36,h;
37,h;
}