edge = {
1,2;
2,1;
1,3;
3,1;
1,10;
10,1;
1,17;
17,1;
2,21;
21,2;
3,4;
4,3;
3,9;
9,3;
4,5;
5,4;
4,22;
22,4;
5,6;
6,5;
5,23;
23,5;
6,7;
7,6;
6,8;
8,6;
8,9;
9,8;
8,24;
24,8;
9,25;
25,9;
10,11;
11,10;
10,16;
16,10;
11,12;
12,11;
11,26;
26,11;
12,13;
13,12;
12,27;
27,12;
13,14;
14,13;
13,15;
15,13;
15,16;
16,15;
15,28;
28,15;
16,29;
29,16;
17,18;
18,17;
17,19;
19,17;
17,20;
20,17;
}
label = {
1,c;
2,o;
3,c;
4,c;
5,c;
6,c;
7,cl;
8,c;
9,c;
10,c;
11,c;
12,c;
13,c;
14,cl;
15,c;
16,c;
17,c;
18,cl;
19,cl;
20,cl;
21,h;
22,h;
23,h;
24,h;
25,h;
26,h;
27,h;
28,h;
29,h;
}