edge = {
1,2;
2,1;
1,22;
22,1;
2,3;
3,2;
2,8;
8,2;
3,4;
4,3;
3,23;
23,3;
4,5;
5,4;
4,24;
24,4;
5,6;
6,5;
5,7;
7,5;
7,8;
8,7;
7,25;
25,7;
8,9;
9,8;
9,10;
10,9;
9,11;
11,9;
11,12;
12,11;
11,26;
26,11;
12,13;
13,12;
12,17;
17,12;
13,14;
14,13;
13,27;
27,13;
14,15;
15,14;
14,28;
28,14;
15,16;
16,15;
15,19;
19,15;
16,17;
17,16;
16,29;
29,16;
17,18;
18,17;
19,20;
20,19;
19,21;
21,19;
}
label = {
1,o;
2,c;
3,c;
4,c;
5,c;
6,cl;
7,c;
8,c;
9,c;
10,o;
11,n;
12,c;
13,c;
14,c;
15,c;
16,c;
17,c;
18,cl;
19,n;
20,o;
21,o;
22,h;
23,h;
24,h;
25,h;
26,h;
27,h;
28,h;
29,h;
}