edge = {
1,2;
2,1;
1,6;
6,1;
1,16;
16,1;
2,3;
3,2;
2,17;
17,2;
3,4;
4,3;
3,18;
18,3;
4,5;
5,4;
4,19;
19,4;
5,6;
6,5;
5,7;
7,5;
6,20;
20,6;
7,8;
8,7;
7,21;
21,7;
7,22;
22,7;
8,9;
9,8;
8,23;
23,8;
8,24;
24,8;
9,10;
10,9;
9,25;
25,9;
10,11;
11,10;
10,12;
12,10;
11,26;
26,11;
12,13;
13,12;
12,27;
27,12;
13,14;
14,13;
13,15;
15,13;
14,29;
29,14;
14,30;
30,14;
15,28;
28,15;
}
label = {
1,c;
2,c;
3,c;
4,c;
5,c;
6,c;
7,c;
8,c;
9,n;
10,c;
11,n;
12,n;
13,c;
14,n;
15,n;
16,h;
17,h;
18,h;
19,h;
20,h;
21,h;
22,h;
23,h;
24,h;
25,h;
26,h;
27,h;
28,h;
29,h;
30,h;
}