edge = {
1,2;
2,1;
1,3;
3,1;
1,17;
17,1;
1,18;
18,1;
2,19;
19,2;
2,20;
20,2;
2,21;
21,2;
3,4;
4,3;
3,16;
16,3;
4,5;
5,4;
4,9;
9,4;
5,6;
6,5;
5,22;
22,5;
6,7;
7,6;
6,23;
23,6;
7,8;
8,7;
7,24;
24,7;
8,9;
9,8;
8,25;
25,8;
9,10;
10,9;
10,11;
11,10;
10,16;
16,10;
11,12;
12,11;
11,26;
26,11;
12,13;
13,12;
12,14;
14,12;
13,29;
29,13;
13,30;
30,13;
14,15;
15,14;
14,27;
27,14;
15,16;
16,15;
15,28;
28,15;
}
label = {
1,c;
2,c;
3,n;
4,c;
5,c;
6,c;
7,c;
8,c;
9,c;
10,c;
11,c;
12,c;
13,n;
14,c;
15,c;
16,c;
17,h;
18,h;
19,h;
20,h;
21,h;
22,h;
23,h;
24,h;
25,h;
26,h;
27,h;
28,h;
29,h;
30,h;
}