edge = {
1,2;
2,1;
1,3;
3,1;
1,9;
9,1;
2,23;
23,2;
2,24;
24,2;
2,25;
25,2;
3,4;
4,3;
3,5;
5,3;
5,6;
6,5;
5,7;
7,5;
7,8;
8,7;
8,9;
9,8;
8,13;
13,8;
9,10;
10,9;
10,11;
11,10;
10,26;
26,10;
11,12;
12,11;
11,27;
27,11;
12,13;
13,12;
12,14;
14,12;
13,28;
28,13;
14,15;
15,14;
15,16;
16,15;
15,17;
17,15;
15,20;
20,15;
17,18;
18,17;
18,19;
19,18;
18,29;
29,18;
18,30;
30,18;
19,31;
31,19;
19,32;
32,19;
19,33;
33,19;
20,21;
21,20;
21,22;
22,21;
21,34;
34,21;
21,35;
35,21;
22,36;
36,22;
22,37;
37,22;
22,38;
38,22;
}
label = {
1,c;
2,c;
3,c;
4,cl;
5,c;
6,o;
7,o;
8,c;
9,c;
10,c;
11,c;
12,c;
13,c;
14,o;
15,p;
16,s;
17,o;
18,c;
19,c;
20,o;
21,c;
22,c;
23,h;
24,h;
25,h;
26,h;
27,h;
28,h;
29,h;
30,h;
31,h;
32,h;
33,h;
34,h;
35,h;
36,h;
37,h;
38,h;
}