edge = {
1,2;
2,1;
1,3;
3,1;
1,4;
4,1;
1,12;
12,1;
2,13;
13,2;
2,14;
14,2;
2,15;
15,2;
3,16;
16,3;
3,17;
17,3;
3,18;
18,3;
4,5;
5,4;
4,10;
10,4;
4,19;
19,4;
5,6;
6,5;
5,20;
20,5;
5,21;
21,5;
6,7;
7,6;
6,22;
22,6;
6,23;
23,6;
7,8;
8,7;
7,9;
9,7;
7,24;
24,7;
8,25;
25,8;
8,26;
26,8;
8,27;
27,8;
9,10;
10,9;
9,28;
28,9;
9,29;
29,9;
10,11;
11,10;
10,30;
30,10;
11,31;
31,11;
}
label = {
1,c;
2,c;
3,c;
4,c;
5,c;
6,c;
7,c;
8,c;
9,c;
10,c;
11,o;
12,h;
13,h;
14,h;
15,h;
16,h;
17,h;
18,h;
19,h;
20,h;
21,h;
22,h;
23,h;
24,h;
25,h;
26,h;
27,h;
28,h;
29,h;
30,h;
31,h;
}