edge = {
1,2;
2,1;
1,9;
9,1;
2,3;
3,2;
3,4;
4,3;
3,8;
8,3;
4,5;
5,4;
4,17;
17,4;
5,6;
6,5;
5,18;
18,5;
6,7;
7,6;
6,19;
19,6;
7,8;
8,7;
7,20;
20,7;
8,21;
21,8;
9,10;
10,9;
9,15;
15,9;
10,11;
11,10;
10,22;
22,10;
11,12;
12,11;
11,23;
23,11;
12,13;
13,12;
12,14;
14,12;
13,24;
24,13;
13,25;
25,13;
14,15;
15,14;
15,16;
16,15;
16,26;
26,16;
16,27;
27,16;
}
label = {
1,n;
2,n;
3,c;
4,c;
5,c;
6,c;
7,c;
8,c;
9,c;
10,c;
11,c;
12,c;
13,n;
14,n;
15,c;
16,n;
17,h;
18,h;
19,h;
20,h;
21,h;
22,h;
23,h;
24,h;
25,h;
26,h;
27,h;
}