edge = {
1,6;
6,1;
1,2;
2,1;
2,3;
3,2;
2,17;
17,2;
3,4;
4,3;
4,5;
5,4;
5,6;
6,5;
5,7;
7,5;
7,12;
12,7;
7,8;
8,7;
8,9;
9,8;
9,10;
10,9;
9,13;
13,9;
10,11;
11,10;
11,12;
12,11;
13,14;
14,13;
13,15;
15,13;
13,16;
16,13;
17,18;
18,17;
18,19;
19,18;
19,20;
20,19;
20,21;
21,20;
21,25;
25,21;
21,22;
22,21;
22,23;
23,22;
22,26;
26,22;
23,24;
24,23;
24,25;
25,24;
}
label = {
1,6;
2,7;
3,6;
4,6;
5,7;
6,6;
7,6;
8,6;
9,6;
10,6;
11,6;
12,7;
13,6;
14,9;
15,9;
16,9;
17,6;
18,6;
19,6;
20,6;
21,7;
22,6;
23,6;
24,6;
25,6;
26,8;
}