edge = {
1,6;
6,1;
1,29;
29,1;
1,2;
2,1;
2,3;
3,2;
2,26;
26,2;
3,4;
4,3;
4,5;
5,4;
4,20;
20,4;
5,6;
6,5;
5,19;
19,5;
6,7;
7,6;
7,8;
8,7;
7,18;
18,7;
8,9;
9,8;
9,10;
10,9;
9,12;
12,9;
10,11;
11,10;
12,17;
17,12;
12,13;
13,12;
13,14;
14,13;
14,15;
15,14;
15,16;
16,15;
16,17;
17,16;
20,25;
25,20;
20,21;
21,20;
21,22;
22,21;
22,23;
23,22;
23,24;
24,23;
24,25;
25,24;
26,27;
27,26;
27,28;
28,27;
28,29;
29,28;
}
label = {
1,6;
2,6;
3,7;
4,6;
5,6;
6,6;
7,6;
8,7;
9,6;
10,6;
11,6;
12,6;
13,6;
14,6;
15,6;
16,6;
17,6;
18,8;
19,6;
20,6;
21,6;
22,6;
23,6;
24,6;
25,6;
26,6;
27,6;
28,6;
29,6;
}