edge = {
1,6;
6,1;
1,2;
2,1;
1,11;
11,1;
2,3;
3,2;
3,4;
4,3;
4,5;
5,4;
5,6;
6,5;
6,7;
7,6;
7,8;
8,7;
8,9;
9,8;
8,10;
10,8;
11,32;
32,11;
11,12;
12,11;
12,13;
13,12;
13,14;
14,13;
14,15;
15,14;
14,31;
31,14;
15,16;
16,15;
15,30;
30,15;
16,29;
29,16;
16,17;
17,16;
17,18;
18,17;
18,28;
28,18;
18,19;
19,18;
19,20;
20,19;
20,21;
21,20;
20,26;
26,20;
21,22;
22,21;
22,23;
23,22;
22,24;
24,22;
22,25;
25,22;
26,27;
27,26;
27,28;
28,27;
28,29;
29,28;
31,32;
32,31;
}
label = {
1,6;
2,7;
3,6;
4,6;
5,6;
6,6;
7,7;
8,6;
9,6;
10,6;
11,7;
12,6;
13,6;
14,7;
15,6;
16,6;
17,6;
18,6;
19,6;
20,6;
21,7;
22,16;
23,6;
24,8;
25,8;
26,6;
27,6;
28,6;
29,7;
30,8;
31,6;
32,6;
}