edge = {
1,2;
2,1;
1,8;
8,1;
1,14;
14,1;
2,7;
7,2;
2,3;
3,2;
3,4;
4,3;
4,5;
5,4;
5,6;
6,5;
6,7;
7,6;
8,13;
13,8;
8,9;
9,8;
9,10;
10,9;
10,11;
11,10;
11,12;
12,11;
12,13;
13,12;
14,15;
15,14;
15,35;
35,15;
15,16;
16,15;
16,17;
17,16;
17,18;
18,17;
18,19;
19,18;
18,34;
34,18;
19,20;
20,19;
20,21;
21,20;
21,22;
22,21;
22,23;
23,22;
22,33;
33,22;
23,32;
32,23;
23,24;
24,23;
24,25;
25,24;
25,26;
26,25;
26,27;
27,26;
26,31;
31,26;
27,28;
28,27;
27,29;
29,27;
27,30;
30,27;
31,32;
32,31;
34,35;
35,34;
}
label = {
1,6;
2,6;
3,6;
4,6;
5,6;
6,6;
7,6;
8,6;
9,6;
10,6;
11,6;
12,6;
13,6;
14,8;
15,6;
16,6;
17,6;
18,7;
19,6;
20,6;
21,6;
22,6;
23,6;
24,6;
25,6;
26,6;
27,6;
28,6;
29,6;
30,6;
31,6;
32,6;
33,8;
34,6;
35,6;
}