edge = {
1,23;
23,1;
1,2;
2,1;
2,3;
3,2;
2,4;
4,2;
4,5;
5,4;
5,6;
6,5;
5,22;
22,5;
6,21;
21,6;
6,7;
7,6;
7,8;
8,7;
8,9;
9,8;
9,10;
10,9;
9,20;
20,9;
10,11;
11,10;
11,12;
12,11;
12,13;
13,12;
13,14;
14,13;
14,18;
18,14;
14,15;
15,14;
15,16;
16,15;
15,19;
19,15;
16,17;
17,16;
17,18;
18,17;
20,21;
21,20;
22,23;
23,22;
23,24;
24,23;
24,25;
25,24;
24,26;
26,24;
24,27;
27,24;
}
label = {
1,6;
2,6;
3,17;
4,7;
5,6;
6,7;
7,6;
8,6;
9,7;
10,6;
11,6;
12,6;
13,6;
14,7;
15,6;
16,6;
17,6;
18,6;
19,8;
20,6;
21,6;
22,6;
23,6;
24,6;
25,9;
26,9;
27,9;
}