edge = {
1,6;
6,1;
1,2;
2,1;
1,26;
26,1;
2,3;
3,2;
3,4;
4,3;
3,9;
9,3;
4,5;
5,4;
5,6;
6,5;
5,8;
8,5;
6,7;
7,6;
9,10;
10,9;
9,24;
24,9;
9,25;
25,9;
10,11;
11,10;
11,12;
12,11;
11,22;
22,11;
11,23;
23,11;
12,13;
13,12;
13,14;
14,13;
14,18;
18,14;
14,15;
15,14;
15,16;
16,15;
15,19;
19,15;
16,17;
17,16;
17,18;
18,17;
19,20;
20,19;
19,21;
21,19;
}
label = {
1,6;
2,6;
3,6;
4,7;
5,6;
6,6;
7,6;
8,6;
9,6;
10,16;
11,6;
12,6;
13,7;
14,6;
15,6;
16,6;
17,6;
18,7;
19,7;
20,8;
21,8;
22,6;
23,6;
24,6;
25,6;
26,6;
}