edge = {
1,5;
5,1;
1,2;
2,1;
2,3;
3,2;
2,10;
10,2;
3,4;
4,3;
4,5;
5,4;
4,6;
6,4;
6,7;
7,6;
7,8;
8,7;
7,9;
9,7;
10,11;
11,10;
11,12;
12,11;
12,13;
13,12;
13,14;
14,13;
14,15;
15,14;
15,20;
20,15;
15,16;
16,15;
16,17;
17,16;
17,18;
18,17;
17,32;
32,17;
18,19;
19,18;
18,21;
21,18;
19,20;
20,19;
21,22;
22,21;
22,27;
27,22;
22,23;
23,22;
23,24;
24,23;
24,31;
31,24;
24,25;
25,24;
25,26;
26,25;
25,28;
28,25;
26,27;
27,26;
28,29;
29,28;
29,30;
30,29;
30,31;
31,30;
}
label = {
1,6;
2,6;
3,8;
4,6;
5,6;
6,6;
7,7;
8,6;
9,6;
10,6;
11,16;
12,6;
13,6;
14,7;
15,6;
16,7;
17,6;
18,6;
19,6;
20,7;
21,6;
22,6;
23,6;
24,6;
25,6;
26,6;
27,6;
28,6;
29,6;
30,6;
31,6;
32,8;
}