edge = {
1,9;
9,1;
1,2;
2,1;
2,6;
6,2;
2,3;
3,2;
3,4;
4,3;
4,5;
5,4;
5,6;
6,5;
6,7;
7,6;
7,8;
8,7;
7,12;
12,7;
8,9;
9,8;
9,10;
10,9;
10,11;
11,10;
12,13;
13,12;
13,14;
14,13;
14,19;
19,14;
14,15;
15,14;
15,16;
16,15;
16,17;
17,16;
17,18;
18,17;
18,19;
19,18;
19,20;
20,19;
20,25;
25,20;
20,21;
21,20;
21,22;
22,21;
22,23;
23,22;
23,24;
24,23;
24,25;
25,24;
}
label = {
1,6;
2,6;
3,6;
4,6;
5,8;
6,6;
7,6;
8,6;
9,6;
10,8;
11,6;
12,6;
13,7;
14,6;
15,6;
16,6;
17,6;
18,7;
19,6;
20,6;
21,6;
22,6;
23,6;
24,6;
25,6;
}