edge = {
1,2;
2,1;
1,30;
30,1;
2,8;
8,2;
2,3;
3,2;
3,4;
4,3;
3,22;
22,3;
4,5;
5,4;
5,6;
6,5;
5,7;
7,5;
7,8;
8,7;
7,10;
10,7;
8,9;
9,8;
10,11;
11,10;
11,17;
17,11;
11,12;
12,11;
12,13;
13,12;
13,14;
14,13;
13,20;
20,13;
14,15;
15,14;
14,16;
16,14;
16,17;
17,16;
16,19;
19,16;
17,18;
18,17;
20,21;
21,20;
22,23;
23,22;
23,24;
24,23;
23,29;
29,23;
24,25;
25,24;
24,28;
28,24;
25,26;
26,25;
26,27;
27,26;
30,36;
36,30;
30,31;
31,30;
31,32;
32,31;
32,33;
33,32;
32,39;
39,32;
33,34;
34,33;
33,35;
35,33;
35,36;
36,35;
35,38;
38,35;
36,37;
37,36;
39,40;
40,39;
}
label = {
1,8;
2,6;
3,6;
4,6;
5,6;
6,7;
7,6;
8,6;
9,8;
10,8;
11,6;
12,8;
13,6;
14,6;
15,8;
16,6;
17,6;
18,8;
19,8;
20,6;
21,7;
22,7;
23,6;
24,6;
25,6;
26,6;
27,7;
28,8;
29,8;
30,6;
31,8;
32,6;
33,6;
34,8;
35,6;
36,6;
37,8;
38,7;
39,6;
40,8;
}