edge = {
1,32;
32,1;
1,2;
2,1;
1,6;
6,1;
2,3;
3,2;
2,21;
21,2;
3,4;
4,3;
3,11;
11,3;
4,5;
5,4;
5,6;
6,5;
5,7;
7,5;
5,10;
10,5;
7,8;
8,7;
7,9;
9,7;
11,12;
12,11;
12,18;
18,12;
12,13;
13,12;
13,14;
14,13;
14,15;
15,14;
14,20;
20,14;
15,16;
16,15;
15,17;
17,15;
17,18;
18,17;
17,19;
19,17;
21,22;
22,21;
21,38;
38,21;
22,31;
31,22;
22,23;
23,22;
23,24;
24,23;
23,37;
37,23;
24,29;
29,24;
24,25;
25,24;
25,26;
26,25;
25,35;
35,25;
26,27;
27,26;
27,28;
28,27;
28,29;
29,28;
29,30;
30,29;
30,31;
31,30;
30,34;
34,30;
31,32;
32,31;
32,33;
33,32;
35,36;
36,35;
}
label = {
1,6;
2,6;
3,6;
4,6;
5,6;
6,6;
7,6;
8,6;
9,8;
10,8;
11,8;
12,6;
13,6;
14,6;
15,6;
16,8;
17,6;
18,8;
19,6;
20,7;
21,6;
22,6;
23,6;
24,6;
25,6;
26,6;
27,6;
28,6;
29,6;
30,6;
31,6;
32,6;
33,8;
34,8;
35,8;
36,6;
37,8;
38,8;
}