edge = {
1,14;
14,1;
1,2;
2,1;
2,26;
26,2;
2,3;
3,2;
3,4;
4,3;
3,20;
20,3;
3,32;
32,3;
4,5;
5,4;
4,19;
19,4;
5,14;
14,5;
5,6;
6,5;
6,7;
7,6;
6,18;
18,6;
7,12;
12,7;
7,8;
8,7;
8,9;
9,8;
8,17;
17,8;
9,10;
10,9;
10,11;
11,10;
11,12;
12,11;
11,16;
16,11;
12,13;
13,12;
13,14;
14,13;
13,15;
15,13;
20,21;
21,20;
20,31;
31,20;
21,22;
22,21;
21,25;
25,21;
22,23;
23,22;
22,24;
24,22;
25,26;
26,25;
25,30;
30,25;
26,27;
27,26;
27,28;
28,27;
27,29;
29,27;
}
label = {
1,6;
2,6;
3,6;
4,6;
5,6;
6,6;
7,6;
8,6;
9,6;
10,6;
11,6;
12,6;
13,6;
14,6;
15,8;
16,17;
17,8;
18,8;
19,8;
20,6;
21,6;
22,6;
23,7;
24,8;
25,6;
26,6;
27,7;
28,6;
29,6;
30,8;
31,8;
32,8;
}