edge = {
1,9;
9,1;
1,41;
41,1;
1,2;
2,1;
2,3;
3,2;
2,18;
18,2;
2,43;
43,2;
3,7;
7,3;
3,4;
4,3;
4,5;
5,4;
5,6;
6,5;
6,7;
7,6;
7,8;
8,7;
8,9;
9,8;
8,17;
17,8;
9,10;
10,9;
10,11;
11,10;
11,16;
16,11;
11,12;
12,11;
12,13;
13,12;
13,14;
14,13;
14,15;
15,14;
15,16;
16,15;
18,19;
19,18;
19,20;
20,19;
19,40;
40,19;
19,41;
41,19;
20,21;
21,20;
21,22;
22,21;
21,39;
39,21;
22,37;
37,22;
22,23;
23,22;
23,24;
24,23;
24,35;
35,24;
24,25;
25,24;
25,33;
33,25;
25,26;
26,25;
26,30;
30,26;
26,27;
27,26;
27,28;
28,27;
27,34;
34,27;
28,29;
29,28;
29,30;
30,29;
30,31;
31,30;
31,32;
32,31;
32,33;
33,32;
34,35;
35,34;
35,36;
36,35;
36,37;
37,36;
36,38;
38,36;
41,42;
42,41;
}
label = {
1,7;
2,6;
3,6;
4,6;
5,6;
6,6;
7,7;
8,6;
9,6;
10,6;
11,6;
12,6;
13,6;
14,6;
15,6;
16,6;
17,8;
18,8;
19,6;
20,7;
21,6;
22,6;
23,6;
24,6;
25,6;
26,6;
27,6;
28,6;
29,7;
30,6;
31,6;
32,6;
33,6;
34,6;
35,6;
36,7;
37,6;
38,6;
39,8;
40,6;
41,6;
42,8;
43,8;
}