edge = {
1,33;
33,1;
1,2;
2,1;
1,6;
6,1;
2,3;
3,2;
2,22;
22,2;
3,4;
4,3;
3,12;
12,3;
4,5;
5,4;
5,6;
6,5;
5,7;
7,5;
5,11;
11,5;
7,8;
8,7;
7,10;
10,7;
8,9;
9,8;
12,13;
13,12;
13,19;
19,13;
13,14;
14,13;
14,15;
15,14;
15,16;
16,15;
15,21;
21,15;
16,17;
17,16;
16,18;
18,16;
18,19;
19,18;
18,20;
20,18;
22,23;
23,22;
22,39;
39,22;
23,32;
32,23;
23,24;
24,23;
24,25;
25,24;
24,38;
38,24;
25,30;
30,25;
25,26;
26,25;
26,27;
27,26;
26,36;
36,26;
27,28;
28,27;
28,29;
29,28;
29,30;
30,29;
30,31;
31,30;
31,32;
32,31;
31,35;
35,31;
32,33;
33,32;
33,34;
34,33;
36,37;
37,36;
}
label = {
1,6;
2,6;
3,6;
4,6;
5,6;
6,6;
7,6;
8,6;
9,8;
10,8;
11,8;
12,8;
13,6;
14,6;
15,6;
16,6;
17,8;
18,6;
19,8;
20,6;
21,7;
22,6;
23,6;
24,6;
25,6;
26,6;
27,6;
28,6;
29,6;
30,6;
31,6;
32,6;
33,6;
34,8;
35,8;
36,8;
37,6;
38,8;
39,8;
}