edge = {
1,26;
26,1;
1,2;
2,1;
1,32;
32,1;
2,8;
8,2;
2,3;
3,2;
2,31;
31,2;
3,4;
4,3;
3,16;
16,3;
4,5;
5,4;
4,13;
13,4;
5,6;
6,5;
5,7;
7,5;
7,8;
8,7;
7,10;
10,7;
8,9;
9,8;
10,11;
11,10;
10,12;
12,10;
13,14;
14,13;
13,15;
15,13;
16,17;
17,16;
16,30;
30,16;
17,26;
26,17;
17,18;
18,17;
18,19;
19,18;
18,29;
29,18;
19,24;
24,19;
19,20;
20,19;
20,21;
21,20;
21,22;
22,21;
22,23;
23,22;
23,24;
24,23;
23,28;
28,23;
24,25;
25,24;
25,26;
26,25;
25,27;
27,25;
}
label = {
1,6;
2,6;
3,6;
4,6;
5,6;
6,8;
7,6;
8,6;
9,8;
10,6;
11,7;
12,8;
13,7;
14,6;
15,6;
16,6;
17,6;
18,6;
19,6;
20,6;
21,6;
22,6;
23,6;
24,6;
25,6;
26,6;
27,8;
28,8;
29,6;
30,8;
31,8;
32,8;
}