edge = {
1,10;
10,1;
1,2;
2,1;
1,12;
12,1;
2,8;
8,2;
2,3;
3,2;
3,4;
4,3;
3,9;
9,3;
4,5;
5,4;
5,6;
6,5;
5,7;
7,5;
7,8;
8,7;
9,10;
10,9;
10,11;
11,10;
12,30;
30,12;
12,13;
13,12;
13,14;
14,13;
14,15;
15,14;
15,16;
16,15;
15,29;
29,15;
16,17;
17,16;
17,18;
18,17;
18,19;
19,18;
19,27;
27,19;
19,20;
20,19;
20,25;
25,20;
20,21;
21,20;
21,22;
22,21;
21,26;
26,21;
22,23;
23,22;
23,24;
24,23;
24,25;
25,24;
26,27;
27,26;
27,28;
28,27;
29,30;
30,29;
}
label = {
1,7;
2,6;
3,6;
4,6;
5,6;
6,17;
7,6;
8,6;
9,7;
10,6;
11,8;
12,6;
13,6;
14,6;
15,7;
16,6;
17,6;
18,6;
19,7;
20,6;
21,6;
22,6;
23,6;
24,6;
25,6;
26,7;
27,6;
28,8;
29,6;
30,6;
}