edge = {
1,10;
10,1;
1,17;
17,1;
1,2;
2,1;
2,3;
3,2;
2,32;
32,2;
3,7;
7,3;
3,4;
4,3;
4,5;
5,4;
4,9;
9,4;
5,6;
6,5;
6,7;
7,6;
7,8;
8,7;
9,10;
10,9;
9,18;
18,9;
10,11;
11,10;
11,12;
12,11;
12,16;
16,12;
12,13;
13,12;
13,14;
14,13;
14,15;
15,14;
15,16;
16,15;
16,17;
17,16;
18,19;
19,18;
19,29;
29,19;
19,20;
20,19;
20,21;
21,20;
21,27;
27,21;
21,22;
22,21;
22,23;
23,22;
22,28;
28,22;
23,24;
24,23;
24,25;
25,24;
24,26;
26,24;
26,27;
27,26;
28,29;
29,28;
28,31;
31,28;
29,30;
30,29;
32,38;
38,32;
32,33;
33,32;
33,34;
34,33;
34,35;
35,34;
34,41;
41,34;
35,36;
36,35;
35,37;
37,35;
37,38;
38,37;
37,39;
39,37;
39,40;
40,39;
41,42;
42,41;
}
label = {
1,6;
2,6;
3,6;
4,6;
5,6;
6,8;
7,6;
8,8;
9,6;
10,6;
11,6;
12,6;
13,8;
14,6;
15,8;
16,6;
17,6;
18,8;
19,6;
20,8;
21,6;
22,6;
23,8;
24,6;
25,6;
26,8;
27,6;
28,6;
29,6;
30,8;
31,8;
32,6;
33,6;
34,6;
35,6;
36,8;
37,6;
38,6;
39,8;
40,6;
41,8;
42,6;
}