edge = {
1,24;
24,1;
1,2;
2,1;
1,20;
20,1;
2,3;
3,2;
2,22;
22,2;
3,4;
4,3;
3,20;
20,3;
4,5;
5,4;
5,6;
6,5;
5,19;
19,5;
6,11;
11,6;
6,7;
7,6;
7,18;
18,7;
7,8;
8,7;
8,9;
9,8;
8,15;
15,8;
9,10;
10,9;
10,11;
11,10;
11,12;
12,11;
12,13;
13,12;
13,14;
14,13;
15,16;
16,15;
16,17;
17,16;
17,18;
18,17;
20,21;
21,20;
22,23;
23,22;
23,24;
24,23;
23,28;
28,23;
23,29;
29,23;
24,25;
25,24;
25,26;
26,25;
25,27;
27,25;
}
label = {
1,7;
2,6;
3,6;
4,7;
5,6;
6,6;
7,6;
8,6;
9,6;
10,6;
11,6;
12,8;
13,6;
14,6;
15,6;
16,6;
17,6;
18,6;
19,8;
20,6;
21,8;
22,16;
23,6;
24,6;
25,6;
26,8;
27,8;
28,6;
29,6;
}