edge = {
1,33;
33,1;
1,2;
2,1;
2,7;
7,2;
2,3;
3,2;
3,4;
4,3;
4,5;
5,4;
5,6;
6,5;
6,7;
7,6;
7,8;
8,7;
8,9;
9,8;
9,10;
10,9;
9,33;
33,9;
10,11;
11,10;
11,12;
12,11;
11,32;
32,11;
12,13;
13,12;
12,24;
24,12;
13,14;
14,13;
14,15;
15,14;
14,23;
23,14;
15,20;
20,15;
15,16;
16,15;
16,17;
17,16;
16,22;
22,16;
17,18;
18,17;
17,21;
21,17;
18,19;
19,18;
19,20;
20,19;
24,25;
25,24;
25,26;
26,25;
26,31;
31,26;
26,27;
27,26;
27,28;
28,27;
28,29;
29,28;
29,30;
30,29;
30,31;
31,30;
33,34;
34,33;
34,35;
35,34;
34,40;
40,34;
35,36;
36,35;
36,37;
37,36;
36,38;
38,36;
36,39;
39,36;
}
label = {
1,6;
2,6;
3,6;
4,6;
5,6;
6,6;
7,6;
8,6;
9,7;
10,6;
11,6;
12,6;
13,7;
14,6;
15,6;
16,6;
17,6;
18,6;
19,6;
20,6;
21,8;
22,6;
23,8;
24,6;
25,16;
26,6;
27,6;
28,6;
29,6;
30,6;
31,6;
32,8;
33,6;
34,6;
35,7;
36,6;
37,6;
38,6;
39,6;
40,8;
}