edge = {
1,23;
23,1;
1,2;
2,1;
1,19;
19,1;
2,3;
3,2;
2,21;
21,2;
3,4;
4,3;
3,19;
19,3;
4,5;
5,4;
5,6;
6,5;
5,18;
18,5;
6,16;
16,6;
6,7;
7,6;
7,8;
8,7;
7,14;
14,7;
8,13;
13,8;
8,9;
9,8;
9,10;
10,9;
10,11;
11,10;
11,12;
12,11;
12,13;
13,12;
14,15;
15,14;
15,16;
16,15;
16,17;
17,16;
19,20;
20,19;
21,22;
22,21;
22,23;
23,22;
22,27;
27,22;
22,28;
28,22;
23,24;
24,23;
24,25;
25,24;
24,26;
26,24;
}
label = {
1,7;
2,6;
3,6;
4,7;
5,6;
6,6;
7,6;
8,6;
9,6;
10,6;
11,6;
12,6;
13,6;
14,7;
15,8;
16,6;
17,6;
18,8;
19,6;
20,8;
21,16;
22,6;
23,6;
24,6;
25,8;
26,8;
27,6;
28,6;
}