edge = {
1,16;
16,1;
1,73;
73,1;
1,2;
2,1;
2,3;
3,2;
2,47;
47,2;
3,4;
4,3;
4,5;
5,4;
4,15;
15,4;
5,6;
6,5;
5,13;
13,5;
6,7;
7,6;
6,12;
12,6;
7,8;
8,7;
7,11;
11,7;
8,9;
9,8;
8,10;
10,8;
13,14;
14,13;
15,16;
16,15;
15,18;
18,15;
16,17;
17,16;
18,19;
19,18;
19,45;
45,19;
19,20;
20,19;
20,21;
21,20;
21,22;
22,21;
21,42;
42,21;
22,23;
23,22;
23,40;
40,23;
23,24;
24,23;
24,25;
25,24;
25,26;
26,25;
25,37;
37,25;
26,27;
27,26;
27,33;
33,27;
27,28;
28,27;
28,29;
29,28;
29,30;
30,29;
29,35;
35,29;
29,36;
36,29;
30,31;
31,30;
30,32;
32,30;
32,33;
33,32;
32,34;
34,32;
37,38;
38,37;
37,39;
39,37;
39,40;
40,39;
39,41;
41,39;
42,43;
43,42;
42,44;
44,42;
44,45;
45,44;
44,46;
46,44;
47,48;
48,47;
48,72;
72,48;
48,49;
49,48;
49,50;
50,49;
50,51;
51,50;
50,70;
70,50;
51,52;
52,51;
52,68;
68,52;
52,53;
53,52;
53,54;
54,53;
54,55;
55,54;
54,65;
65,54;
55,56;
56,55;
56,62;
62,56;
56,57;
57,56;
57,58;
58,57;
58,59;
59,58;
58,64;
64,58;
59,60;
60,59;
59,61;
61,59;
61,62;
62,61;
61,63;
63,61;
65,66;
66,65;
65,67;
67,65;
67,68;
68,67;
67,69;
69,67;
70,71;
71,70;
70,76;
76,70;
71,72;
72,71;
71,75;
75,71;
72,73;
73,72;
73,74;
74,73;
}
label = {
1,6;
2,6;
3,6;
4,6;
5,6;
6,6;
7,6;
8,6;
9,6;
10,8;
11,8;
12,8;
13,8;
14,6;
15,6;
16,6;
17,8;
18,8;
19,6;
20,6;
21,6;
22,8;
23,6;
24,6;
25,6;
26,8;
27,6;
28,6;
29,6;
30,6;
31,8;
32,6;
33,8;
34,6;
35,6;
36,8;
37,6;
38,8;
39,6;
40,8;
41,6;
42,6;
43,8;
44,6;
45,8;
46,6;
47,6;
48,6;
49,6;
50,6;
51,8;
52,6;
53,6;
54,6;
55,8;
56,6;
57,6;
58,6;
59,6;
60,8;
61,6;
62,8;
63,6;
64,8;
65,6;
66,8;
67,6;
68,8;
69,6;
70,6;
71,6;
72,6;
73,6;
74,8;
75,8;
76,6;
}