edge = {
1,23;
23,1;
1,2;
2,1;
1,6;
6,1;
2,3;
3,2;
2,19;
19,2;
3,4;
4,3;
3,8;
8,3;
4,5;
5,4;
4,7;
7,4;
5,6;
6,5;
8,9;
9,8;
9,10;
10,9;
10,11;
11,10;
10,18;
18,10;
11,12;
12,11;
12,13;
13,12;
12,17;
17,12;
13,14;
14,13;
14,15;
15,14;
14,16;
16,14;
19,20;
20,19;
19,24;
24,19;
20,21;
21,20;
21,22;
22,21;
21,23;
23,21;
24,25;
25,24;
25,26;
26,25;
25,30;
30,25;
26,27;
27,26;
26,29;
29,26;
27,28;
28,27;
}
label = {
1,6;
2,6;
3,6;
4,6;
5,6;
6,6;
7,6;
8,6;
9,6;
10,6;
11,6;
12,6;
13,6;
14,6;
15,8;
16,8;
17,8;
18,8;
19,6;
20,6;
21,6;
22,8;
23,6;
24,8;
25,6;
26,6;
27,6;
28,6;
29,6;
30,8;
}