edge = {
1,20;
20,1;
1,26;
26,1;
1,2;
2,1;
2,3;
3,2;
2,22;
22,2;
3,4;
4,3;
4,5;
5,4;
5,6;
6,5;
5,20;
20,5;
6,7;
7,6;
7,8;
8,7;
8,15;
15,8;
8,9;
9,8;
9,10;
10,9;
10,11;
11,10;
10,18;
18,10;
11,12;
12,11;
11,14;
14,11;
12,13;
13,12;
14,15;
15,14;
14,16;
16,14;
16,17;
17,16;
18,19;
19,18;
20,21;
21,20;
22,23;
23,22;
23,24;
24,23;
23,25;
25,23;
25,26;
26,25;
26,27;
27,26;
}
label = {
1,6;
2,6;
3,6;
4,6;
5,6;
6,6;
7,7;
8,6;
9,6;
10,6;
11,6;
12,8;
13,6;
14,6;
15,6;
16,8;
17,6;
18,8;
19,6;
20,6;
21,6;
22,7;
23,6;
24,7;
25,7;
26,6;
27,7;
}