edge = {
1,17;
17,1;
1,22;
22,1;
1,2;
2,1;
2,3;
3,2;
2,11;
11,2;
3,9;
9,3;
3,4;
4,3;
4,5;
5,4;
4,10;
10,4;
5,6;
6,5;
6,7;
7,6;
6,8;
8,6;
8,9;
9,8;
11,12;
12,11;
12,13;
13,12;
12,16;
16,12;
13,14;
14,13;
13,15;
15,13;
16,17;
17,16;
16,30;
30,16;
17,18;
18,17;
18,19;
19,18;
19,20;
20,19;
19,21;
21,19;
21,22;
22,21;
21,23;
23,21;
23,29;
29,23;
23,24;
24,23;
24,25;
25,24;
25,28;
28,25;
25,26;
26,25;
26,27;
27,26;
26,28;
28,26;
28,29;
29,28;
}
label = {
1,6;
2,7;
3,6;
4,6;
5,6;
6,6;
7,9;
8,6;
9,6;
10,9;
11,6;
12,6;
13,6;
14,8;
15,8;
16,6;
17,6;
18,6;
19,6;
20,9;
21,6;
22,7;
23,7;
24,6;
25,6;
26,6;
27,7;
28,6;
29,6;
30,8;
}