edge = {
1,23;
23,1;
1,2;
2,1;
1,15;
15,1;
2,14;
14,2;
2,3;
3,2;
3,4;
4,3;
4,5;
5,4;
5,6;
6,5;
5,13;
13,5;
6,12;
12,6;
6,7;
7,6;
7,8;
8,7;
8,9;
9,8;
9,10;
10,9;
9,11;
11,9;
11,12;
12,11;
13,14;
14,13;
15,16;
16,15;
15,26;
26,15;
16,21;
21,16;
16,17;
17,16;
17,18;
18,17;
17,22;
22,17;
18,19;
19,18;
19,20;
20,19;
20,21;
21,20;
22,23;
23,22;
22,25;
25,22;
23,24;
24,23;
}
label = {
1,6;
2,6;
3,6;
4,6;
5,6;
6,6;
7,6;
8,6;
9,6;
10,17;
11,6;
12,6;
13,6;
14,6;
15,6;
16,6;
17,6;
18,6;
19,6;
20,6;
21,6;
22,6;
23,6;
24,8;
25,8;
26,8;
}