edge = {
1,2;
2,1;
1,42;
42,1;
2,30;
30,2;
2,3;
3,2;
3,4;
4,3;
3,41;
41,3;
4,5;
5,4;
4,17;
17,4;
5,6;
6,5;
6,12;
12,6;
6,7;
7,6;
7,8;
8,7;
8,9;
9,8;
8,14;
14,8;
8,16;
16,8;
9,10;
10,9;
9,11;
11,9;
11,12;
12,11;
11,13;
13,11;
14,15;
15,14;
17,18;
18,17;
17,40;
40,17;
18,19;
19,18;
18,39;
39,18;
19,20;
20,19;
20,21;
21,20;
20,37;
37,20;
21,22;
22,21;
21,23;
23,21;
21,24;
24,21;
24,25;
25,24;
24,36;
36,24;
25,26;
26,25;
25,35;
35,25;
26,27;
27,26;
26,34;
34,26;
27,28;
28,27;
28,29;
29,28;
28,33;
33,28;
29,30;
30,29;
30,31;
31,30;
30,32;
32,30;
37,38;
38,37;
42,47;
47,42;
42,43;
43,42;
43,44;
44,43;
43,52;
52,43;
44,45;
45,44;
44,49;
49,44;
45,46;
46,45;
46,47;
47,46;
46,48;
48,46;
49,50;
50,49;
49,51;
51,49;
}
label = {
1,8;
2,6;
3,6;
4,6;
5,8;
6,6;
7,6;
8,6;
9,6;
10,8;
11,6;
12,8;
13,6;
14,8;
15,6;
16,6;
17,6;
18,6;
19,8;
20,6;
21,6;
22,6;
23,8;
24,6;
25,6;
26,7;
27,6;
28,6;
29,6;
30,6;
31,6;
32,8;
33,6;
34,6;
35,6;
36,8;
37,6;
38,6;
39,8;
40,6;
41,6;
42,6;
43,6;
44,6;
45,6;
46,6;
47,8;
48,6;
49,7;
50,6;
51,6;
52,8;
}