edge = {
1,17;
17,1;
1,2;
2,1;
1,9;
9,1;
2,3;
3,2;
2,15;
15,2;
2,43;
43,2;
3,7;
7,3;
3,4;
4,3;
4,5;
5,4;
4,8;
8,4;
5,6;
6,5;
6,7;
7,6;
8,9;
9,8;
8,14;
14,8;
9,10;
10,9;
10,11;
11,10;
11,12;
12,11;
11,13;
13,11;
15,16;
16,15;
16,17;
17,16;
16,19;
19,16;
16,40;
40,16;
17,18;
18,17;
19,20;
20,19;
20,21;
21,20;
20,39;
39,20;
21,37;
37,21;
21,22;
22,21;
22,23;
23,22;
23,35;
35,23;
23,24;
24,23;
24,33;
33,24;
24,25;
25,24;
25,30;
30,25;
25,26;
26,25;
26,27;
27,26;
26,34;
34,26;
27,28;
28,27;
27,29;
29,27;
29,30;
30,29;
30,31;
31,30;
31,32;
32,31;
32,33;
33,32;
34,35;
35,34;
35,36;
36,35;
36,37;
37,36;
36,38;
38,36;
40,41;
41,40;
40,42;
42,40;
}
label = {
1,7;
2,6;
3,6;
4,7;
5,6;
6,6;
7,6;
8,6;
9,6;
10,6;
11,6;
12,6;
13,6;
14,8;
15,8;
16,6;
17,6;
18,8;
19,7;
20,6;
21,6;
22,6;
23,6;
24,6;
25,6;
26,6;
27,6;
28,35;
29,7;
30,6;
31,6;
32,6;
33,6;
34,6;
35,6;
36,7;
37,6;
38,6;
39,8;
40,6;
41,6;
42,6;
43,8;
}