edge = {
1,17;
17,1;
1,2;
2,1;
1,13;
13,1;
2,19;
19,2;
2,3;
3,2;
2,11;
11,2;
3,24;
24,3;
3,33;
33,3;
3,4;
4,3;
4,5;
5,4;
4,12;
12,4;
5,6;
6,5;
5,10;
10,5;
6,7;
7,6;
7,9;
9,7;
7,8;
8,7;
8,9;
9,8;
10,11;
11,10;
12,13;
13,12;
13,14;
14,13;
14,15;
15,14;
15,16;
16,15;
16,17;
17,16;
16,34;
34,16;
17,18;
18,17;
18,19;
19,18;
19,20;
20,19;
20,21;
21,20;
20,23;
23,20;
20,32;
32,20;
21,22;
22,21;
23,24;
24,23;
23,25;
25,23;
25,26;
26,25;
25,30;
30,25;
25,31;
31,25;
26,27;
27,26;
26,28;
28,26;
26,29;
29,26;
32,33;
33,32;
}
label = {
1,6;
2,6;
3,6;
4,6;
5,7;
6,6;
7,6;
8,6;
9,6;
10,6;
11,6;
12,6;
13,6;
14,6;
15,6;
16,6;
17,6;
18,8;
19,6;
20,6;
21,8;
22,6;
23,6;
24,6;
25,6;
26,6;
27,6;
28,6;
29,6;
30,6;
31,8;
32,6;
33,6;
34,8;
}