edge = {
1,21;
21,1;
1,2;
2,1;
1,17;
17,1;
2,3;
3,2;
2,19;
19,2;
3,4;
4,3;
3,17;
17,3;
4,5;
5,4;
5,6;
6,5;
5,16;
16,5;
6,7;
7,6;
6,13;
13,6;
7,12;
12,7;
7,8;
8,7;
8,9;
9,8;
9,10;
10,9;
10,11;
11,10;
11,12;
12,11;
13,14;
14,13;
13,15;
15,13;
17,18;
18,17;
19,20;
20,19;
20,21;
21,20;
20,25;
25,20;
20,26;
26,20;
21,22;
22,21;
22,23;
23,22;
22,24;
24,22;
}
label = {
1,7;
2,6;
3,6;
4,7;
5,6;
6,6;
7,6;
8,6;
9,6;
10,6;
11,6;
12,6;
13,6;
14,8;
15,8;
16,8;
17,6;
18,8;
19,16;
20,6;
21,6;
22,6;
23,8;
24,8;
25,6;
26,6;
}