edge = {
1,7;
7,1;
1,2;
2,1;
1,11;
11,1;
2,3;
3,2;
2,9;
9,2;
3,4;
4,3;
4,5;
5,4;
4,6;
6,4;
6,7;
7,6;
6,8;
8,6;
9,10;
10,9;
11,12;
12,11;
11,32;
32,11;
12,13;
13,12;
13,29;
29,13;
13,14;
14,13;
14,15;
15,14;
14,30;
30,14;
15,16;
16,15;
16,17;
17,16;
16,28;
28,16;
17,18;
18,17;
18,19;
19,18;
19,20;
20,19;
20,21;
21,20;
21,27;
27,21;
21,22;
22,21;
22,23;
23,22;
23,24;
24,23;
24,25;
25,24;
24,26;
26,24;
26,27;
27,26;
28,29;
29,28;
30,31;
31,30;
}
label = {
1,6;
2,6;
3,6;
4,6;
5,7;
6,6;
7,6;
8,17;
9,8;
10,6;
11,6;
12,7;
13,6;
14,6;
15,6;
16,7;
17,6;
18,6;
19,6;
20,8;
21,6;
22,6;
23,6;
24,6;
25,9;
26,6;
27,6;
28,6;
29,6;
30,8;
31,6;
32,8;
}