edge = {
1,14;
14,1;
1,2;
2,1;
1,9;
9,1;
2,3;
3,2;
2,11;
11,2;
3,4;
4,3;
4,5;
5,4;
4,8;
8,4;
5,6;
6,5;
5,7;
7,5;
8,9;
9,8;
9,10;
10,9;
11,12;
12,11;
12,13;
13,12;
13,14;
14,13;
14,15;
15,14;
15,16;
16,15;
16,17;
17,16;
17,18;
18,17;
17,34;
34,17;
18,19;
19,18;
19,20;
20,19;
20,33;
33,20;
20,21;
21,20;
21,29;
29,21;
21,22;
22,21;
22,23;
23,22;
22,31;
31,22;
23,24;
24,23;
24,25;
25,24;
24,28;
28,24;
25,26;
26,25;
25,27;
27,25;
28,29;
29,28;
29,30;
30,29;
31,32;
32,31;
32,33;
33,32;
}
label = {
1,6;
2,6;
3,8;
4,6;
5,6;
6,8;
7,8;
8,6;
9,6;
10,8;
11,6;
12,6;
13,6;
14,6;
15,8;
16,6;
17,6;
18,6;
19,8;
20,6;
21,6;
22,6;
23,8;
24,6;
25,6;
26,8;
27,8;
28,6;
29,6;
30,8;
31,6;
32,6;
33,6;
34,8;
}