edge = {
1,48;
48,1;
1,2;
2,1;
1,43;
43,1;
2,36;
36,2;
2,3;
3,2;
2,37;
37,2;
3,4;
4,3;
4,5;
5,4;
4,35;
35,4;
5,6;
6,5;
6,7;
7,6;
7,34;
34,7;
7,8;
8,7;
8,9;
9,8;
9,10;
10,9;
10,11;
11,10;
10,33;
33,10;
11,32;
32,11;
11,12;
12,11;
12,13;
13,12;
13,14;
14,13;
14,15;
15,14;
14,31;
31,14;
15,30;
30,15;
15,16;
16,15;
16,17;
17,16;
17,18;
18,17;
18,19;
19,18;
18,29;
29,18;
19,27;
27,19;
19,20;
20,19;
20,21;
21,20;
20,28;
28,20;
21,22;
22,21;
21,26;
26,21;
22,23;
23,22;
22,25;
25,22;
23,24;
24,23;
26,27;
27,26;
29,30;
30,29;
31,32;
32,31;
33,34;
34,33;
35,36;
36,35;
37,38;
38,37;
38,42;
42,38;
38,39;
39,38;
39,40;
40,39;
40,41;
41,40;
41,42;
42,41;
43,44;
44,43;
43,49;
49,43;
44,45;
45,44;
45,46;
46,45;
45,47;
47,45;
47,48;
48,47;
}
label = {
1,6;
2,6;
3,8;
4,6;
5,6;
6,8;
7,6;
8,6;
9,6;
10,6;
11,7;
12,6;
13,6;
14,7;
15,6;
16,6;
17,6;
18,6;
19,7;
20,6;
21,7;
22,6;
23,6;
24,6;
25,6;
26,7;
27,6;
28,8;
29,6;
30,6;
31,6;
32,6;
33,6;
34,6;
35,6;
36,8;
37,6;
38,7;
39,6;
40,7;
41,6;
42,7;
43,6;
44,6;
45,6;
46,17;
47,6;
48,6;
49,17;
}