edge = {
1,18;
18,1;
1,2;
2,1;
1,33;
33,1;
2,3;
3,2;
2,15;
15,2;
3,4;
4,3;
4,10;
10,4;
4,5;
5,4;
5,6;
6,5;
6,7;
7,6;
6,13;
13,6;
7,8;
8,7;
7,9;
9,7;
9,10;
10,9;
9,12;
12,9;
10,11;
11,10;
13,14;
14,13;
15,16;
16,15;
15,32;
32,15;
16,17;
17,16;
17,18;
18,17;
17,31;
31,17;
18,19;
19,18;
19,20;
20,19;
20,26;
26,20;
20,21;
21,20;
21,22;
22,21;
22,23;
23,22;
22,29;
29,22;
23,24;
24,23;
23,25;
25,23;
25,26;
26,25;
25,28;
28,25;
26,27;
27,26;
29,30;
30,29;
}
label = {
1,6;
2,6;
3,8;
4,6;
5,8;
6,6;
7,6;
8,8;
9,6;
10,6;
11,8;
12,7;
13,6;
14,8;
15,6;
16,6;
17,6;
18,6;
19,8;
20,6;
21,8;
22,6;
23,6;
24,8;
25,6;
26,6;
27,8;
28,8;
29,6;
30,7;
31,7;
32,7;
33,8;
}