edge = {
1,35;
35,1;
1,2;
2,1;
1,30;
30,1;
2,23;
23,2;
2,3;
3,2;
2,24;
24,2;
3,4;
4,3;
4,5;
5,4;
4,22;
22,4;
5,6;
6,5;
6,7;
7,6;
7,21;
21,7;
7,8;
8,7;
8,9;
9,8;
9,10;
10,9;
10,11;
11,10;
10,20;
20,10;
11,19;
19,11;
11,12;
12,11;
12,13;
13,12;
13,14;
14,13;
14,15;
15,14;
14,18;
18,14;
15,16;
16,15;
15,17;
17,15;
18,19;
19,18;
20,21;
21,20;
22,23;
23,22;
24,25;
25,24;
25,29;
29,25;
25,26;
26,25;
26,27;
27,26;
27,28;
28,27;
28,29;
29,28;
30,31;
31,30;
30,36;
36,30;
31,32;
32,31;
32,33;
33,32;
32,34;
34,32;
34,35;
35,34;
}
label = {
1,6;
2,6;
3,8;
4,6;
5,6;
6,8;
7,6;
8,6;
9,6;
10,6;
11,7;
12,6;
13,6;
14,7;
15,6;
16,6;
17,8;
18,6;
19,6;
20,6;
21,6;
22,6;
23,8;
24,6;
25,7;
26,6;
27,6;
28,7;
29,6;
30,6;
31,6;
32,6;
33,17;
34,6;
35,6;
36,17;
}