edge = {
1,14;
14,1;
1,21;
21,1;
1,2;
2,1;
2,25;
25,2;
2,3;
3,2;
3,4;
4,3;
3,11;
11,3;
4,10;
10,4;
4,5;
5,4;
5,6;
6,5;
6,7;
7,6;
7,8;
8,7;
7,9;
9,7;
9,10;
10,9;
11,12;
12,11;
11,13;
13,11;
13,14;
14,13;
14,15;
15,14;
15,16;
16,15;
15,26;
26,15;
16,17;
17,16;
16,20;
20,16;
17,18;
18,17;
17,19;
19,17;
20,21;
21,20;
21,22;
22,21;
22,23;
23,22;
22,24;
24,22;
24,25;
25,24;
}
label = {
1,6;
2,6;
3,6;
4,7;
5,6;
6,6;
7,7;
8,6;
9,6;
10,6;
11,6;
12,9;
13,6;
14,6;
15,6;
16,6;
17,6;
18,8;
19,8;
20,6;
21,7;
22,6;
23,6;
24,6;
25,8;
26,8;
}