edge = {
1,6;
6,1;
1,32;
32,1;
1,2;
2,1;
2,3;
3,2;
2,28;
28,2;
3,4;
4,3;
4,5;
5,4;
5,6;
6,5;
5,7;
7,5;
7,8;
8,7;
8,9;
9,8;
8,27;
27,8;
9,26;
26,9;
9,10;
10,9;
10,11;
11,10;
11,12;
12,11;
12,13;
13,12;
12,25;
25,12;
13,14;
14,13;
13,24;
24,13;
14,15;
15,14;
15,16;
16,15;
15,21;
21,15;
16,17;
17,16;
17,18;
18,17;
18,19;
19,18;
18,20;
20,18;
21,22;
22,21;
21,23;
23,21;
25,26;
26,25;
28,29;
29,28;
29,30;
30,29;
29,31;
31,29;
31,32;
32,31;
32,33;
33,32;
}
label = {
1,6;
2,6;
3,7;
4,6;
5,6;
6,7;
7,6;
8,7;
9,6;
10,6;
11,6;
12,6;
13,6;
14,7;
15,6;
16,6;
17,6;
18,6;
19,8;
20,8;
21,6;
22,8;
23,8;
24,8;
25,6;
26,6;
27,6;
28,7;
29,6;
30,7;
31,7;
32,6;
33,7;
}