edge = {
1,2;
2,1;
2,3;
3,2;
2,4;
4,2;
4,5;
5,4;
5,29;
29,5;
5,6;
6,5;
6,7;
7,6;
7,8;
8,7;
8,9;
9,8;
8,29;
29,8;
9,10;
10,9;
10,11;
11,10;
11,12;
12,11;
12,13;
13,12;
13,14;
14,13;
14,28;
28,14;
14,15;
15,14;
15,16;
16,15;
16,17;
17,16;
16,18;
18,16;
18,19;
19,18;
18,27;
27,18;
19,20;
20,19;
20,26;
26,20;
20,21;
21,20;
21,22;
22,21;
22,23;
23,22;
23,24;
24,23;
23,25;
25,23;
25,26;
26,25;
27,28;
28,27;
}
label = {
1,6;
2,7;
3,6;
4,6;
5,6;
6,6;
7,6;
8,6;
9,6;
10,16;
11,6;
12,6;
13,7;
14,6;
15,7;
16,6;
17,8;
18,6;
19,6;
20,6;
21,6;
22,6;
23,6;
24,6;
25,7;
26,6;
27,6;
28,7;
29,8;
}