edge = {
1,14;
14,1;
1,27;
27,1;
1,2;
2,1;
2,3;
3,2;
2,24;
24,2;
3,11;
11,3;
3,4;
4,3;
4,5;
5,4;
4,12;
12,4;
4,13;
13,4;
5,6;
6,5;
5,9;
9,5;
5,10;
10,5;
6,7;
7,6;
7,8;
8,7;
10,11;
11,10;
13,14;
14,13;
14,15;
15,14;
15,23;
23,15;
15,16;
16,15;
16,17;
17,16;
17,18;
18,17;
18,19;
19,18;
18,22;
22,18;
19,20;
20,19;
19,21;
21,19;
22,23;
23,22;
24,25;
25,24;
25,26;
26,25;
26,31;
31,26;
26,27;
27,26;
27,28;
28,27;
28,29;
29,28;
29,30;
30,29;
30,31;
31,30;
30,32;
32,30;
}
label = {
1,6;
2,6;
3,6;
4,6;
5,6;
6,6;
7,6;
8,6;
9,8;
10,6;
11,6;
12,6;
13,6;
14,6;
15,6;
16,6;
17,6;
18,6;
19,7;
20,6;
21,6;
22,6;
23,6;
24,6;
25,6;
26,6;
27,6;
28,6;
29,6;
30,6;
31,6;
32,8;
}