edge = {
1,14;
14,1;
1,2;
2,1;
2,27;
27,2;
2,3;
3,2;
3,4;
4,3;
3,21;
21,3;
3,33;
33,3;
4,5;
5,4;
4,20;
20,4;
5,14;
14,5;
5,6;
6,5;
6,7;
7,6;
6,19;
19,6;
7,12;
12,7;
7,8;
8,7;
8,9;
9,8;
8,18;
18,8;
9,10;
10,9;
10,11;
11,10;
11,12;
12,11;
11,15;
15,11;
12,13;
13,12;
13,14;
14,13;
15,16;
16,15;
15,17;
17,15;
21,22;
22,21;
21,32;
32,21;
22,23;
23,22;
22,26;
26,22;
23,24;
24,23;
23,25;
25,23;
26,27;
27,26;
26,31;
31,26;
27,28;
28,27;
28,29;
29,28;
28,30;
30,28;
}
label = {
1,6;
2,6;
3,6;
4,6;
5,6;
6,6;
7,6;
8,6;
9,6;
10,6;
11,6;
12,6;
13,6;
14,6;
15,7;
16,6;
17,6;
18,8;
19,8;
20,8;
21,6;
22,6;
23,6;
24,7;
25,8;
26,6;
27,6;
28,7;
29,6;
30,6;
31,8;
32,8;
33,8;
}