edge = {
1,2;
2,1;
1,45;
45,1;
2,3;
3,2;
2,24;
24,2;
3,4;
4,3;
4,5;
5,4;
4,23;
23,4;
5,6;
6,5;
5,13;
13,5;
6,7;
7,6;
7,12;
12,7;
7,8;
8,7;
8,9;
9,8;
9,10;
10,9;
10,11;
11,10;
11,12;
12,11;
13,14;
14,13;
14,15;
15,14;
14,22;
22,14;
15,16;
16,15;
16,17;
17,16;
17,21;
21,17;
17,18;
18,17;
18,19;
19,18;
19,20;
20,19;
20,21;
21,20;
24,25;
25,24;
25,26;
26,25;
25,44;
44,25;
26,27;
27,26;
26,41;
41,26;
27,28;
28,27;
28,29;
29,28;
28,40;
40,28;
29,30;
30,29;
29,39;
39,29;
30,31;
31,30;
31,38;
38,31;
31,32;
32,31;
32,33;
33,32;
33,34;
34,33;
33,37;
37,33;
34,35;
35,34;
34,36;
36,34;
37,38;
38,37;
41,42;
42,41;
41,43;
43,41;
45,50;
50,45;
45,46;
46,45;
46,47;
47,46;
47,48;
48,47;
48,49;
49,48;
49,50;
50,49;
}
label = {
1,6;
2,6;
3,6;
4,6;
5,6;
6,6;
7,6;
8,6;
9,6;
10,6;
11,6;
12,6;
13,7;
14,6;
15,8;
16,6;
17,6;
18,6;
19,7;
20,6;
21,16;
22,8;
23,8;
24,7;
25,6;
26,6;
27,7;
28,6;
29,7;
30,6;
31,6;
32,7;
33,6;
34,6;
35,6;
36,6;
37,16;
38,6;
39,6;
40,8;
41,6;
42,6;
43,6;
44,8;
45,6;
46,6;
47,6;
48,6;
49,6;
50,6;
}