edge = {
1,10;
10,1;
1,2;
2,1;
2,3;
3,2;
2,18;
18,2;
3,4;
4,3;
3,11;
11,3;
4,5;
5,4;
5,10;
10,5;
5,6;
6,5;
6,7;
7,6;
7,8;
8,7;
8,9;
9,8;
9,10;
10,9;
11,12;
12,11;
11,17;
17,11;
12,13;
13,12;
13,14;
14,13;
13,15;
15,13;
13,16;
16,13;
18,19;
19,18;
19,20;
20,19;
19,49;
49,19;
20,21;
21,20;
20,28;
28,20;
21,22;
22,21;
22,27;
27,22;
22,23;
23,22;
23,24;
24,23;
24,25;
25,24;
25,26;
26,25;
26,27;
27,26;
28,29;
29,28;
29,30;
30,29;
29,48;
48,29;
30,31;
31,30;
30,44;
44,30;
31,32;
32,31;
32,33;
33,32;
32,43;
43,32;
33,42;
42,33;
33,34;
34,33;
34,35;
35,34;
35,40;
40,35;
35,36;
36,35;
36,37;
37,36;
36,41;
41,36;
37,38;
38,37;
38,39;
39,38;
39,40;
40,39;
41,42;
42,41;
44,45;
45,44;
45,46;
46,45;
45,47;
47,45;
}
label = {
1,6;
2,7;
3,6;
4,6;
5,6;
6,6;
7,6;
8,6;
9,6;
10,6;
11,6;
12,7;
13,6;
14,6;
15,6;
16,6;
17,8;
18,6;
19,6;
20,6;
21,6;
22,6;
23,6;
24,6;
25,6;
26,6;
27,6;
28,7;
29,6;
30,6;
31,7;
32,6;
33,6;
34,7;
35,6;
36,6;
37,6;
38,6;
39,6;
40,6;
41,6;
42,6;
43,8;
44,6;
45,6;
46,7;
47,8;
48,8;
49,8;
}