edge = {
1,2;
2,1;
1,29;
29,1;
2,7;
7,2;
2,3;
3,2;
3,4;
4,3;
3,26;
26,3;
3,28;
28,3;
4,5;
5,4;
4,6;
6,4;
6,7;
7,6;
7,8;
8,7;
8,9;
9,8;
9,18;
18,9;
9,10;
10,9;
10,11;
11,10;
10,22;
22,10;
11,12;
12,11;
11,21;
21,11;
12,13;
13,12;
12,17;
17,12;
13,14;
14,13;
14,15;
15,14;
14,16;
16,14;
17,18;
18,17;
17,20;
20,17;
18,19;
19,18;
22,23;
23,22;
23,24;
24,23;
23,25;
25,23;
26,27;
27,26;
29,35;
35,29;
29,30;
30,29;
30,31;
31,30;
30,39;
39,30;
31,32;
32,31;
31,38;
38,31;
32,33;
33,32;
32,34;
34,32;
34,35;
35,34;
34,36;
36,34;
36,37;
37,36;
39,40;
40,39;
}
label = {
1,8;
2,6;
3,6;
4,6;
5,6;
6,8;
7,6;
8,8;
9,6;
10,6;
11,6;
12,6;
13,7;
14,6;
15,7;
16,7;
17,6;
18,6;
19,8;
20,8;
21,8;
22,7;
23,6;
24,7;
25,7;
26,6;
27,8;
28,8;
29,6;
30,6;
31,6;
32,6;
33,8;
34,6;
35,8;
36,6;
37,8;
38,8;
39,7;
40,6;
}