edge = {
1,27;
27,1;
1,2;
2,1;
1,9;
9,1;
2,3;
3,2;
2,24;
24,2;
3,4;
4,3;
3,23;
23,3;
4,8;
8,4;
4,5;
5,4;
5,6;
6,5;
6,17;
17,6;
6,7;
7,6;
7,8;
8,7;
7,10;
10,7;
8,9;
9,8;
10,11;
11,10;
11,16;
16,11;
11,12;
12,11;
12,13;
13,12;
13,14;
14,13;
14,15;
15,14;
14,22;
22,14;
15,16;
16,15;
15,18;
18,15;
16,17;
17,16;
18,19;
19,18;
19,20;
20,19;
19,21;
21,19;
24,25;
25,24;
25,26;
26,25;
26,27;
27,26;
26,31;
31,26;
27,28;
28,27;
27,30;
30,27;
28,29;
29,28;
}
label = {
1,6;
2,6;
3,6;
4,7;
5,6;
6,6;
7,6;
8,6;
9,6;
10,7;
11,6;
12,6;
13,6;
14,6;
15,6;
16,6;
17,6;
18,6;
19,7;
20,6;
21,6;
22,8;
23,8;
24,6;
25,8;
26,6;
27,6;
28,6;
29,6;
30,8;
31,8;
}