edge = {
1,2;
2,1;
1,3;
3,1;
1,4;
4,1;
4,9;
9,4;
4,5;
5,4;
5,52;
52,5;
5,6;
6,5;
6,7;
7,6;
7,8;
8,7;
7,11;
11,7;
7,12;
12,7;
8,9;
9,8;
9,10;
10,9;
12,13;
13,12;
13,14;
14,13;
13,15;
15,13;
15,16;
16,15;
16,17;
17,16;
16,18;
18,16;
18,19;
19,18;
18,20;
20,18;
20,21;
21,20;
21,22;
22,21;
22,23;
23,22;
22,24;
24,22;
24,25;
25,24;
25,26;
26,25;
25,27;
27,25;
27,28;
28,27;
28,29;
29,28;
28,30;
30,28;
30,31;
31,30;
31,32;
32,31;
31,33;
33,31;
33,34;
34,33;
33,35;
35,33;
35,36;
36,35;
35,65;
65,35;
36,37;
37,36;
36,64;
64,36;
37,38;
38,37;
38,39;
39,38;
39,40;
40,39;
40,41;
41,40;
41,42;
42,41;
42,43;
43,42;
43,44;
44,43;
44,45;
45,44;
45,46;
46,45;
46,47;
47,46;
47,48;
48,47;
48,49;
49,48;
49,50;
50,49;
50,51;
51,50;
51,52;
52,51;
51,53;
53,51;
53,54;
54,53;
54,61;
61,54;
54,55;
55,54;
55,56;
56,55;
55,57;
57,55;
57,58;
58,57;
57,59;
59,57;
59,60;
60,59;
59,63;
63,59;
60,61;
61,60;
60,62;
62,60;
}
label = {
1,6;
2,8;
3,8;
4,6;
5,6;
6,8;
7,6;
8,6;
9,6;
10,8;
11,8;
12,6;
13,6;
14,8;
15,6;
16,6;
17,8;
18,6;
19,8;
20,6;
21,6;
22,6;
23,8;
24,6;
25,6;
26,8;
27,6;
28,6;
29,8;
30,8;
31,6;
32,6;
33,6;
34,6;
35,6;
36,6;
37,6;
38,6;
39,6;
40,6;
41,6;
42,6;
43,6;
44,6;
45,6;
46,6;
47,6;
48,6;
49,6;
50,6;
51,6;
52,6;
53,8;
54,6;
55,6;
56,8;
57,6;
58,7;
59,6;
60,6;
61,8;
62,6;
63,8;
64,6;
65,8;
}