edge = {
1,2;
2,1;
1,3;
3,1;
3,8;
8,3;
3,4;
4,3;
4,32;
32,4;
4,5;
5,4;
5,6;
6,5;
5,29;
29,5;
6,7;
7,6;
7,8;
8,7;
8,9;
9,8;
9,10;
10,9;
10,11;
11,10;
11,16;
16,11;
11,12;
12,11;
12,13;
13,12;
13,14;
14,13;
14,15;
15,14;
14,17;
17,14;
15,16;
16,15;
17,18;
18,17;
17,28;
28,17;
18,19;
19,18;
19,20;
20,19;
19,25;
25,19;
20,21;
21,20;
21,22;
22,21;
22,23;
23,22;
22,24;
24,22;
25,26;
26,25;
25,27;
27,25;
29,30;
30,29;
30,31;
31,30;
30,34;
34,30;
31,32;
32,31;
32,33;
33,32;
}
label = {
1,6;
2,8;
3,7;
4,6;
5,6;
6,7;
7,6;
8,6;
9,6;
10,7;
11,6;
12,6;
13,6;
14,6;
15,6;
16,6;
17,6;
18,7;
19,6;
20,6;
21,6;
22,6;
23,8;
24,8;
25,6;
26,8;
27,8;
28,8;
29,7;
30,6;
31,7;
32,6;
33,8;
34,7;
}