edge = {
1,2;
2,1;
2,10;
10,2;
2,3;
3,2;
3,8;
8,3;
3,4;
4,3;
4,5;
5,4;
4,36;
36,4;
5,32;
32,5;
5,6;
6,5;
6,7;
7,6;
6,29;
29,6;
7,8;
8,7;
7,11;
11,7;
8,9;
9,8;
9,10;
10,9;
11,12;
12,11;
12,17;
17,12;
12,13;
13,12;
13,14;
14,13;
14,23;
23,14;
14,15;
15,14;
15,16;
16,15;
15,20;
20,15;
16,17;
17,16;
16,19;
19,16;
17,18;
18,17;
20,21;
21,20;
21,22;
22,21;
21,24;
24,21;
22,23;
23,22;
24,28;
28,24;
24,25;
25,24;
25,26;
26,25;
26,27;
27,26;
27,28;
28,27;
29,30;
30,29;
30,35;
35,30;
30,31;
31,30;
31,32;
32,31;
31,33;
33,31;
33,34;
34,33;
34,35;
35,34;
36,43;
43,36;
36,37;
37,36;
37,38;
38,37;
38,39;
39,38;
38,41;
41,38;
39,40;
40,39;
41,42;
42,41;
41,45;
45,41;
42,43;
43,42;
42,44;
44,42;
}
label = {
1,8;
2,6;
3,6;
4,6;
5,6;
6,6;
7,6;
8,6;
9,6;
10,8;
11,8;
12,6;
13,8;
14,6;
15,6;
16,6;
17,6;
18,8;
19,8;
20,8;
21,6;
22,8;
23,6;
24,6;
25,6;
26,6;
27,6;
28,16;
29,6;
30,6;
31,6;
32,6;
33,8;
34,6;
35,8;
36,6;
37,6;
38,6;
39,8;
40,6;
41,6;
42,6;
43,6;
44,8;
45,8;
}