edge = {
1,7;
7,1;
1,27;
27,1;
1,2;
2,1;
2,3;
3,2;
2,24;
24,2;
3,4;
4,3;
3,23;
23,3;
4,5;
5,4;
4,22;
22,4;
5,6;
6,5;
6,10;
10,6;
6,7;
7,6;
7,8;
8,7;
8,9;
9,8;
9,10;
10,9;
10,11;
11,10;
11,15;
15,11;
11,12;
12,11;
12,13;
13,12;
13,14;
14,13;
14,15;
15,14;
14,16;
16,14;
16,17;
17,16;
16,19;
19,16;
16,21;
21,16;
17,18;
18,17;
19,20;
20,19;
24,25;
25,24;
24,28;
28,24;
25,26;
26,25;
26,27;
27,26;
}
label = {
1,6;
2,6;
3,6;
4,7;
5,6;
6,6;
7,7;
8,6;
9,7;
10,6;
11,6;
12,7;
13,8;
14,6;
15,7;
16,6;
17,6;
18,8;
19,6;
20,8;
21,6;
22,6;
23,8;
24,6;
25,6;
26,6;
27,6;
28,17;
}