edge = {
1,6;
6,1;
1,2;
2,1;
2,3;
3,2;
3,4;
4,3;
4,9;
9,4;
4,5;
5,4;
5,6;
6,5;
5,7;
7,5;
7,8;
8,7;
7,27;
27,7;
8,9;
9,8;
8,10;
10,8;
10,11;
11,10;
11,16;
16,11;
11,12;
12,11;
12,13;
13,12;
13,14;
14,13;
14,15;
15,14;
14,17;
17,14;
15,16;
16,15;
17,18;
18,17;
18,19;
19,18;
19,24;
24,19;
19,20;
20,19;
20,21;
21,20;
21,22;
22,21;
22,23;
23,22;
22,25;
25,22;
23,24;
24,23;
25,26;
26,25;
27,28;
28,27;
28,33;
33,28;
28,29;
29,28;
29,30;
30,29;
30,31;
31,30;
31,32;
32,31;
31,34;
34,31;
32,33;
33,32;
}
label = {
1,6;
2,6;
3,6;
4,6;
5,6;
6,6;
7,7;
8,6;
9,7;
10,7;
11,6;
12,6;
13,6;
14,7;
15,6;
16,6;
17,6;
18,6;
19,6;
20,6;
21,6;
22,6;
23,6;
24,6;
25,8;
26,6;
27,6;
28,6;
29,6;
30,6;
31,6;
32,6;
33,6;
34,9;
}