edge = {
1,6;
6,1;
1,2;
2,1;
1,11;
11,1;
2,3;
3,2;
3,4;
4,3;
4,5;
5,4;
4,7;
7,4;
5,6;
6,5;
7,8;
8,7;
7,9;
9,7;
7,10;
10,7;
11,12;
12,11;
12,13;
13,12;
12,25;
25,12;
13,18;
18,13;
13,14;
14,13;
14,15;
15,14;
14,19;
19,14;
15,16;
16,15;
16,17;
17,16;
17,18;
18,17;
19,20;
20,19;
20,24;
24,20;
20,21;
21,20;
21,22;
22,21;
22,23;
23,22;
23,24;
24,23;
}
label = {
1,6;
2,6;
3,6;
4,6;
5,6;
6,6;
7,6;
8,9;
9,9;
10,9;
11,6;
12,6;
13,7;
14,6;
15,6;
16,6;
17,6;
18,6;
19,6;
20,7;
21,6;
22,6;
23,6;
24,6;
25,8;
}