edge = {
1,2;
2,1;
2,3;
3,2;
2,4;
4,2;
2,7;
7,2;
4,5;
5,4;
4,6;
6,4;
7,12;
12,7;
7,8;
8,7;
8,9;
9,8;
9,10;
10,9;
10,11;
11,10;
10,13;
13,10;
11,12;
12,11;
13,14;
14,13;
13,15;
15,13;
15,16;
16,15;
16,17;
17,16;
17,18;
18,17;
18,23;
23,18;
18,19;
19,18;
19,20;
20,19;
20,21;
21,20;
21,22;
22,21;
21,24;
24,21;
22,23;
23,22;
24,25;
25,24;
25,26;
26,25;
25,32;
32,25;
26,31;
31,26;
26,27;
27,26;
27,28;
28,27;
28,29;
29,28;
29,30;
30,29;
30,31;
31,30;
32,37;
37,32;
32,33;
33,32;
33,34;
34,33;
34,35;
35,34;
35,36;
36,35;
36,37;
37,36;
}
label = {
1,6;
2,6;
3,6;
4,6;
5,8;
6,8;
7,6;
8,6;
9,6;
10,6;
11,6;
12,6;
13,6;
14,8;
15,6;
16,6;
17,6;
18,7;
19,6;
20,6;
21,6;
22,6;
23,6;
24,8;
25,6;
26,6;
27,6;
28,6;
29,6;
30,6;
31,6;
32,6;
33,6;
34,6;
35,6;
36,6;
37,6;
}