edge = {
1,2;
2,1;
2,7;
7,2;
2,3;
3,2;
3,4;
4,3;
4,5;
5,4;
5,6;
6,5;
5,8;
8,5;
6,7;
7,6;
8,21;
21,8;
8,9;
9,8;
9,10;
10,9;
10,19;
19,10;
10,11;
11,10;
11,12;
12,11;
11,23;
23,11;
12,13;
13,12;
13,14;
14,13;
13,17;
17,13;
14,15;
15,14;
14,16;
16,14;
17,18;
18,17;
17,19;
19,17;
19,20;
20,19;
20,21;
21,20;
21,22;
22,21;
23,29;
29,23;
23,24;
24,23;
24,25;
25,24;
25,26;
26,25;
26,27;
27,26;
26,28;
28,26;
28,29;
29,28;
}
label = {
1,6;
2,7;
3,6;
4,6;
5,7;
6,6;
7,6;
8,6;
9,6;
10,6;
11,7;
12,6;
13,6;
14,6;
15,8;
16,8;
17,6;
18,8;
19,6;
20,6;
21,6;
22,9;
23,6;
24,6;
25,6;
26,6;
27,9;
28,6;
29,6;
}