edge = {
1,2;
2,1;
2,3;
3,2;
3,4;
4,3;
4,30;
30,4;
4,5;
5,4;
5,6;
6,5;
6,7;
7,6;
7,8;
8,7;
7,29;
29,7;
8,9;
9,8;
9,10;
10,9;
10,11;
11,10;
11,24;
24,11;
11,12;
12,11;
12,17;
17,12;
12,13;
13,12;
13,14;
14,13;
14,15;
15,14;
15,16;
16,15;
16,17;
17,16;
17,18;
18,17;
18,19;
19,18;
19,24;
24,19;
19,20;
20,19;
20,21;
21,20;
21,22;
22,21;
22,23;
23,22;
22,25;
25,22;
23,24;
24,23;
25,26;
26,25;
25,27;
27,25;
25,28;
28,25;
29,30;
30,29;
}
label = {
1,8;
2,6;
3,6;
4,7;
5,6;
6,6;
7,7;
8,6;
9,6;
10,6;
11,6;
12,6;
13,6;
14,6;
15,6;
16,6;
17,6;
18,16;
19,6;
20,6;
21,6;
22,6;
23,6;
24,6;
25,6;
26,9;
27,9;
28,9;
29,6;
30,6;
}