edge = {
1,6;
6,1;
1,2;
2,1;
1,9;
9,1;
2,3;
3,2;
3,4;
4,3;
4,5;
5,4;
4,8;
8,4;
5,6;
6,5;
5,7;
7,5;
9,10;
10,9;
10,11;
11,10;
10,12;
12,10;
12,20;
20,12;
12,13;
13,12;
13,14;
14,13;
13,21;
21,13;
14,15;
15,14;
15,16;
16,15;
15,19;
19,15;
16,17;
17,16;
16,18;
18,16;
19,20;
20,19;
21,22;
22,21;
22,27;
27,22;
22,23;
23,22;
23,24;
24,23;
24,25;
25,24;
24,26;
26,24;
26,27;
27,26;
}
label = {
1,6;
2,6;
3,6;
4,6;
5,6;
6,6;
7,17;
8,17;
9,6;
10,6;
11,8;
12,7;
13,6;
14,6;
15,7;
16,6;
17,8;
18,6;
19,6;
20,6;
21,6;
22,7;
23,6;
24,6;
25,8;
26,6;
27,6;
}