edge = {
1,6;
6,1;
1,2;
2,1;
1,9;
9,1;
2,3;
3,2;
3,4;
4,3;
4,5;
5,4;
4,7;
7,4;
5,6;
6,5;
7,8;
8,7;
9,10;
10,9;
10,11;
11,10;
10,27;
27,10;
11,16;
16,11;
11,12;
12,11;
12,13;
13,12;
12,20;
20,12;
13,14;
14,13;
14,15;
15,14;
14,17;
17,14;
15,16;
16,15;
17,18;
18,17;
17,19;
19,17;
20,21;
21,20;
21,25;
25,21;
21,22;
22,21;
22,23;
23,22;
23,24;
24,23;
24,25;
25,24;
24,26;
26,24;
}
label = {
1,6;
2,6;
3,6;
4,6;
5,6;
6,6;
7,16;
8,6;
9,6;
10,6;
11,7;
12,6;
13,6;
14,7;
15,6;
16,6;
17,6;
18,8;
19,6;
20,6;
21,7;
22,6;
23,6;
24,6;
25,6;
26,8;
27,8;
}