edge = {
1,28;
28,1;
1,2;
2,1;
1,21;
21,1;
2,3;
3,2;
3,4;
4,3;
3,20;
20,3;
4,9;
9,4;
4,5;
5,4;
5,6;
6,5;
5,13;
13,5;
6,7;
7,6;
7,8;
8,7;
7,10;
10,7;
8,9;
9,8;
10,11;
11,10;
10,12;
12,10;
13,14;
14,13;
14,19;
19,14;
14,15;
15,14;
15,16;
16,15;
16,17;
17,16;
17,18;
18,17;
17,19;
19,17;
21,22;
22,21;
22,23;
23,22;
23,24;
24,23;
23,27;
27,23;
24,25;
25,24;
24,26;
26,24;
27,28;
28,27;
}
label = {
1,6;
2,6;
3,6;
4,7;
5,6;
6,6;
7,7;
8,6;
9,6;
10,6;
11,8;
12,6;
13,6;
14,7;
15,6;
16,6;
17,6;
18,8;
19,6;
20,8;
21,6;
22,6;
23,6;
24,16;
25,8;
26,6;
27,6;
28,6;
}