edge = {
1,2;
2,1;
2,3;
3,2;
3,25;
25,3;
3,4;
4,3;
4,5;
5,4;
5,6;
6,5;
5,9;
9,5;
6,7;
7,6;
6,8;
8,6;
9,10;
10,9;
9,11;
11,9;
11,25;
25,11;
11,12;
12,11;
12,13;
13,12;
13,14;
14,13;
13,15;
15,13;
15,16;
16,15;
15,23;
23,15;
16,22;
22,16;
16,17;
17,16;
17,18;
18,17;
18,19;
19,18;
19,20;
20,19;
20,21;
21,20;
20,22;
22,20;
23,24;
24,23;
23,25;
25,23;
}
label = {
1,6;
2,6;
3,7;
4,6;
5,6;
6,6;
7,8;
8,8;
9,6;
10,8;
11,6;
12,6;
13,6;
14,9;
15,6;
16,7;
17,6;
18,6;
19,7;
20,6;
21,6;
22,6;
23,6;
24,9;
25,6;
}