edge = {
1,6;
6,1;
1,27;
27,1;
1,2;
2,1;
2,3;
3,2;
2,24;
24,2;
3,4;
4,3;
4,22;
22,4;
4,5;
5,4;
5,6;
6,5;
5,19;
19,5;
6,7;
7,6;
7,8;
8,7;
8,9;
9,8;
9,10;
10,9;
10,15;
15,10;
10,11;
11,10;
11,12;
12,11;
12,13;
13,12;
13,14;
14,13;
13,16;
16,13;
14,15;
15,14;
16,17;
17,16;
17,18;
18,17;
19,20;
20,19;
20,21;
21,20;
20,23;
23,20;
21,22;
22,21;
24,25;
25,24;
25,26;
26,25;
26,27;
27,26;
}
label = {
1,6;
2,6;
3,16;
4,6;
5,6;
6,7;
7,6;
8,6;
9,6;
10,7;
11,6;
12,6;
13,7;
14,6;
15,6;
16,6;
17,6;
18,8;
19,6;
20,6;
21,6;
22,6;
23,17;
24,6;
25,6;
26,6;
27,6;
}