edge = {
1,28;
28,1;
1,2;
2,1;
2,3;
3,2;
3,4;
4,3;
4,27;
27,4;
4,5;
5,4;
5,6;
6,5;
5,14;
14,5;
6,7;
7,6;
6,13;
13,6;
7,8;
8,7;
8,12;
12,8;
8,9;
9,8;
9,10;
10,9;
10,11;
11,10;
11,12;
12,11;
14,25;
25,14;
14,15;
15,14;
15,16;
16,15;
15,26;
26,15;
16,17;
17,16;
17,18;
18,17;
18,19;
19,18;
18,25;
25,18;
19,20;
20,19;
19,21;
21,19;
21,22;
22,21;
22,23;
23,22;
23,24;
24,23;
26,27;
27,26;
27,28;
28,27;
}
label = {
1,6;
2,6;
3,6;
4,6;
5,7;
6,6;
7,6;
8,7;
9,6;
10,6;
11,6;
12,6;
13,6;
14,6;
15,6;
16,6;
17,6;
18,6;
19,6;
20,8;
21,7;
22,6;
23,6;
24,6;
25,6;
26,16;
27,6;
28,6;
}