edge = {
1,2;
2,1;
2,7;
7,2;
2,3;
3,2;
3,4;
4,3;
4,5;
5,4;
5,6;
6,5;
5,8;
8,5;
6,7;
7,6;
8,21;
21,8;
8,9;
9,8;
9,10;
10,9;
9,11;
11,9;
11,12;
12,11;
12,22;
22,12;
12,13;
13,12;
13,14;
14,13;
13,15;
15,13;
15,16;
16,15;
15,23;
23,15;
16,17;
17,16;
17,22;
22,17;
17,18;
18,17;
18,19;
19,18;
19,20;
20,19;
20,21;
21,20;
21,22;
22,21;
23,24;
24,23;
23,25;
25,23;
}
label = {
1,6;
2,7;
3,6;
4,6;
5,7;
6,6;
7,6;
8,6;
9,6;
10,9;
11,6;
12,6;
13,6;
14,8;
15,6;
16,6;
17,7;
18,6;
19,6;
20,16;
21,6;
22,6;
23,6;
24,8;
25,8;
}