edge = {
1,6;
6,1;
1,2;
2,1;
1,9;
9,1;
2,3;
3,2;
3,4;
4,3;
4,5;
5,4;
4,8;
8,4;
5,6;
6,5;
5,7;
7,5;
9,10;
10,9;
10,11;
11,10;
10,29;
29,10;
11,16;
16,11;
11,12;
12,11;
12,13;
13,12;
12,23;
23,12;
13,14;
14,13;
14,20;
20,14;
14,15;
15,14;
14,17;
17,14;
15,16;
16,15;
17,18;
18,17;
18,19;
19,18;
18,22;
22,18;
19,20;
20,19;
20,21;
21,20;
23,24;
24,23;
24,28;
28,24;
24,25;
25,24;
25,26;
26,25;
26,27;
27,26;
27,28;
28,27;
}
label = {
1,6;
2,6;
3,6;
4,6;
5,6;
6,6;
7,17;
8,17;
9,6;
10,6;
11,7;
12,6;
13,6;
14,6;
15,6;
16,6;
17,7;
18,6;
19,7;
20,6;
21,8;
22,8;
23,6;
24,7;
25,6;
26,6;
27,6;
28,6;
29,8;
}