edge = {
1,10;
10,1;
1,2;
2,1;
1,11;
11,1;
2,8;
8,2;
2,3;
3,2;
3,4;
4,3;
3,9;
9,3;
4,5;
5,4;
5,6;
6,5;
5,7;
7,5;
7,8;
8,7;
9,10;
10,9;
11,31;
31,11;
11,12;
12,11;
12,13;
13,12;
13,14;
14,13;
14,15;
15,14;
14,30;
30,14;
15,16;
16,15;
16,17;
17,16;
17,27;
27,17;
17,18;
18,17;
18,19;
19,18;
18,29;
29,18;
19,24;
24,19;
19,20;
20,19;
20,21;
21,20;
20,26;
26,20;
21,22;
22,21;
21,25;
25,21;
22,23;
23,22;
23,24;
24,23;
26,27;
27,26;
27,28;
28,27;
30,31;
31,30;
}
label = {
1,6;
2,6;
3,6;
4,6;
5,6;
6,9;
7,6;
8,6;
9,8;
10,7;
11,6;
12,6;
13,6;
14,7;
15,6;
16,6;
17,6;
18,6;
19,7;
20,6;
21,6;
22,6;
23,6;
24,6;
25,8;
26,7;
27,6;
28,6;
29,8;
30,6;
31,6;
}