edge = {
1,22;
22,1;
1,2;
2,1;
2,3;
3,2;
3,4;
4,3;
4,21;
21,4;
4,5;
5,4;
5,6;
6,5;
6,7;
7,6;
6,24;
24,6;
7,8;
8,7;
7,23;
23,7;
8,9;
9,8;
8,21;
21,8;
9,10;
10,9;
9,20;
20,9;
10,11;
11,10;
11,12;
12,11;
11,14;
14,11;
12,13;
13,12;
14,19;
19,14;
14,15;
15,14;
15,16;
16,15;
16,17;
17,16;
17,18;
18,17;
18,19;
19,18;
21,22;
22,21;
24,29;
29,24;
24,25;
25,24;
25,26;
26,25;
26,27;
27,26;
27,28;
28,27;
28,29;
29,28;
}
label = {
1,6;
2,6;
3,6;
4,6;
5,7;
6,6;
7,6;
8,6;
9,6;
10,7;
11,6;
12,6;
13,6;
14,6;
15,6;
16,6;
17,6;
18,6;
19,6;
20,8;
21,6;
22,6;
23,8;
24,6;
25,6;
26,6;
27,6;
28,6;
29,6;
}