edge = {
1,29;
29,1;
1,2;
2,1;
2,3;
3,2;
3,27;
27,3;
3,4;
4,3;
4,5;
5,4;
4,30;
30,4;
5,6;
6,5;
5,19;
19,5;
6,7;
7,6;
7,8;
8,7;
8,9;
9,8;
9,10;
10,9;
10,11;
11,10;
10,18;
18,10;
11,12;
12,11;
12,17;
17,12;
12,13;
13,12;
13,14;
14,13;
14,15;
15,14;
15,16;
16,15;
16,17;
17,16;
19,20;
20,19;
19,26;
26,19;
20,25;
25,20;
20,21;
21,20;
21,22;
22,21;
22,23;
23,22;
23,24;
24,23;
24,25;
25,24;
26,27;
27,26;
27,28;
28,27;
28,29;
29,28;
30,31;
31,30;
30,41;
41,30;
31,32;
32,31;
32,33;
33,32;
32,35;
35,32;
33,34;
34,33;
35,40;
40,35;
35,36;
36,35;
36,37;
37,36;
37,38;
38,37;
38,39;
39,38;
39,40;
40,39;
}
label = {
1,6;
2,6;
3,6;
4,6;
5,6;
6,8;
7,6;
8,6;
9,7;
10,6;
11,6;
12,6;
13,7;
14,6;
15,6;
16,6;
17,6;
18,8;
19,6;
20,6;
21,6;
22,6;
23,6;
24,6;
25,6;
26,7;
27,6;
28,6;
29,6;
30,6;
31,7;
32,6;
33,6;
34,6;
35,6;
36,6;
37,6;
38,6;
39,6;
40,6;
41,8;
}