edge = {
1,2;
2,1;
2,3;
3,2;
2,4;
4,2;
2,5;
5,2;
5,10;
10,5;
5,6;
6,5;
6,7;
7,6;
7,8;
8,7;
8,9;
9,8;
8,11;
11,8;
9,10;
10,9;
11,12;
12,11;
11,13;
13,11;
13,14;
14,13;
14,15;
15,14;
15,16;
16,15;
16,21;
21,16;
16,17;
17,16;
17,18;
18,17;
18,19;
19,18;
19,20;
20,19;
19,22;
22,19;
20,21;
21,20;
22,23;
23,22;
22,24;
24,22;
22,30;
30,22;
24,29;
29,24;
24,25;
25,24;
25,26;
26,25;
26,27;
27,26;
27,28;
28,27;
28,29;
29,28;
30,35;
35,30;
30,31;
31,30;
31,32;
32,31;
32,33;
33,32;
33,34;
34,33;
34,35;
35,34;
}
label = {
1,6;
2,6;
3,6;
4,6;
5,6;
6,6;
7,6;
8,6;
9,6;
10,6;
11,6;
12,8;
13,6;
14,6;
15,6;
16,7;
17,6;
18,6;
19,6;
20,6;
21,6;
22,6;
23,8;
24,6;
25,6;
26,6;
27,6;
28,6;
29,6;
30,6;
31,6;
32,6;
33,6;
34,6;
35,6;
}