edge = {
1,6;
6,1;
1,2;
2,1;
2,3;
3,2;
2,28;
28,2;
3,4;
4,3;
3,8;
8,3;
4,5;
5,4;
5,6;
6,5;
6,7;
7,6;
8,9;
9,8;
9,10;
10,9;
10,11;
11,10;
11,12;
12,11;
12,13;
13,12;
13,18;
18,13;
13,14;
14,13;
14,15;
15,14;
15,16;
16,15;
15,27;
27,15;
16,17;
17,16;
16,19;
19,16;
17,18;
18,17;
19,20;
20,19;
20,25;
25,20;
20,21;
21,20;
21,22;
22,21;
22,23;
23,22;
23,24;
24,23;
23,26;
26,23;
24,25;
25,24;
}
label = {
1,6;
2,6;
3,6;
4,7;
5,6;
6,6;
7,35;
8,6;
9,6;
10,6;
11,6;
12,7;
13,6;
14,7;
15,6;
16,6;
17,6;
18,7;
19,6;
20,6;
21,6;
22,6;
23,6;
24,7;
25,6;
26,6;
27,8;
28,6;
}