edge = {
1,31;
31,1;
1,2;
2,1;
1,25;
25,1;
2,3;
3,2;
2,20;
20,2;
2,23;
23,2;
3,4;
4,3;
4,5;
5,4;
5,6;
6,5;
6,7;
7,6;
6,19;
19,6;
7,8;
8,7;
8,9;
9,8;
9,16;
16,9;
9,10;
10,9;
10,11;
11,10;
11,12;
12,11;
11,17;
17,11;
12,13;
13,12;
12,15;
15,12;
13,14;
14,13;
15,16;
16,15;
17,18;
18,17;
20,21;
21,20;
20,22;
22,20;
23,24;
24,23;
25,26;
26,25;
26,27;
27,26;
26,32;
32,26;
27,28;
28,27;
27,30;
30,27;
28,29;
29,28;
30,31;
31,30;
32,33;
33,32;
}
label = {
1,6;
2,6;
3,6;
4,6;
5,6;
6,7;
7,6;
8,6;
9,6;
10,6;
11,6;
12,6;
13,8;
14,6;
15,6;
16,6;
17,8;
18,6;
19,6;
20,6;
21,6;
22,6;
23,6;
24,7;
25,6;
26,6;
27,6;
28,8;
29,6;
30,6;
31,6;
32,8;
33,6;
}