edge = {
1,10;
10,1;
1,14;
14,1;
1,2;
2,1;
2,3;
3,2;
2,19;
19,2;
3,8;
8,3;
3,4;
4,3;
4,5;
5,4;
4,9;
9,4;
5,6;
6,5;
6,7;
7,6;
7,8;
8,7;
9,10;
10,9;
10,11;
11,10;
11,12;
12,11;
12,13;
13,12;
13,14;
14,13;
13,15;
15,13;
15,16;
16,15;
15,17;
17,15;
15,18;
18,15;
19,20;
20,19;
20,21;
21,20;
21,22;
22,21;
22,30;
30,22;
22,23;
23,22;
23,24;
24,23;
24,25;
25,24;
25,26;
26,25;
25,29;
29,25;
26,27;
27,26;
27,28;
28,27;
29,30;
30,29;
}
label = {
1,6;
2,7;
3,6;
4,6;
5,6;
6,6;
7,6;
8,6;
9,16;
10,6;
11,6;
12,6;
13,6;
14,6;
15,6;
16,9;
17,9;
18,9;
19,6;
20,6;
21,6;
22,7;
23,6;
24,6;
25,7;
26,6;
27,6;
28,8;
29,6;
30,6;
}