edge = {
1,9;
9,1;
1,2;
2,1;
1,6;
6,1;
2,3;
3,2;
3,4;
4,3;
4,5;
5,4;
5,6;
6,5;
6,7;
7,6;
7,8;
8,7;
8,9;
9,8;
8,45;
45,8;
9,10;
10,9;
10,11;
11,10;
11,12;
12,11;
11,44;
44,11;
12,13;
13,12;
12,20;
20,12;
13,14;
14,13;
14,19;
19,14;
14,15;
15,14;
15,16;
16,15;
16,17;
17,16;
17,18;
18,17;
18,19;
19,18;
20,21;
21,20;
21,22;
22,21;
21,43;
43,21;
22,23;
23,22;
23,35;
35,23;
23,24;
24,23;
24,25;
25,24;
24,36;
36,24;
25,26;
26,25;
26,27;
27,26;
26,34;
34,26;
27,28;
28,27;
28,33;
33,28;
28,29;
29,28;
29,30;
30,29;
30,31;
31,30;
31,32;
32,31;
32,33;
33,32;
34,35;
35,34;
36,37;
37,36;
36,42;
42,36;
37,38;
38,37;
38,39;
39,38;
38,40;
40,38;
38,41;
41,38;
}
label = {
1,6;
2,6;
3,6;
4,6;
5,6;
6,6;
7,6;
8,6;
9,6;
10,7;
11,6;
12,6;
13,6;
14,6;
15,6;
16,6;
17,6;
18,6;
19,6;
20,6;
21,6;
22,6;
23,7;
24,6;
25,6;
26,7;
27,6;
28,6;
29,6;
30,6;
31,6;
32,7;
33,6;
34,6;
35,6;
36,6;
37,7;
38,6;
39,6;
40,6;
41,6;
42,8;
43,8;
44,8;
45,8;
}