edge = {
1,10;
10,1;
1,14;
14,1;
1,2;
2,1;
2,3;
3,2;
2,18;
18,2;
3,8;
8,3;
3,4;
4,3;
4,5;
5,4;
4,9;
9,4;
5,6;
6,5;
6,7;
7,6;
7,8;
8,7;
9,10;
10,9;
10,11;
11,10;
11,12;
12,11;
12,13;
13,12;
13,14;
14,13;
13,15;
15,13;
15,16;
16,15;
15,17;
17,15;
18,19;
19,18;
19,20;
20,19;
20,25;
25,20;
20,21;
21,20;
21,22;
22,21;
21,26;
26,21;
22,23;
23,22;
23,24;
24,23;
24,25;
25,24;
}
label = {
1,6;
2,7;
3,6;
4,6;
5,6;
6,6;
7,6;
8,6;
9,16;
10,6;
11,6;
12,6;
13,6;
14,6;
15,16;
16,6;
17,8;
18,6;
19,6;
20,6;
21,7;
22,6;
23,6;
24,6;
25,6;
26,6;
}