edge = {
1,2;
2,1;
1,3;
3,1;
1,4;
4,1;
2,1;
1,2;
2,3;
3,2;
2,4;
4,2;
2,25;
25,2;
2,28;
28,2;
3,1;
1,3;
3,2;
2,3;
3,4;
4,3;
3,28;
28,3;
3,29;
29,3;
4,1;
1,4;
4,2;
2,4;
4,3;
3,4;
4,5;
5,4;
4,6;
6,4;
4,29;
29,4;
5,4;
4,5;
5,6;
6,5;
5,7;
7,5;
5,30;
30,5;
6,4;
4,6;
6,5;
5,6;
6,7;
7,6;
6,8;
8,6;
6,30;
30,6;
7,5;
5,7;
7,6;
6,7;
7,8;
8,7;
7,9;
9,7;
8,6;
6,8;
8,7;
7,8;
8,9;
9,8;
8,10;
10,8;
8,11;
11,8;
9,7;
7,9;
9,8;
8,9;
9,10;
10,9;
10,8;
8,10;
10,9;
9,10;
10,11;
11,10;
10,12;
12,10;
10,13;
13,10;
11,8;
8,11;
11,10;
10,11;
11,12;
12,11;
11,13;
13,11;
12,10;
10,12;
12,11;
11,12;
12,13;
13,12;
12,27;
27,12;
13,10;
10,13;
13,11;
11,13;
13,12;
12,13;
13,26;
26,13;
13,27;
27,13;
14,15;
15,14;
14,16;
16,14;
14,17;
17,14;
14,26;
26,14;
15,14;
14,15;
15,16;
16,15;
15,17;
17,15;
15,26;
26,15;
16,14;
14,16;
16,15;
15,16;
16,17;
17,16;
16,18;
18,16;
17,14;
14,17;
17,15;
15,17;
17,16;
16,17;
17,18;
18,17;
18,16;
16,18;
18,17;
17,18;
18,19;
19,18;
18,20;
20,18;
19,18;
18,19;
19,20;
20,19;
19,21;
21,19;
20,18;
18,20;
20,19;
19,20;
20,21;
21,20;
21,19;
19,21;
21,20;
20,21;
21,22;
22,21;
21,23;
23,21;
21,24;
24,21;
21,31;
31,21;
22,21;
21,22;
22,23;
23,22;
22,24;
24,22;
22,31;
31,22;
22,36;
36,22;
23,21;
21,23;
23,22;
22,23;
23,24;
24,23;
23,36;
36,23;
24,21;
21,24;
24,22;
22,24;
24,23;
23,24;
24,34;
34,24;
25,2;
2,25;
25,28;
28,25;
25,29;
29,25;
25,30;
30,25;
26,13;
13,26;
26,14;
14,26;
26,15;
15,26;
26,27;
27,26;
26,30;
30,26;
27,12;
12,27;
27,13;
13,27;
27,26;
26,27;
27,29;
29,27;
27,30;
30,27;
28,2;
2,28;
28,3;
3,28;
28,25;
25,28;
28,29;
29,28;
28,30;
30,28;
29,3;
3,29;
29,4;
4,29;
29,25;
25,29;
29,27;
27,29;
29,28;
28,29;
29,30;
30,29;
30,5;
5,30;
30,6;
6,30;
30,25;
25,30;
30,26;
26,30;
30,27;
27,30;
30,28;
28,30;
30,29;
29,30;
31,21;
21,31;
31,22;
22,31;
31,34;
34,31;
31,35;
35,31;
31,36;
36,31;
32,33;
33,32;
32,35;
35,32;
32,37;
37,32;
33,32;
32,33;
33,34;
34,33;
33,35;
35,33;
33,37;
37,33;
34,24;
24,34;
34,31;
31,34;
34,33;
33,34;
34,35;
35,34;
34,36;
36,34;
34,37;
37,34;
35,31;
31,35;
35,32;
32,35;
35,33;
33,35;
35,34;
34,35;
35,36;
36,35;
35,37;
37,35;
36,22;
22,36;
36,23;
23,36;
36,31;
31,36;
36,34;
34,36;
36,35;
35,36;
37,32;
32,37;
37,33;
33,37;
37,34;
34,37;
37,35;
35,37;
}
label = {
1,1;
2,1;
3,1;
4,1;
5,1;
6,1;
7,1;
8,1;
9,1;
10,1;
11,1;
12,1;
13,1;
14,1;
15,1;
16,1;
17,1;
18,1;
19,1;
20,1;
21,1;
22,1;
23,1;
24,1;
25,2;
26,2;
27,2;
28,2;
29,2;
30,2;
31,2;
32,2;
33,2;
34,2;
35,2;
36,2;
37,2;
}