edge = {
1,23;
23,1;
1,24;
24,1;
1,26;
26,1;
2,3;
3,2;
2,24;
24,2;
2,27;
27,2;
3,2;
2,3;
3,4;
4,3;
3,25;
25,3;
3,27;
27,3;
4,3;
3,4;
4,25;
25,4;
4,29;
29,4;
5,6;
6,5;
5,28;
28,5;
5,30;
30,5;
6,5;
5,6;
6,28;
28,6;
6,31;
31,6;
7,8;
8,7;
7,31;
31,7;
7,32;
32,7;
8,7;
7,8;
8,9;
9,8;
8,22;
22,8;
8,32;
32,8;
9,8;
8,9;
9,10;
10,9;
9,21;
21,9;
9,22;
22,9;
10,9;
9,10;
10,21;
21,10;
10,22;
22,10;
11,12;
12,11;
11,13;
13,11;
11,21;
21,11;
12,11;
11,12;
12,13;
13,12;
12,14;
14,12;
12,21;
21,12;
13,11;
11,13;
13,12;
12,13;
13,14;
14,13;
13,15;
15,13;
14,12;
12,14;
14,13;
13,14;
14,15;
15,14;
15,13;
13,15;
15,14;
14,15;
15,16;
16,15;
16,15;
15,16;
16,17;
17,16;
16,18;
18,16;
17,16;
16,17;
17,18;
18,17;
17,19;
19,17;
17,20;
20,17;
18,16;
16,18;
18,17;
17,18;
18,19;
19,18;
18,20;
20,18;
19,17;
17,19;
19,18;
18,19;
19,20;
20,19;
20,17;
17,20;
20,18;
18,20;
20,19;
19,20;
21,9;
9,21;
21,10;
10,21;
21,11;
11,21;
21,12;
12,21;
22,8;
8,22;
22,9;
9,22;
22,10;
10,22;
23,1;
1,23;
23,24;
24,23;
23,26;
26,23;
24,1;
1,24;
24,2;
2,24;
24,23;
23,24;
24,26;
26,24;
24,27;
27,24;
25,3;
3,25;
25,4;
4,25;
25,29;
29,25;
26,1;
1,26;
26,23;
23,26;
26,24;
24,26;
27,2;
2,27;
27,3;
3,27;
27,24;
24,27;
28,5;
5,28;
28,6;
6,28;
28,30;
30,28;
29,4;
4,29;
29,25;
25,29;
29,30;
30,29;
30,5;
5,30;
30,28;
28,30;
30,29;
29,30;
31,6;
6,31;
31,7;
7,31;
31,32;
32,31;
32,7;
7,32;
32,8;
8,32;
32,31;
31,32;
}
label = {
1,1;
2,1;
3,1;
4,1;
5,1;
6,1;
7,1;
8,1;
9,1;
10,1;
11,1;
12,1;
13,1;
14,1;
15,1;
16,1;
17,1;
18,1;
19,1;
20,1;
21,2;
22,2;
23,2;
24,2;
25,2;
26,2;
27,2;
28,2;
29,2;
30,2;
31,2;
32,2;
}