edge = {
1,2;
2,1;
1,30;
30,1;
1,38;
38,1;
2,1;
1,2;
2,3;
3,2;
2,18;
18,2;
2,30;
30,2;
3,2;
2,3;
3,17;
17,3;
3,37;
37,3;
3,45;
45,3;
4,36;
36,4;
4,37;
37,4;
4,44;
44,4;
5,6;
6,5;
5,21;
21,5;
5,36;
36,5;
6,5;
5,6;
6,20;
20,6;
6,21;
21,6;
6,35;
35,6;
6,43;
43,6;
7,8;
8,7;
7,20;
20,7;
7,22;
22,7;
7,35;
35,7;
8,7;
7,8;
8,34;
34,8;
8,35;
35,8;
8,42;
42,8;
9,10;
10,9;
9,24;
24,9;
9,34;
34,9;
10,9;
9,10;
10,23;
23,10;
10,33;
33,10;
10,34;
34,10;
10,41;
41,10;
10,42;
42,10;
11,12;
12,11;
11,33;
33,11;
11,41;
41,11;
12,11;
11,12;
12,32;
32,12;
12,33;
33,12;
12,40;
40,12;
12,41;
41,12;
13,14;
14,13;
13,31;
31,13;
13,32;
32,13;
13,40;
40,13;
14,13;
13,14;
14,15;
15,14;
14,31;
31,14;
14,39;
39,14;
15,14;
14,15;
15,31;
31,15;
15,39;
39,15;
16,17;
17,16;
16,30;
30,16;
16,38;
38,16;
17,3;
3,17;
17,16;
16,17;
17,18;
18,17;
17,30;
30,17;
17,38;
38,17;
18,2;
2,18;
18,17;
17,18;
18,37;
37,18;
18,45;
45,18;
19,36;
36,19;
19,44;
44,19;
19,45;
45,19;
20,6;
6,20;
20,7;
7,20;
20,21;
21,20;
20,44;
44,20;
21,5;
5,21;
21,6;
6,21;
21,20;
20,21;
21,22;
22,21;
21,35;
35,21;
21,43;
43,21;
22,7;
7,22;
22,21;
21,22;
22,42;
42,22;
22,43;
43,22;
23,10;
10,23;
23,24;
24,23;
23,42;
42,23;
24,9;
9,24;
24,23;
23,24;
24,41;
41,24;
25,26;
26,25;
25,27;
27,25;
25,33;
33,25;
25,41;
41,25;
26,25;
25,26;
26,27;
27,26;
26,40;
40,26;
27,25;
25,27;
27,26;
26,27;
27,28;
28,27;
27,31;
31,27;
27,32;
32,27;
27,39;
39,27;
27,40;
40,27;
28,27;
27,28;
28,29;
29,28;
28,31;
31,28;
28,39;
39,28;
29,28;
28,29;
29,31;
31,29;
29,39;
39,29;
30,1;
1,30;
30,2;
2,30;
30,16;
16,30;
30,17;
17,30;
31,13;
13,31;
31,14;
14,31;
31,15;
15,31;
31,27;
27,31;
31,28;
28,31;
31,29;
29,31;
32,12;
12,32;
32,13;
13,32;
32,27;
27,32;
33,10;
10,33;
33,11;
11,33;
33,12;
12,33;
33,25;
25,33;
34,8;
8,34;
34,9;
9,34;
34,10;
10,34;
35,6;
6,35;
35,7;
7,35;
35,8;
8,35;
35,21;
21,35;
36,4;
4,36;
36,5;
5,36;
36,19;
19,36;
37,3;
3,37;
37,4;
4,37;
37,18;
18,37;
37,45;
45,37;
38,1;
1,38;
38,16;
16,38;
38,17;
17,38;
39,14;
14,39;
39,15;
15,39;
39,27;
27,39;
39,28;
28,39;
39,29;
29,39;
40,12;
12,40;
40,13;
13,40;
40,26;
26,40;
40,27;
27,40;
41,10;
10,41;
41,11;
11,41;
41,12;
12,41;
41,24;
24,41;
41,25;
25,41;
42,8;
8,42;
42,10;
10,42;
42,22;
22,42;
42,23;
23,42;
43,6;
6,43;
43,21;
21,43;
43,22;
22,43;
44,4;
4,44;
44,19;
19,44;
44,20;
20,44;
45,3;
3,45;
45,18;
18,45;
45,19;
19,45;
45,37;
37,45;
}
label = {
1,1;
2,1;
3,1;
4,1;
5,1;
6,1;
7,1;
8,1;
9,1;
10,1;
11,1;
12,1;
13,1;
14,1;
15,1;
16,1;
17,1;
18,1;
19,1;
20,1;
21,1;
22,1;
23,1;
24,1;
25,1;
26,1;
27,1;
28,1;
29,1;
30,2;
31,2;
32,2;
33,2;
34,2;
35,2;
36,2;
37,2;
38,2;
39,2;
40,2;
41,2;
42,2;
43,2;
44,2;
45,2;
}