edge = {
1,2;
2,1;
1,27;
27,1;
1,35;
35,1;
2,1;
1,2;
2,3;
3,2;
2,16;
16,2;
2,27;
27,2;
3,2;
2,3;
3,15;
15,3;
3,34;
34,3;
3,42;
42,3;
4,33;
33,4;
4,34;
34,4;
4,41;
41,4;
5,32;
32,5;
5,33;
33,5;
5,40;
40,5;
5,41;
41,5;
6,31;
31,6;
6,32;
32,6;
6,39;
39,6;
6,40;
40,6;
7,8;
8,7;
7,19;
19,7;
7,21;
21,7;
7,31;
31,7;
8,7;
7,8;
8,20;
20,8;
8,30;
30,8;
8,31;
31,8;
8,38;
38,8;
8,39;
39,8;
9,10;
10,9;
9,30;
30,9;
9,38;
38,9;
10,9;
9,10;
10,29;
29,10;
10,30;
30,10;
10,37;
37,10;
10,38;
38,10;
11,12;
12,11;
11,28;
28,11;
11,29;
29,11;
11,37;
37,11;
12,11;
11,12;
12,13;
13,12;
12,28;
28,12;
12,36;
36,12;
13,12;
12,13;
13,28;
28,13;
13,36;
36,13;
14,15;
15,14;
14,27;
27,14;
14,35;
35,14;
15,3;
3,15;
15,14;
14,15;
15,16;
16,15;
15,27;
27,15;
15,35;
35,15;
16,2;
2,16;
16,15;
15,16;
16,34;
34,16;
16,42;
42,16;
17,33;
33,17;
17,41;
41,17;
17,42;
42,17;
18,19;
19,18;
18,32;
32,18;
18,33;
33,18;
18,40;
40,18;
18,41;
41,18;
19,7;
7,19;
19,18;
18,19;
19,39;
39,19;
19,40;
40,19;
20,8;
8,20;
20,21;
21,20;
20,39;
39,20;
21,7;
7,21;
21,20;
20,21;
21,38;
38,21;
22,23;
23,22;
22,24;
24,22;
22,30;
30,22;
22,38;
38,22;
23,22;
22,23;
23,24;
24,23;
23,37;
37,23;
24,22;
22,24;
24,23;
23,24;
24,25;
25,24;
24,29;
29,24;
24,36;
36,24;
24,37;
37,24;
25,24;
24,25;
25,26;
26,25;
25,28;
28,25;
25,36;
36,25;
26,25;
25,26;
26,28;
28,26;
26,36;
36,26;
27,1;
1,27;
27,2;
2,27;
27,14;
14,27;
27,15;
15,27;
28,11;
11,28;
28,12;
12,28;
28,13;
13,28;
28,25;
25,28;
28,26;
26,28;
29,10;
10,29;
29,11;
11,29;
29,24;
24,29;
30,8;
8,30;
30,9;
9,30;
30,10;
10,30;
30,22;
22,30;
31,6;
6,31;
31,7;
7,31;
31,8;
8,31;
32,5;
5,32;
32,6;
6,32;
32,18;
18,32;
33,4;
4,33;
33,5;
5,33;
33,17;
17,33;
33,18;
18,33;
34,3;
3,34;
34,4;
4,34;
34,16;
16,34;
34,42;
42,34;
35,1;
1,35;
35,14;
14,35;
35,15;
15,35;
36,12;
12,36;
36,13;
13,36;
36,24;
24,36;
36,25;
25,36;
36,26;
26,36;
37,10;
10,37;
37,11;
11,37;
37,23;
23,37;
37,24;
24,37;
38,8;
8,38;
38,9;
9,38;
38,10;
10,38;
38,21;
21,38;
38,22;
22,38;
39,6;
6,39;
39,8;
8,39;
39,19;
19,39;
39,20;
20,39;
40,5;
5,40;
40,6;
6,40;
40,18;
18,40;
40,19;
19,40;
41,4;
4,41;
41,5;
5,41;
41,17;
17,41;
41,18;
18,41;
42,3;
3,42;
42,16;
16,42;
42,17;
17,42;
42,34;
34,42;
}
label = {
1,1;
2,1;
3,1;
4,1;
5,1;
6,1;
7,1;
8,1;
9,1;
10,1;
11,1;
12,1;
13,1;
14,1;
15,1;
16,1;
17,1;
18,1;
19,1;
20,1;
21,1;
22,1;
23,1;
24,1;
25,1;
26,1;
27,2;
28,2;
29,2;
30,2;
31,2;
32,2;
33,2;
34,2;
35,2;
36,2;
37,2;
38,2;
39,2;
40,2;
41,2;
42,2;
}