edge = {
1,2;
2,1;
1,13;
13,1;
1,24;
24,1;
2,1;
1,2;
2,3;
3,2;
2,12;
12,2;
2,14;
14,2;
2,35;
35,2;
3,2;
2,3;
3,13;
13,3;
3,36;
36,3;
4,5;
5,4;
4,16;
16,4;
4,36;
36,4;
4,37;
37,4;
5,4;
4,5;
5,15;
15,5;
5,26;
26,5;
5,37;
37,5;
5,38;
38,5;
6,7;
7,6;
6,18;
18,6;
6,29;
29,6;
6,38;
38,6;
6,39;
39,6;
7,6;
6,7;
7,28;
28,7;
7,39;
39,7;
7,40;
40,7;
8,18;
18,8;
8,40;
40,8;
8,41;
41,8;
9,10;
10,9;
9,21;
21,9;
9,34;
34,9;
9,41;
41,9;
10,9;
9,10;
10,11;
11,10;
10,22;
22,10;
10,42;
42,10;
11,10;
10,11;
11,21;
21,11;
12,2;
2,12;
12,14;
14,12;
12,44;
44,12;
13,1;
1,13;
13,3;
3,13;
13,14;
14,13;
13,44;
44,13;
14,2;
2,14;
14,12;
12,14;
14,13;
13,14;
14,45;
45,14;
15,5;
5,15;
15,16;
16,15;
15,45;
45,15;
15,46;
46,15;
16,4;
4,16;
16,15;
15,16;
16,17;
17,16;
16,46;
46,16;
16,47;
47,16;
17,16;
16,17;
17,47;
47,17;
17,48;
48,17;
18,6;
6,18;
18,8;
8,18;
18,19;
19,18;
18,48;
48,18;
18,49;
49,18;
19,18;
18,19;
19,49;
49,19;
19,50;
50,19;
20,21;
21,20;
20,22;
22,20;
20,43;
43,20;
20,50;
50,20;
21,9;
9,21;
21,11;
11,21;
21,20;
20,21;
21,22;
22,21;
21,51;
51,21;
22,10;
10,22;
22,20;
20,22;
22,21;
21,22;
23,24;
24,23;
23,25;
25,23;
23,52;
52,23;
24,1;
1,24;
24,23;
23,24;
24,25;
25,24;
24,52;
52,24;
25,23;
23,25;
25,24;
24,25;
25,52;
52,25;
25,53;
53,25;
26,5;
5,26;
26,27;
27,26;
26,53;
53,26;
26,54;
54,26;
27,26;
26,27;
27,28;
28,27;
27,54;
54,27;
27,55;
55,27;
28,7;
7,28;
28,27;
27,28;
28,29;
29,28;
28,55;
55,28;
28,56;
56,28;
29,6;
6,29;
29,28;
28,29;
29,30;
30,29;
29,56;
56,29;
29,57;
57,29;
30,29;
29,30;
30,57;
57,30;
30,58;
58,30;
31,32;
32,31;
31,33;
33,31;
31,58;
58,31;
31,59;
59,31;
32,31;
31,32;
32,33;
33,32;
32,34;
34,32;
32,59;
59,32;
33,31;
31,33;
33,32;
32,33;
33,34;
34,33;
34,9;
9,34;
34,32;
32,34;
34,33;
33,34;
34,41;
41,34;
34,42;
42,34;
34,50;
50,34;
34,51;
51,34;
34,58;
58,34;
34,59;
59,34;
35,2;
2,35;
35,36;
36,35;
36,3;
3,36;
36,4;
4,36;
36,35;
35,36;
36,44;
44,36;
36,52;
52,36;
37,4;
4,37;
37,5;
5,37;
37,38;
38,37;
37,47;
47,37;
37,55;
55,37;
38,5;
5,38;
38,6;
6,38;
38,37;
37,38;
38,46;
46,38;
38,54;
54,38;
39,6;
6,39;
39,7;
7,39;
39,40;
40,39;
39,49;
49,39;
39,57;
57,39;
40,7;
7,40;
40,8;
8,40;
40,39;
39,40;
40,48;
48,40;
40,56;
56,40;
41,8;
8,41;
41,9;
9,41;
41,34;
34,41;
42,10;
10,42;
42,34;
34,42;
42,43;
43,42;
42,51;
51,42;
42,59;
59,42;
43,20;
20,43;
43,42;
42,43;
43,51;
51,43;
43,59;
59,43;
44,12;
12,44;
44,13;
13,44;
44,36;
36,44;
45,14;
14,45;
45,15;
15,45;
45,52;
52,45;
46,15;
15,46;
46,16;
16,46;
46,38;
38,46;
47,16;
16,47;
47,17;
17,47;
47,37;
37,47;
48,17;
17,48;
48,18;
18,48;
48,40;
40,48;
49,18;
18,49;
49,19;
19,49;
49,39;
39,49;
50,19;
19,50;
50,20;
20,50;
50,34;
34,50;
51,21;
21,51;
51,34;
34,51;
51,42;
42,51;
51,43;
43,51;
52,23;
23,52;
52,24;
24,52;
52,25;
25,52;
52,36;
36,52;
52,45;
45,52;
52,53;
53,52;
53,25;
25,53;
53,26;
26,53;
53,52;
52,53;
54,26;
26,54;
54,27;
27,54;
54,38;
38,54;
55,27;
27,55;
55,28;
28,55;
55,37;
37,55;
56,28;
28,56;
56,29;
29,56;
56,40;
40,56;
57,29;
29,57;
57,30;
30,57;
57,39;
39,57;
58,30;
30,58;
58,31;
31,58;
58,34;
34,58;
59,31;
31,59;
59,32;
32,59;
59,34;
34,59;
59,42;
42,59;
59,43;
43,59;
}
label = {
1,1;
2,1;
3,1;
4,1;
5,1;
6,1;
7,1;
8,1;
9,1;
10,1;
11,1;
12,1;
13,1;
14,1;
15,1;
16,1;
17,1;
18,1;
19,1;
20,1;
21,1;
22,1;
23,1;
24,1;
25,1;
26,1;
27,1;
28,1;
29,1;
30,1;
31,1;
32,1;
33,1;
34,2;
35,2;
36,2;
37,2;
38,2;
39,2;
40,2;
41,2;
42,2;
43,2;
44,2;
45,2;
46,2;
47,2;
48,2;
49,2;
50,2;
51,2;
52,2;
53,2;
54,2;
55,2;
56,2;
57,2;
58,2;
59,2;
}