edge = {
1,2;
2,1;
1,6;
6,1;
2,1;
1,2;
2,6;
6,2;
2,13;
13,2;
2,21;
21,2;
2,25;
25,2;
3,4;
4,3;
3,7;
7,3;
3,9;
9,3;
3,14;
14,3;
4,3;
3,4;
4,8;
8,4;
4,9;
9,4;
5,6;
6,5;
5,16;
16,5;
5,17;
17,5;
5,23;
23,5;
5,27;
27,5;
6,1;
1,6;
6,2;
2,6;
6,5;
5,6;
6,25;
25,6;
6,29;
29,6;
7,3;
3,7;
7,8;
8,7;
7,9;
9,7;
7,26;
26,7;
7,28;
28,7;
8,4;
4,8;
8,7;
7,8;
8,9;
9,8;
8,28;
28,8;
9,3;
3,9;
9,4;
4,9;
9,7;
7,9;
9,8;
8,9;
10,11;
11,10;
10,23;
23,10;
11,10;
10,11;
11,16;
16,11;
11,17;
17,11;
11,22;
22,11;
12,18;
18,12;
12,20;
20,12;
12,30;
30,12;
12,32;
32,12;
13,2;
2,13;
13,19;
19,13;
13,31;
31,13;
14,3;
3,14;
14,20;
20,14;
14,28;
28,14;
14,30;
30,14;
15,17;
17,15;
15,21;
21,15;
15,27;
27,15;
15,29;
29,15;
16,5;
5,16;
16,11;
11,16;
16,17;
17,16;
16,23;
23,16;
17,5;
5,17;
17,11;
11,17;
17,15;
15,17;
17,16;
16,17;
17,23;
23,17;
18,12;
12,18;
18,19;
19,18;
18,24;
24,18;
18,32;
32,18;
19,13;
13,19;
19,18;
18,19;
19,25;
25,19;
19,31;
31,19;
20,12;
12,20;
20,14;
14,20;
20,24;
24,20;
20,26;
26,20;
20,30;
30,20;
21,2;
2,21;
21,15;
15,21;
21,27;
27,21;
21,29;
29,21;
22,11;
11,22;
22,23;
23,22;
23,5;
5,23;
23,10;
10,23;
23,16;
16,23;
23,17;
17,23;
23,22;
22,23;
24,18;
18,24;
24,20;
20,24;
24,30;
30,24;
24,32;
32,24;
25,2;
2,25;
25,6;
6,25;
25,19;
19,25;
25,31;
31,25;
26,7;
7,26;
26,20;
20,26;
26,28;
28,26;
26,30;
30,26;
27,5;
5,27;
27,15;
15,27;
27,21;
21,27;
27,29;
29,27;
28,7;
7,28;
28,8;
8,28;
28,14;
14,28;
28,26;
26,28;
29,6;
6,29;
29,15;
15,29;
29,21;
21,29;
29,27;
27,29;
30,12;
12,30;
30,14;
14,30;
30,20;
20,30;
30,24;
24,30;
30,26;
26,30;
31,13;
13,31;
31,19;
19,31;
31,25;
25,31;
31,32;
32,31;
32,12;
12,32;
32,18;
18,32;
32,24;
24,32;
32,31;
31,32;
}
label = {
1,1;
2,1;
3,1;
4,1;
5,1;
6,1;
7,1;
8,1;
9,1;
10,2;
11,2;
12,2;
13,2;
14,2;
15,2;
16,2;
17,2;
18,2;
19,2;
20,2;
21,2;
22,2;
23,2;
24,2;
25,2;
26,2;
27,2;
28,2;
29,2;
30,2;
31,2;
32,2;
}