edge = {
1,2;
2,1;
1,6;
6,1;
2,1;
1,2;
2,6;
6,2;
2,13;
13,2;
2,19;
19,2;
2,29;
29,2;
3,4;
4,3;
3,7;
7,3;
3,9;
9,3;
3,18;
18,3;
4,3;
3,4;
4,8;
8,4;
4,9;
9,4;
5,6;
6,5;
5,16;
16,5;
5,17;
17,5;
5,24;
24,5;
5,28;
28,5;
6,1;
1,6;
6,2;
2,6;
6,5;
5,6;
6,26;
26,6;
6,29;
29,6;
7,3;
3,7;
7,8;
8,7;
7,9;
9,7;
7,27;
27,7;
7,30;
30,7;
8,4;
4,8;
8,7;
7,8;
8,9;
9,8;
8,30;
30,8;
9,3;
3,9;
9,4;
4,9;
9,7;
7,9;
9,8;
8,9;
10,11;
11,10;
10,24;
24,10;
11,10;
10,11;
11,16;
16,11;
11,17;
17,11;
11,23;
23,11;
12,20;
20,12;
12,22;
22,12;
12,31;
31,12;
12,33;
33,12;
13,2;
2,13;
13,21;
21,13;
13,29;
29,13;
13,32;
32,13;
14,18;
18,14;
14,20;
20,14;
14,30;
30,14;
14,33;
33,14;
15,17;
17,15;
15,19;
19,15;
15,28;
28,15;
15,29;
29,15;
16,5;
5,16;
16,11;
11,16;
16,17;
17,16;
16,24;
24,16;
17,5;
5,17;
17,11;
11,17;
17,15;
15,17;
17,16;
16,17;
17,24;
24,17;
18,3;
3,18;
18,14;
14,18;
18,27;
27,18;
18,30;
30,18;
19,2;
2,19;
19,15;
15,19;
19,28;
28,19;
19,29;
29,19;
20,12;
12,20;
20,14;
14,20;
20,25;
25,20;
20,27;
27,20;
20,33;
33,20;
21,13;
13,21;
21,22;
22,21;
21,26;
26,21;
21,32;
32,21;
22,12;
12,22;
22,21;
21,22;
22,25;
25,22;
22,31;
31,22;
23,11;
11,23;
23,24;
24,23;
24,5;
5,24;
24,10;
10,24;
24,16;
16,24;
24,17;
17,24;
24,23;
23,24;
25,20;
20,25;
25,22;
22,25;
25,31;
31,25;
25,33;
33,25;
26,6;
6,26;
26,21;
21,26;
26,29;
29,26;
26,32;
32,26;
27,7;
7,27;
27,18;
18,27;
27,20;
20,27;
27,30;
30,27;
27,33;
33,27;
28,5;
5,28;
28,15;
15,28;
28,19;
19,28;
28,29;
29,28;
29,2;
2,29;
29,6;
6,29;
29,13;
13,29;
29,15;
15,29;
29,19;
19,29;
29,26;
26,29;
29,28;
28,29;
30,7;
7,30;
30,8;
8,30;
30,14;
14,30;
30,18;
18,30;
30,27;
27,30;
31,12;
12,31;
31,22;
22,31;
31,25;
25,31;
31,32;
32,31;
32,13;
13,32;
32,21;
21,32;
32,26;
26,32;
32,31;
31,32;
33,12;
12,33;
33,14;
14,33;
33,20;
20,33;
33,25;
25,33;
33,27;
27,33;
}
label = {
1,1;
2,1;
3,1;
4,1;
5,1;
6,1;
7,1;
8,1;
9,1;
10,2;
11,2;
12,2;
13,2;
14,2;
15,2;
16,2;
17,2;
18,2;
19,2;
20,2;
21,2;
22,2;
23,2;
24,2;
25,2;
26,2;
27,2;
28,2;
29,2;
30,2;
31,2;
32,2;
33,2;
}