edge = {
1,10;
10,1;
1,11;
11,1;
1,12;
12,1;
2,3;
3,2;
2,4;
4,2;
2,9;
9,2;
2,17;
17,2;
3,2;
2,3;
3,4;
4,3;
3,17;
17,3;
4,2;
2,4;
4,3;
3,4;
4,17;
17,4;
5,6;
6,5;
5,11;
11,5;
5,12;
12,5;
6,5;
5,6;
6,11;
11,6;
6,12;
12,6;
7,9;
9,7;
7,13;
13,7;
7,15;
15,7;
8,10;
10,8;
8,14;
14,8;
8,16;
16,8;
9,2;
2,9;
9,7;
7,9;
9,15;
15,9;
9,17;
17,9;
10,1;
1,10;
10,8;
8,10;
10,12;
12,10;
10,16;
16,10;
11,1;
1,11;
11,5;
5,11;
11,6;
6,11;
11,12;
12,11;
12,1;
1,12;
12,5;
5,12;
12,6;
6,12;
12,10;
10,12;
12,11;
11,12;
13,7;
7,13;
13,14;
14,13;
13,15;
15,13;
14,8;
8,14;
14,13;
13,14;
14,16;
16,14;
15,7;
7,15;
15,9;
9,15;
15,13;
13,15;
15,17;
17,15;
16,8;
8,16;
16,10;
10,16;
16,14;
14,16;
17,2;
2,17;
17,3;
3,17;
17,4;
4,17;
17,9;
9,17;
17,15;
15,17;
}
label = {
1,1;
2,1;
3,1;
4,1;
5,2;
6,2;
7,2;
8,2;
9,2;
10,2;
11,2;
12,2;
13,2;
14,2;
15,2;
16,2;
17,2;
}