edge = {
1,9;
9,1;
1,20;
20,1;
2,7;
7,2;
2,8;
8,2;
2,19;
19,2;
2,23;
23,2;
3,4;
4,3;
3,5;
5,3;
3,6;
6,3;
3,18;
18,3;
3,34;
34,3;
3,39;
39,3;
4,3;
3,4;
4,5;
5,4;
4,6;
6,4;
4,34;
34,4;
5,3;
3,5;
5,4;
4,5;
5,6;
6,5;
6,3;
3,6;
6,4;
4,6;
6,5;
5,6;
7,2;
2,7;
7,8;
8,7;
7,9;
9,7;
7,20;
20,7;
8,2;
2,8;
8,7;
7,8;
8,9;
9,8;
9,1;
1,9;
9,7;
7,9;
9,8;
8,9;
9,24;
24,9;
10,13;
13,10;
10,18;
18,10;
10,25;
25,10;
10,34;
34,10;
10,39;
39,10;
11,12;
12,11;
11,13;
13,11;
11,34;
34,11;
11,39;
39,11;
12,11;
11,12;
12,13;
13,12;
12,34;
34,12;
13,10;
10,13;
13,11;
11,13;
13,12;
12,13;
14,15;
15,14;
14,28;
28,14;
14,29;
29,14;
15,14;
14,15;
15,21;
21,15;
15,22;
22,15;
15,28;
28,15;
15,29;
29,15;
16,27;
27,16;
16,30;
30,16;
16,32;
32,16;
16,35;
35,16;
16,37;
37,16;
17,26;
26,17;
17,31;
31,17;
17,33;
33,17;
17,36;
36,17;
17,38;
38,17;
18,3;
3,18;
18,10;
10,18;
18,25;
25,18;
18,32;
32,18;
18,34;
34,18;
18,37;
37,18;
18,39;
39,18;
19,2;
2,19;
19,24;
24,19;
19,33;
33,19;
19,38;
38,19;
20,1;
1,20;
20,7;
7,20;
20,21;
21,20;
20,22;
22,20;
20,23;
23,20;
21,15;
15,21;
21,20;
20,21;
21,22;
22,21;
21,23;
23,21;
21,28;
28,21;
22,15;
15,22;
22,20;
20,22;
22,21;
21,22;
22,23;
23,22;
22,28;
28,22;
23,2;
2,23;
23,20;
20,23;
23,21;
21,23;
23,22;
22,23;
24,9;
9,24;
24,19;
19,24;
24,33;
33,24;
24,38;
38,24;
25,10;
10,25;
25,18;
18,25;
25,32;
32,25;
25,34;
34,25;
25,37;
37,25;
25,39;
39,25;
26,17;
17,26;
26,31;
31,26;
26,33;
33,26;
26,36;
36,26;
26,38;
38,26;
27,16;
16,27;
27,30;
30,27;
27,32;
32,27;
27,35;
35,27;
27,37;
37,27;
28,14;
14,28;
28,15;
15,28;
28,21;
21,28;
28,22;
22,28;
28,29;
29,28;
29,14;
14,29;
29,15;
15,29;
29,28;
28,29;
30,16;
16,30;
30,27;
27,30;
30,31;
31,30;
31,17;
17,31;
31,26;
26,31;
31,30;
30,31;
32,16;
16,32;
32,18;
18,32;
32,25;
25,32;
32,27;
27,32;
33,17;
17,33;
33,19;
19,33;
33,24;
24,33;
33,26;
26,33;
34,3;
3,34;
34,4;
4,34;
34,10;
10,34;
34,11;
11,34;
34,12;
12,34;
34,18;
18,34;
34,25;
25,34;
34,39;
39,34;
35,16;
16,35;
35,27;
27,35;
35,36;
36,35;
36,17;
17,36;
36,26;
26,36;
36,35;
35,36;
37,16;
16,37;
37,18;
18,37;
37,25;
25,37;
37,27;
27,37;
38,17;
17,38;
38,19;
19,38;
38,24;
24,38;
38,26;
26,38;
39,3;
3,39;
39,10;
10,39;
39,11;
11,39;
39,18;
18,39;
39,25;
25,39;
39,34;
34,39;
}
label = {
1,1;
2,1;
3,1;
4,1;
5,1;
6,1;
7,1;
8,1;
9,1;
10,1;
11,1;
12,1;
13,1;
14,2;
15,2;
16,2;
17,2;
18,2;
19,2;
20,2;
21,2;
22,2;
23,2;
24,2;
25,2;
26,2;
27,2;
28,2;
29,2;
30,2;
31,2;
32,2;
33,2;
34,2;
35,2;
36,2;
37,2;
38,2;
39,2;
}