edge = {
1,2;
2,1;
1,3;
3,1;
1,19;
19,1;
2,1;
1,2;
2,3;
3,2;
2,9;
9,2;
2,22;
22,2;
3,1;
1,3;
3,2;
2,3;
3,18;
18,3;
3,23;
23,3;
4,17;
17,4;
4,33;
33,4;
4,38;
38,4;
5,6;
6,5;
5,33;
33,5;
5,38;
38,5;
6,5;
5,6;
6,33;
33,6;
6,38;
38,6;
7,8;
8,7;
7,19;
19,7;
7,22;
22,7;
8,7;
7,8;
8,9;
9,8;
8,19;
19,8;
9,2;
2,9;
9,8;
8,9;
9,18;
18,9;
9,23;
23,9;
10,11;
11,10;
10,12;
12,10;
10,17;
17,10;
10,24;
24,10;
10,33;
33,10;
10,38;
38,10;
11,10;
10,11;
11,12;
12,11;
11,33;
33,11;
11,38;
38,11;
12,10;
10,12;
12,11;
11,12;
12,33;
33,12;
13,14;
14,13;
13,27;
27,13;
13,28;
28,13;
14,13;
13,14;
14,20;
20,14;
14,21;
21,14;
14,27;
27,14;
14,28;
28,14;
15,26;
26,15;
15,29;
29,15;
15,31;
31,15;
15,34;
34,15;
15,36;
36,15;
16,25;
25,16;
16,30;
30,16;
16,32;
32,16;
16,35;
35,16;
16,37;
37,16;
17,4;
4,17;
17,10;
10,17;
17,24;
24,17;
17,31;
31,17;
17,33;
33,17;
17,36;
36,17;
17,38;
38,17;
18,3;
3,18;
18,9;
9,18;
18,23;
23,18;
18,32;
32,18;
18,37;
37,18;
19,1;
1,19;
19,7;
7,19;
19,8;
8,19;
19,20;
20,19;
19,21;
21,19;
19,22;
22,19;
20,14;
14,20;
20,19;
19,20;
20,21;
21,20;
20,22;
22,20;
20,27;
27,20;
21,14;
14,21;
21,19;
19,21;
21,20;
20,21;
21,22;
22,21;
21,27;
27,21;
22,2;
2,22;
22,7;
7,22;
22,19;
19,22;
22,20;
20,22;
22,21;
21,22;
23,3;
3,23;
23,9;
9,23;
23,18;
18,23;
23,32;
32,23;
23,37;
37,23;
24,10;
10,24;
24,17;
17,24;
24,31;
31,24;
24,36;
36,24;
25,16;
16,25;
25,30;
30,25;
25,32;
32,25;
25,35;
35,25;
25,37;
37,25;
26,15;
15,26;
26,29;
29,26;
26,31;
31,26;
26,34;
34,26;
26,36;
36,26;
27,13;
13,27;
27,14;
14,27;
27,20;
20,27;
27,21;
21,27;
27,28;
28,27;
28,13;
13,28;
28,14;
14,28;
28,27;
27,28;
29,15;
15,29;
29,26;
26,29;
29,30;
30,29;
30,16;
16,30;
30,25;
25,30;
30,29;
29,30;
31,15;
15,31;
31,17;
17,31;
31,24;
24,31;
31,26;
26,31;
32,16;
16,32;
32,18;
18,32;
32,23;
23,32;
32,25;
25,32;
33,4;
4,33;
33,5;
5,33;
33,6;
6,33;
33,10;
10,33;
33,11;
11,33;
33,12;
12,33;
33,17;
17,33;
33,38;
38,33;
34,15;
15,34;
34,26;
26,34;
34,35;
35,34;
35,16;
16,35;
35,25;
25,35;
35,34;
34,35;
36,15;
15,36;
36,17;
17,36;
36,24;
24,36;
36,26;
26,36;
37,16;
16,37;
37,18;
18,37;
37,23;
23,37;
37,25;
25,37;
38,4;
4,38;
38,5;
5,38;
38,6;
6,38;
38,10;
10,38;
38,11;
11,38;
38,17;
17,38;
38,33;
33,38;
}
label = {
1,1;
2,1;
3,1;
4,1;
5,1;
6,1;
7,1;
8,1;
9,1;
10,1;
11,1;
12,1;
13,2;
14,2;
15,2;
16,2;
17,2;
18,2;
19,2;
20,2;
21,2;
22,2;
23,2;
24,2;
25,2;
26,2;
27,2;
28,2;
29,2;
30,2;
31,2;
32,2;
33,2;
34,2;
35,2;
36,2;
37,2;
38,2;
}