edge = {
1,5;
5,1;
1,16;
16,1;
1,19;
19,1;
2,3;
3,2;
2,4;
4,2;
2,30;
30,2;
3,2;
2,3;
3,4;
4,3;
3,7;
7,3;
4,2;
2,4;
4,3;
3,4;
4,9;
9,4;
5,1;
1,5;
5,16;
16,5;
5,19;
19,5;
5,20;
20,5;
6,14;
14,6;
6,21;
21,6;
6,30;
30,6;
6,35;
35,6;
7,3;
3,7;
7,8;
8,7;
7,9;
9,7;
7,30;
30,7;
7,35;
35,7;
8,7;
7,8;
8,9;
9,8;
8,30;
30,8;
9,4;
4,9;
9,7;
7,9;
9,8;
8,9;
10,11;
11,10;
10,24;
24,10;
10,25;
25,10;
11,10;
10,11;
11,17;
17,11;
11,18;
18,11;
11,24;
24,11;
11,25;
25,11;
12,23;
23,12;
12,26;
26,12;
12,28;
28,12;
12,31;
31,12;
12,33;
33,12;
13,22;
22,13;
13,27;
27,13;
13,29;
29,13;
13,32;
32,13;
14,6;
6,14;
14,21;
21,14;
14,28;
28,14;
14,30;
30,14;
14,33;
33,14;
14,35;
35,14;
15,19;
19,15;
15,20;
20,15;
15,29;
29,15;
15,34;
34,15;
16,1;
1,16;
16,5;
5,16;
16,17;
17,16;
16,18;
18,16;
16,19;
19,16;
17,11;
11,17;
17,16;
16,17;
17,18;
18,17;
17,19;
19,17;
17,24;
24,17;
18,11;
11,18;
18,16;
16,18;
18,17;
17,18;
18,19;
19,18;
18,24;
24,18;
19,1;
1,19;
19,5;
5,19;
19,15;
15,19;
19,16;
16,19;
19,17;
17,19;
19,18;
18,19;
20,5;
5,20;
20,15;
15,20;
20,29;
29,20;
20,34;
34,20;
21,6;
6,21;
21,14;
14,21;
21,28;
28,21;
21,33;
33,21;
22,13;
13,22;
22,27;
27,22;
22,32;
32,22;
22,34;
34,22;
23,12;
12,23;
23,26;
26,23;
23,28;
28,23;
23,31;
31,23;
23,33;
33,23;
24,10;
10,24;
24,11;
11,24;
24,17;
17,24;
24,18;
18,24;
24,25;
25,24;
25,10;
10,25;
25,11;
11,25;
25,24;
24,25;
26,12;
12,26;
26,23;
23,26;
26,27;
27,26;
27,13;
13,27;
27,22;
22,27;
27,26;
26,27;
28,12;
12,28;
28,14;
14,28;
28,21;
21,28;
28,23;
23,28;
29,13;
13,29;
29,15;
15,29;
29,20;
20,29;
30,2;
2,30;
30,6;
6,30;
30,7;
7,30;
30,8;
8,30;
30,14;
14,30;
30,35;
35,30;
31,12;
12,31;
31,23;
23,31;
31,32;
32,31;
32,13;
13,32;
32,22;
22,32;
32,31;
31,32;
33,12;
12,33;
33,14;
14,33;
33,21;
21,33;
33,23;
23,33;
34,15;
15,34;
34,20;
20,34;
34,22;
22,34;
35,6;
6,35;
35,7;
7,35;
35,14;
14,35;
35,30;
30,35;
}
label = {
1,1;
2,1;
3,1;
4,1;
5,1;
6,1;
7,1;
8,1;
9,1;
10,2;
11,2;
12,2;
13,2;
14,2;
15,2;
16,2;
17,2;
18,2;
19,2;
20,2;
21,2;
22,2;
23,2;
24,2;
25,2;
26,2;
27,2;
28,2;
29,2;
30,2;
31,2;
32,2;
33,2;
34,2;
35,2;
}