edge = {
1,9;
9,1;
1,10;
10,1;
1,11;
11,1;
2,3;
3,2;
2,8;
8,2;
2,16;
16,2;
3,2;
2,3;
3,8;
8,3;
3,16;
16,3;
4,5;
5,4;
4,10;
10,4;
4,11;
11,4;
5,4;
4,5;
5,10;
10,5;
5,11;
11,5;
6,8;
8,6;
6,12;
12,6;
6,14;
14,6;
6,16;
16,6;
7,9;
9,7;
7,13;
13,7;
7,15;
15,7;
8,2;
2,8;
8,3;
3,8;
8,6;
6,8;
8,14;
14,8;
8,16;
16,8;
9,1;
1,9;
9,7;
7,9;
9,11;
11,9;
9,15;
15,9;
10,1;
1,10;
10,4;
4,10;
10,5;
5,10;
10,11;
11,10;
11,1;
1,11;
11,4;
4,11;
11,5;
5,11;
11,9;
9,11;
11,10;
10,11;
12,6;
6,12;
12,13;
13,12;
12,14;
14,12;
13,7;
7,13;
13,12;
12,13;
13,15;
15,13;
14,6;
6,14;
14,8;
8,14;
14,12;
12,14;
14,16;
16,14;
15,7;
7,15;
15,9;
9,15;
15,13;
13,15;
16,2;
2,16;
16,3;
3,16;
16,6;
6,16;
16,8;
8,16;
16,14;
14,16;
}
label = {
1,1;
2,1;
3,1;
4,2;
5,2;
6,2;
7,2;
8,2;
9,2;
10,2;
11,2;
12,2;
13,2;
14,2;
15,2;
16,2;
}