edge = {
1,2;
2,1;
1,14;
14,1;
1,15;
15,1;
2,1;
1,2;
2,3;
3,2;
2,13;
13,2;
2,14;
14,2;
2,15;
15,2;
3,2;
2,3;
3,4;
4,3;
3,5;
5,3;
3,13;
13,3;
3,16;
16,3;
4,3;
3,4;
4,5;
5,4;
4,16;
16,4;
5,3;
3,5;
5,4;
4,5;
5,6;
6,5;
5,16;
16,5;
5,17;
17,5;
6,5;
5,6;
6,7;
7,6;
6,17;
17,6;
7,6;
6,7;
7,17;
17,7;
7,18;
18,7;
7,20;
20,7;
8,9;
9,8;
8,20;
20,8;
8,22;
22,8;
9,8;
8,9;
9,19;
19,9;
9,21;
21,9;
9,22;
22,9;
9,25;
25,9;
10,19;
19,10;
10,23;
23,10;
10,24;
24,10;
11,12;
12,11;
11,23;
23,11;
11,26;
26,11;
12,11;
11,12;
12,23;
23,12;
12,26;
26,12;
13,2;
2,13;
13,3;
3,13;
13,16;
16,13;
14,1;
1,14;
14,2;
2,14;
14,15;
15,14;
15,1;
1,15;
15,2;
2,15;
15,14;
14,15;
16,3;
3,16;
16,4;
4,16;
16,5;
5,16;
16,13;
13,16;
17,5;
5,17;
17,6;
6,17;
17,7;
7,17;
18,7;
7,18;
18,20;
20,18;
18,22;
22,18;
19,9;
9,19;
19,10;
10,19;
19,21;
21,19;
19,24;
24,19;
20,7;
7,20;
20,8;
8,20;
20,18;
18,20;
20,22;
22,20;
21,9;
9,21;
21,19;
19,21;
21,22;
22,21;
21,25;
25,21;
22,8;
8,22;
22,9;
9,22;
22,18;
18,22;
22,20;
20,22;
22,21;
21,22;
22,25;
25,22;
23,10;
10,23;
23,11;
11,23;
23,12;
12,23;
23,24;
24,23;
23,26;
26,23;
24,10;
10,24;
24,19;
19,24;
24,23;
23,24;
24,26;
26,24;
25,9;
9,25;
25,21;
21,25;
25,22;
22,25;
26,11;
11,26;
26,12;
12,26;
26,23;
23,26;
26,24;
24,26;
}
label = {
1,1;
2,1;
3,1;
4,1;
5,1;
6,1;
7,1;
8,1;
9,1;
10,1;
11,1;
12,1;
13,2;
14,2;
15,2;
16,2;
17,2;
18,2;
19,2;
20,2;
21,2;
22,2;
23,2;
24,2;
25,2;
26,2;
}