edge = {
1,25;
25,1;
1,26;
26,1;
1,39;
39,1;
1,40;
40,1;
2,24;
24,2;
2,25;
25,2;
2,38;
38,2;
2,39;
39,2;
3,14;
14,3;
3,24;
24,3;
3,27;
27,3;
3,38;
38,3;
3,41;
41,3;
4,5;
5,4;
4,15;
15,4;
4,16;
16,4;
4,27;
27,4;
5,4;
4,5;
5,28;
28,5;
5,42;
42,5;
6,7;
7,6;
6,18;
18,6;
6,28;
28,6;
6,42;
42,6;
7,6;
6,7;
7,17;
17,7;
7,29;
29,7;
8,31;
31,8;
8,33;
33,8;
8,47;
47,8;
9,19;
19,9;
9,30;
30,9;
9,32;
32,9;
9,36;
36,9;
9,46;
46,9;
10,30;
30,10;
10,34;
34,10;
10,35;
35,10;
10,49;
49,10;
11,12;
12,11;
11,23;
23,11;
11,37;
37,11;
11,51;
51,11;
12,11;
11,12;
12,23;
23,12;
12,37;
37,12;
12,51;
51,12;
13,14;
14,13;
13,26;
26,13;
13,39;
39,13;
13,40;
40,13;
14,3;
3,14;
14,13;
13,14;
14,15;
15,14;
14,38;
38,14;
14,39;
39,14;
15,4;
4,15;
15,14;
14,15;
15,16;
16,15;
15,38;
38,15;
15,41;
41,15;
16,4;
4,16;
16,15;
15,16;
16,41;
41,16;
16,42;
42,16;
17,7;
7,17;
17,18;
18,17;
17,42;
42,17;
18,6;
6,18;
18,17;
17,18;
18,43;
43,18;
19,9;
9,19;
19,20;
20,19;
19,45;
45,19;
19,47;
47,19;
20,19;
19,20;
20,21;
21,20;
20,44;
44,20;
20,46;
46,20;
21,20;
20,21;
21,22;
22,21;
21,48;
48,21;
21,49;
49,21;
22,21;
21,22;
22,23;
23,22;
22,51;
51,22;
23,11;
11,23;
23,12;
12,23;
23,22;
22,23;
24,2;
2,24;
24,3;
3,24;
24,27;
27,24;
24,41;
41,24;
25,1;
1,25;
25,2;
2,25;
25,26;
26,25;
25,40;
40,25;
26,1;
1,26;
26,13;
13,26;
26,25;
25,26;
27,3;
3,27;
27,4;
4,27;
27,24;
24,27;
28,5;
5,28;
28,6;
6,28;
29,7;
7,29;
29,31;
31,29;
29,45;
45,29;
30,9;
9,30;
30,10;
10,30;
30,35;
35,30;
30,49;
49,30;
31,8;
8,31;
31,29;
29,31;
31,43;
43,31;
32,9;
9,32;
32,36;
36,32;
32,50;
50,32;
33,8;
8,33;
33,36;
36,33;
33,50;
50,33;
34,10;
10,34;
34,37;
37,34;
34,51;
51,34;
35,10;
10,35;
35,30;
30,35;
35,44;
44,35;
36,9;
9,36;
36,32;
32,36;
36,33;
33,36;
36,46;
46,36;
36,47;
47,36;
37,11;
11,37;
37,12;
12,37;
37,34;
34,37;
37,48;
48,37;
37,51;
51,37;
38,2;
2,38;
38,3;
3,38;
38,14;
14,38;
38,15;
15,38;
39,1;
1,39;
39,2;
2,39;
39,13;
13,39;
39,14;
14,39;
40,1;
1,40;
40,13;
13,40;
40,25;
25,40;
41,3;
3,41;
41,15;
15,41;
41,16;
16,41;
41,24;
24,41;
42,5;
5,42;
42,6;
6,42;
42,16;
16,42;
42,17;
17,42;
43,18;
18,43;
43,31;
31,43;
43,45;
45,43;
44,20;
20,44;
44,35;
35,44;
44,49;
49,44;
45,19;
19,45;
45,29;
29,45;
45,43;
43,45;
46,9;
9,46;
46,20;
20,46;
46,36;
36,46;
46,50;
50,46;
47,8;
8,47;
47,19;
19,47;
47,36;
36,47;
47,50;
50,47;
48,21;
21,48;
48,37;
37,48;
48,51;
51,48;
49,10;
10,49;
49,21;
21,49;
49,30;
30,49;
49,44;
44,49;
50,32;
32,50;
50,33;
33,50;
50,46;
46,50;
50,47;
47,50;
51,11;
11,51;
51,12;
12,51;
51,22;
22,51;
51,34;
34,51;
51,37;
37,51;
51,48;
48,51;
}
label = {
1,1;
2,1;
3,1;
4,1;
5,1;
6,1;
7,1;
8,1;
9,1;
10,1;
11,1;
12,1;
13,1;
14,1;
15,1;
16,1;
17,1;
18,1;
19,1;
20,1;
21,1;
22,1;
23,1;
24,2;
25,2;
26,2;
27,2;
28,2;
29,2;
30,2;
31,2;
32,2;
33,2;
34,2;
35,2;
36,2;
37,2;
38,2;
39,2;
40,2;
41,2;
42,2;
43,2;
44,2;
45,2;
46,2;
47,2;
48,2;
49,2;
50,2;
51,2;
}