edge = {
1,26;
26,1;
1,27;
27,1;
1,40;
40,1;
1,41;
41,1;
2,25;
25,2;
2,26;
26,2;
2,39;
39,2;
2,40;
40,2;
3,14;
14,3;
3,15;
15,3;
3,25;
25,3;
3,28;
28,3;
3,39;
39,3;
3,42;
42,3;
4,5;
5,4;
4,15;
15,4;
4,16;
16,4;
4,17;
17,4;
4,28;
28,4;
5,4;
4,5;
5,16;
16,5;
5,29;
29,5;
5,43;
43,5;
6,7;
7,6;
6,19;
19,6;
6,29;
29,6;
6,43;
43,6;
7,6;
6,7;
7,18;
18,7;
7,30;
30,7;
8,32;
32,8;
8,34;
34,8;
8,48;
48,8;
9,20;
20,9;
9,31;
31,9;
9,33;
33,9;
9,37;
37,9;
9,47;
47,9;
10,31;
31,10;
10,35;
35,10;
10,36;
36,10;
10,50;
50,10;
11,12;
12,11;
11,24;
24,11;
11,38;
38,11;
11,52;
52,11;
12,11;
11,12;
12,24;
24,12;
12,38;
38,12;
12,52;
52,12;
13,14;
14,13;
13,27;
27,13;
13,40;
40,13;
13,41;
41,13;
14,3;
3,14;
14,13;
13,14;
14,15;
15,14;
14,39;
39,14;
14,40;
40,14;
15,3;
3,15;
15,4;
4,15;
15,14;
14,15;
15,39;
39,15;
15,42;
42,15;
16,4;
4,16;
16,5;
5,16;
16,17;
17,16;
16,42;
42,16;
17,4;
4,17;
17,16;
16,17;
17,43;
43,17;
18,7;
7,18;
18,19;
19,18;
18,43;
43,18;
19,6;
6,19;
19,18;
18,19;
19,44;
44,19;
20,9;
9,20;
20,21;
21,20;
20,46;
46,20;
20,48;
48,20;
21,20;
20,21;
21,22;
22,21;
21,45;
45,21;
21,47;
47,21;
22,21;
21,22;
22,23;
23,22;
22,49;
49,22;
22,50;
50,22;
23,22;
22,23;
23,24;
24,23;
23,52;
52,23;
24,11;
11,24;
24,12;
12,24;
24,23;
23,24;
25,2;
2,25;
25,3;
3,25;
25,28;
28,25;
25,42;
42,25;
26,1;
1,26;
26,2;
2,26;
26,27;
27,26;
26,41;
41,26;
27,1;
1,27;
27,13;
13,27;
27,26;
26,27;
28,3;
3,28;
28,4;
4,28;
28,25;
25,28;
29,5;
5,29;
29,6;
6,29;
30,7;
7,30;
30,32;
32,30;
30,46;
46,30;
31,9;
9,31;
31,10;
10,31;
31,36;
36,31;
31,50;
50,31;
32,8;
8,32;
32,30;
30,32;
32,44;
44,32;
33,9;
9,33;
33,37;
37,33;
33,51;
51,33;
34,8;
8,34;
34,37;
37,34;
34,51;
51,34;
35,10;
10,35;
35,38;
38,35;
35,52;
52,35;
36,10;
10,36;
36,31;
31,36;
36,45;
45,36;
37,9;
9,37;
37,33;
33,37;
37,34;
34,37;
37,47;
47,37;
37,48;
48,37;
38,11;
11,38;
38,12;
12,38;
38,35;
35,38;
38,49;
49,38;
38,52;
52,38;
39,2;
2,39;
39,3;
3,39;
39,14;
14,39;
39,15;
15,39;
40,1;
1,40;
40,2;
2,40;
40,13;
13,40;
40,14;
14,40;
41,1;
1,41;
41,13;
13,41;
41,26;
26,41;
42,3;
3,42;
42,15;
15,42;
42,16;
16,42;
42,25;
25,42;
43,5;
5,43;
43,6;
6,43;
43,17;
17,43;
43,18;
18,43;
44,19;
19,44;
44,32;
32,44;
44,46;
46,44;
45,21;
21,45;
45,36;
36,45;
45,50;
50,45;
46,20;
20,46;
46,30;
30,46;
46,44;
44,46;
47,9;
9,47;
47,21;
21,47;
47,37;
37,47;
47,51;
51,47;
48,8;
8,48;
48,20;
20,48;
48,37;
37,48;
48,51;
51,48;
49,22;
22,49;
49,38;
38,49;
49,52;
52,49;
50,10;
10,50;
50,22;
22,50;
50,31;
31,50;
50,45;
45,50;
51,33;
33,51;
51,34;
34,51;
51,47;
47,51;
51,48;
48,51;
52,11;
11,52;
52,12;
12,52;
52,23;
23,52;
52,35;
35,52;
52,38;
38,52;
52,49;
49,52;
}
label = {
1,1;
2,1;
3,1;
4,1;
5,1;
6,1;
7,1;
8,1;
9,1;
10,1;
11,1;
12,1;
13,1;
14,1;
15,1;
16,1;
17,1;
18,1;
19,1;
20,1;
21,1;
22,1;
23,1;
24,1;
25,2;
26,2;
27,2;
28,2;
29,2;
30,2;
31,2;
32,2;
33,2;
34,2;
35,2;
36,2;
37,2;
38,2;
39,2;
40,2;
41,2;
42,2;
43,2;
44,2;
45,2;
46,2;
47,2;
48,2;
49,2;
50,2;
51,2;
52,2;
}