edge = {
1,2;
2,1;
1,14;
14,1;
1,15;
15,1;
2,1;
1,2;
2,3;
3,2;
2,13;
13,2;
2,14;
14,2;
3,2;
2,3;
3,4;
4,3;
3,5;
5,3;
3,13;
13,3;
3,16;
16,3;
4,3;
3,4;
4,5;
5,4;
4,16;
16,4;
5,3;
3,5;
5,4;
4,5;
5,6;
6,5;
5,16;
16,5;
5,17;
17,5;
6,5;
5,6;
6,7;
7,6;
6,17;
17,6;
7,6;
6,7;
7,17;
17,7;
7,18;
18,7;
8,18;
18,8;
8,20;
20,8;
8,22;
22,8;
9,19;
19,9;
9,21;
21,9;
9,24;
24,9;
10,12;
12,10;
10,19;
19,10;
10,23;
23,10;
10,25;
25,10;
11,12;
12,11;
11,23;
23,11;
11,25;
25,11;
12,10;
10,12;
12,11;
11,12;
12,23;
23,12;
13,2;
2,13;
13,3;
3,13;
13,14;
14,13;
13,15;
15,13;
13,16;
16,13;
14,1;
1,14;
14,2;
2,14;
14,13;
13,14;
14,15;
15,14;
15,1;
1,15;
15,13;
13,15;
15,14;
14,15;
16,3;
3,16;
16,4;
4,16;
16,5;
5,16;
16,13;
13,16;
16,17;
17,16;
17,5;
5,17;
17,6;
6,17;
17,7;
7,17;
17,16;
16,17;
18,7;
7,18;
18,8;
8,18;
18,20;
20,18;
19,9;
9,19;
19,10;
10,19;
19,21;
21,19;
19,24;
24,19;
19,25;
25,19;
20,8;
8,20;
20,18;
18,20;
20,22;
22,20;
21,9;
9,21;
21,19;
19,21;
21,22;
22,21;
21,24;
24,21;
22,8;
8,22;
22,20;
20,22;
22,21;
21,22;
22,24;
24,22;
23,10;
10,23;
23,11;
11,23;
23,12;
12,23;
23,25;
25,23;
24,9;
9,24;
24,19;
19,24;
24,21;
21,24;
24,22;
22,24;
25,10;
10,25;
25,11;
11,25;
25,19;
19,25;
25,23;
23,25;
}
label = {
1,1;
2,1;
3,1;
4,1;
5,1;
6,1;
7,1;
8,1;
9,1;
10,1;
11,1;
12,1;
13,2;
14,2;
15,2;
16,2;
17,2;
18,2;
19,2;
20,2;
21,2;
22,2;
23,2;
24,2;
25,2;
}