edge = {
1,2;
2,1;
1,3;
3,1;
1,16;
16,1;
1,17;
17,1;
2,1;
1,2;
2,3;
3,2;
2,4;
4,2;
2,16;
16,2;
3,1;
1,3;
3,2;
2,3;
3,4;
4,3;
3,15;
15,3;
4,2;
2,4;
4,3;
3,4;
4,6;
6,4;
4,15;
15,4;
4,18;
18,4;
5,6;
6,5;
5,7;
7,5;
5,18;
18,5;
6,4;
4,6;
6,5;
5,6;
6,7;
7,6;
6,18;
18,6;
6,19;
19,6;
7,5;
5,7;
7,6;
6,7;
7,8;
8,7;
7,19;
19,7;
8,7;
7,8;
8,9;
9,8;
8,19;
19,8;
9,8;
8,9;
9,19;
19,9;
9,20;
20,9;
10,20;
20,10;
10,22;
22,10;
10,24;
24,10;
11,21;
21,11;
11,23;
23,11;
11,26;
26,11;
12,14;
14,12;
12,21;
21,12;
12,25;
25,12;
12,27;
27,12;
13,14;
14,13;
13,25;
25,13;
13,27;
27,13;
14,12;
12,14;
14,13;
13,14;
14,25;
25,14;
15,3;
3,15;
15,4;
4,15;
15,16;
16,15;
15,17;
17,15;
15,18;
18,15;
16,1;
1,16;
16,2;
2,16;
16,15;
15,16;
16,17;
17,16;
17,1;
1,17;
17,15;
15,17;
17,16;
16,17;
18,4;
4,18;
18,5;
5,18;
18,6;
6,18;
18,15;
15,18;
19,6;
6,19;
19,7;
7,19;
19,8;
8,19;
19,9;
9,19;
20,9;
9,20;
20,10;
10,20;
20,22;
22,20;
21,11;
11,21;
21,12;
12,21;
21,23;
23,21;
21,26;
26,21;
21,27;
27,21;
22,10;
10,22;
22,20;
20,22;
22,24;
24,22;
23,11;
11,23;
23,21;
21,23;
23,24;
24,23;
23,26;
26,23;
24,10;
10,24;
24,22;
22,24;
24,23;
23,24;
24,26;
26,24;
25,12;
12,25;
25,13;
13,25;
25,14;
14,25;
25,27;
27,25;
26,11;
11,26;
26,21;
21,26;
26,23;
23,26;
26,24;
24,26;
27,12;
12,27;
27,13;
13,27;
27,21;
21,27;
27,25;
25,27;
}
label = {
1,1;
2,1;
3,1;
4,1;
5,1;
6,1;
7,1;
8,1;
9,1;
10,1;
11,1;
12,1;
13,1;
14,1;
15,2;
16,2;
17,2;
18,2;
19,2;
20,2;
21,2;
22,2;
23,2;
24,2;
25,2;
26,2;
27,2;
}