edge = {
1,16;
16,1;
1,23;
23,1;
1,24;
24,1;
1,25;
25,1;
2,17;
17,2;
2,26;
26,2;
2,27;
27,2;
3,15;
15,3;
3,18;
18,3;
3,28;
28,3;
3,29;
29,3;
4,5;
5,4;
4,15;
15,4;
4,29;
29,4;
5,4;
4,5;
5,15;
15,5;
5,30;
30,5;
6,33;
33,6;
6,34;
34,6;
6,35;
35,6;
7,21;
21,7;
7,36;
36,7;
7,37;
37,7;
8,12;
12,8;
8,20;
20,8;
8,38;
38,8;
8,39;
39,8;
9,12;
12,9;
9,22;
22,9;
9,40;
40,9;
10,11;
11,10;
10,22;
22,10;
10,41;
41,10;
10,42;
42,10;
11,10;
10,11;
11,41;
41,11;
11,42;
42,11;
12,8;
8,12;
12,9;
9,12;
12,39;
39,12;
13,19;
19,13;
13,35;
35,13;
13,36;
36,13;
14,30;
30,14;
14,31;
31,14;
14,32;
32,14;
14,33;
33,14;
15,3;
3,15;
15,4;
4,15;
15,5;
5,15;
15,29;
29,15;
16,1;
1,16;
16,23;
23,16;
16,24;
24,16;
17,2;
2,17;
17,25;
25,17;
17,26;
26,17;
18,3;
3,18;
18,27;
27,18;
18,28;
28,18;
19,13;
13,19;
19,35;
35,19;
19,36;
36,19;
20,8;
8,20;
20,38;
38,20;
20,39;
39,20;
21,7;
7,21;
21,37;
37,21;
21,38;
38,21;
22,9;
9,22;
22,10;
10,22;
22,40;
40,22;
22,41;
41,22;
23,1;
1,23;
23,16;
16,23;
23,24;
24,23;
24,1;
1,24;
24,16;
16,24;
24,23;
23,24;
24,25;
25,24;
25,1;
1,25;
25,17;
17,25;
25,24;
24,25;
25,26;
26,25;
26,2;
2,26;
26,17;
17,26;
26,25;
25,26;
27,2;
2,27;
27,18;
18,27;
27,28;
28,27;
28,3;
3,28;
28,18;
18,28;
28,27;
27,28;
28,29;
29,28;
29,3;
3,29;
29,4;
4,29;
29,15;
15,29;
29,28;
28,29;
30,5;
5,30;
30,14;
14,30;
30,31;
31,30;
30,32;
32,30;
31,14;
14,31;
31,30;
30,31;
31,32;
32,31;
31,33;
33,31;
32,14;
14,32;
32,30;
30,32;
32,31;
31,32;
32,33;
33,32;
32,34;
34,32;
33,6;
6,33;
33,14;
14,33;
33,31;
31,33;
33,32;
32,33;
33,34;
34,33;
34,6;
6,34;
34,32;
32,34;
34,33;
33,34;
35,6;
6,35;
35,13;
13,35;
35,19;
19,35;
35,36;
36,35;
36,7;
7,36;
36,13;
13,36;
36,19;
19,36;
36,35;
35,36;
37,7;
7,37;
37,21;
21,37;
37,38;
38,37;
38,8;
8,38;
38,20;
20,38;
38,21;
21,38;
38,37;
37,38;
39,8;
8,39;
39,12;
12,39;
39,20;
20,39;
40,9;
9,40;
40,22;
22,40;
40,41;
41,40;
41,10;
10,41;
41,11;
11,41;
41,22;
22,41;
41,40;
40,41;
41,42;
42,41;
42,10;
10,42;
42,11;
11,42;
42,41;
41,42;
}
label = {
1,1;
2,1;
3,1;
4,1;
5,1;
6,1;
7,1;
8,1;
9,1;
10,1;
11,1;
12,2;
13,2;
14,2;
15,2;
16,2;
17,2;
18,2;
19,2;
20,2;
21,2;
22,2;
23,3;
24,3;
25,3;
26,3;
27,3;
28,3;
29,3;
30,3;
31,3;
32,3;
33,3;
34,3;
35,3;
36,3;
37,3;
38,3;
39,3;
40,3;
41,3;
42,3;
}