edge = {
1,2;
2,1;
1,29;
29,1;
2,1;
1,2;
2,3;
3,2;
2,15;
15,2;
2,30;
30,2;
2,31;
31,2;
3,2;
2,3;
3,16;
16,3;
3,28;
28,3;
3,31;
31,3;
4,5;
5,4;
4,17;
17,4;
4,28;
28,4;
5,4;
4,5;
5,16;
16,5;
5,27;
27,5;
6,7;
7,6;
6,19;
19,6;
6,27;
27,6;
7,6;
6,7;
7,18;
18,7;
7,26;
26,7;
8,9;
9,8;
8,21;
21,8;
8,32;
32,8;
8,34;
34,8;
9,8;
8,9;
9,10;
10,9;
9,25;
25,9;
9,33;
33,9;
10,9;
9,10;
10,11;
11,10;
10,12;
12,10;
10,25;
25,10;
10,35;
35,10;
11,10;
10,11;
11,12;
12,11;
11,35;
35,11;
12,10;
10,12;
12,11;
11,12;
12,23;
23,12;
13,29;
29,13;
13,30;
30,13;
13,40;
40,13;
13,41;
41,13;
14,30;
30,14;
14,31;
31,14;
14,41;
41,14;
14,42;
42,14;
15,2;
2,15;
15,31;
31,15;
15,39;
39,15;
15,42;
42,15;
16,3;
3,16;
16,5;
5,16;
16,17;
17,16;
16,39;
39,16;
17,4;
4,17;
17,16;
16,17;
17,27;
27,17;
17,38;
38,17;
18,7;
7,18;
18,19;
19,18;
18,27;
27,18;
18,38;
38,18;
19,6;
6,19;
19,18;
18,19;
19,37;
37,19;
20,32;
32,20;
20,34;
34,20;
20,43;
43,20;
20,45;
45,20;
21,8;
8,21;
21,25;
25,21;
21,33;
33,21;
21,36;
36,21;
21,44;
44,21;
22,25;
25,22;
22,35;
35,22;
22,36;
36,22;
22,46;
46,22;
23,12;
12,23;
23,24;
24,23;
23,35;
35,23;
23,46;
46,23;
24,23;
23,24;
24,46;
46,24;
25,9;
9,25;
25,10;
10,25;
25,21;
21,25;
25,22;
22,25;
25,33;
33,25;
25,35;
35,25;
25,44;
44,25;
25,46;
46,25;
26,7;
7,26;
26,32;
32,26;
26,43;
43,26;
27,5;
5,27;
27,6;
6,27;
27,17;
17,27;
27,18;
18,27;
28,3;
3,28;
28,4;
4,28;
28,31;
31,28;
28,42;
42,28;
29,1;
1,29;
29,13;
13,29;
29,30;
30,29;
29,41;
41,29;
30,2;
2,30;
30,13;
13,30;
30,14;
14,30;
30,29;
29,30;
30,40;
40,30;
31,2;
2,31;
31,3;
3,31;
31,14;
14,31;
31,15;
15,31;
31,28;
28,31;
31,39;
39,31;
32,8;
8,32;
32,20;
20,32;
32,26;
26,32;
32,37;
37,32;
33,9;
9,33;
33,21;
21,33;
33,25;
25,33;
33,34;
34,33;
33,36;
36,33;
33,45;
45,33;
34,8;
8,34;
34,20;
20,34;
34,33;
33,34;
34,44;
44,34;
35,10;
10,35;
35,11;
11,35;
35,22;
22,35;
35,23;
23,35;
35,25;
25,35;
35,46;
46,35;
36,21;
21,36;
36,22;
22,36;
36,33;
33,36;
36,44;
44,36;
37,19;
19,37;
37,32;
32,37;
37,43;
43,37;
38,17;
17,38;
38,18;
18,38;
39,15;
15,39;
39,16;
16,39;
39,31;
31,39;
39,42;
42,39;
40,13;
13,40;
40,30;
30,40;
41,13;
13,41;
41,14;
14,41;
41,29;
29,41;
42,14;
14,42;
42,15;
15,42;
42,28;
28,42;
42,39;
39,42;
43,20;
20,43;
43,26;
26,43;
43,37;
37,43;
44,21;
21,44;
44,25;
25,44;
44,34;
34,44;
44,36;
36,44;
44,45;
45,44;
45,20;
20,45;
45,33;
33,45;
45,44;
44,45;
46,22;
22,46;
46,23;
23,46;
46,24;
24,46;
46,25;
25,46;
46,35;
35,46;
}
label = {
1,1;
2,1;
3,1;
4,1;
5,1;
6,1;
7,1;
8,1;
9,1;
10,1;
11,1;
12,1;
13,1;
14,1;
15,1;
16,1;
17,1;
18,1;
19,1;
20,1;
21,1;
22,1;
23,1;
24,1;
25,2;
26,2;
27,2;
28,2;
29,2;
30,2;
31,2;
32,2;
33,2;
34,2;
35,2;
36,2;
37,2;
38,2;
39,2;
40,2;
41,2;
42,2;
43,2;
44,2;
45,2;
46,2;
}