edge = {
2,3;
3,2;
2,56;
56,2;
2,57;
57,2;
3,2;
2,3;
3,20;
20,3;
3,55;
55,3;
3,59;
59,3;
4,5;
5,4;
4,59;
59,4;
5,4;
4,5;
5,6;
6,5;
5,22;
22,5;
5,40;
40,5;
6,5;
5,6;
6,7;
7,6;
6,25;
25,6;
7,6;
6,7;
7,24;
24,7;
7,61;
61,7;
8,9;
9,8;
8,60;
60,8;
9,8;
8,9;
9,26;
26,9;
10,65;
65,10;
11,12;
12,11;
11,63;
63,11;
11,64;
64,11;
12,11;
11,12;
12,62;
62,12;
12,66;
66,12;
13,14;
14,13;
13,32;
32,13;
13,66;
66,13;
14,13;
13,14;
14,15;
15,14;
15,14;
14,15;
15,16;
16,15;
15,34;
34,15;
15,52;
52,15;
16,15;
15,16;
16,33;
33,16;
16,51;
51,16;
16,68;
68,16;
17,18;
18,17;
17,36;
36,17;
17,67;
67,17;
18,17;
17,18;
18,54;
54,18;
19,58;
58,19;
19,72;
72,19;
20,3;
3,20;
20,21;
21,20;
20,70;
70,20;
20,71;
71,20;
21,20;
20,21;
21,55;
55,21;
21,69;
69,21;
21,73;
73,21;
22,5;
5,22;
22,23;
23,22;
22,73;
73,22;
23,22;
22,23;
23,24;
24,23;
24,7;
7,24;
24,23;
23,24;
24,25;
25,24;
24,43;
43,24;
25,6;
6,25;
25,24;
24,25;
25,42;
42,25;
25,75;
75,25;
26,9;
9,26;
26,27;
27,26;
26,74;
74,26;
27,26;
26,27;
27,54;
54,27;
28,79;
79,28;
29,30;
30,29;
29,77;
77,29;
29,78;
78,29;
30,29;
29,30;
30,76;
76,30;
30,80;
80,30;
31,32;
32,31;
31,80;
80,31;
32,13;
13,32;
32,31;
31,32;
32,33;
33,32;
32,49;
49,32;
33,16;
16,33;
33,32;
32,33;
33,34;
34,33;
34,15;
15,34;
34,33;
33,34;
34,82;
82,34;
35,36;
36,35;
35,81;
81,35;
36,17;
17,36;
36,35;
35,36;
36,54;
54,36;
37,86;
86,37;
38,39;
39,38;
38,84;
84,38;
38,85;
85,38;
39,38;
38,39;
39,55;
55,39;
39,62;
62,39;
39,83;
83,39;
39,87;
87,39;
40,5;
5,40;
40,41;
41,40;
40,87;
87,40;
41,40;
40,41;
41,42;
42,41;
42,25;
25,42;
42,41;
41,42;
42,43;
43,42;
43,24;
24,43;
43,42;
42,43;
43,89;
89,43;
44,45;
45,44;
44,88;
88,44;
45,44;
44,45;
45,54;
54,45;
46,93;
93,46;
47,48;
48,47;
47,91;
91,47;
47,92;
92,47;
48,47;
47,48;
48,90;
90,48;
48,94;
94,48;
49,32;
32,49;
49,50;
50,49;
49,94;
94,49;
50,49;
49,50;
50,51;
51,50;
51,16;
16,51;
51,50;
50,51;
51,52;
52,51;
52,15;
15,52;
52,51;
51,52;
52,96;
96,52;
53,54;
54,53;
53,95;
95,53;
54,18;
18,54;
54,27;
27,54;
54,36;
36,54;
54,45;
45,54;
54,53;
53,54;
55,3;
3,55;
55,21;
21,55;
55,39;
39,55;
55,56;
56,55;
56,2;
2,56;
56,55;
55,56;
57,2;
2,57;
57,58;
58,57;
58,19;
19,58;
58,57;
57,58;
59,3;
3,59;
59,4;
4,59;
60,8;
8,60;
60,61;
61,60;
61,7;
7,61;
61,60;
60,61;
61,96;
96,61;
62,12;
12,62;
62,39;
39,62;
62,63;
63,62;
63,11;
11,63;
63,62;
62,63;
64,11;
11,64;
64,65;
65,64;
65,10;
10,65;
65,64;
64,65;
66,12;
12,66;
66,13;
13,66;
67,17;
17,67;
67,68;
68,67;
68,16;
16,68;
68,67;
67,68;
68,96;
96,68;
69,21;
21,69;
69,70;
70,69;
70,20;
20,70;
70,69;
69,70;
71,20;
20,71;
71,72;
72,71;
72,19;
19,72;
72,71;
71,72;
73,21;
21,73;
73,22;
22,73;
74,26;
26,74;
74,75;
75,74;
75,25;
25,75;
75,74;
74,75;
75,96;
96,75;
76,30;
30,76;
76,77;
77,76;
77,29;
29,77;
77,76;
76,77;
78,29;
29,78;
78,79;
79,78;
79,28;
28,79;
79,78;
78,79;
80,30;
30,80;
80,31;
31,80;
81,35;
35,81;
81,82;
82,81;
82,34;
34,82;
82,81;
81,82;
83,39;
39,83;
83,84;
84,83;
84,38;
38,84;
84,83;
83,84;
85,38;
38,85;
85,86;
86,85;
86,37;
37,86;
86,85;
85,86;
87,39;
39,87;
87,40;
40,87;
88,44;
44,88;
88,89;
89,88;
89,43;
43,89;
89,88;
88,89;
90,48;
48,90;
90,91;
91,90;
91,47;
47,91;
91,90;
90,91;
92,47;
47,92;
92,93;
93,92;
93,46;
46,93;
93,92;
92,93;
94,48;
48,94;
94,49;
49,94;
95,53;
53,95;
95,96;
96,95;
96,52;
52,96;
96,61;
61,96;
96,68;
68,96;
96,75;
75,96;
96,95;
95,96;
}
label = {
1,1;
2,1;
3,1;
4,1;
5,1;
6,1;
7,1;
8,1;
9,1;
10,1;
11,1;
12,1;
13,1;
14,1;
15,1;
16,1;
17,1;
18,1;
19,1;
20,1;
21,1;
22,1;
23,1;
24,1;
25,1;
26,1;
27,1;
28,1;
29,1;
30,1;
31,1;
32,1;
33,1;
34,1;
35,1;
36,1;
37,1;
38,1;
39,1;
40,1;
41,1;
42,1;
43,1;
44,1;
45,1;
46,1;
47,1;
48,1;
49,1;
50,1;
51,1;
52,1;
53,1;
54,1;
55,2;
56,2;
57,2;
58,2;
59,2;
60,2;
61,2;
62,2;
63,2;
64,2;
65,2;
66,2;
67,2;
68,2;
69,2;
70,2;
71,2;
72,2;
73,2;
74,2;
75,2;
76,2;
77,2;
78,2;
79,2;
80,2;
81,2;
82,2;
83,2;
84,2;
85,2;
86,2;
87,2;
88,2;
89,2;
90,2;
91,2;
92,2;
93,2;
94,2;
95,2;
96,2;
}