edge = {
1,2;
2,1;
1,6;
6,1;
1,7;
7,1;
2,1;
1,2;
2,6;
6,2;
2,7;
7,2;
2,11;
11,2;
2,12;
12,2;
3,4;
4,3;
3,5;
5,3;
3,8;
8,3;
3,9;
9,3;
3,10;
10,3;
4,3;
3,4;
4,5;
5,4;
4,8;
8,4;
5,3;
3,5;
5,4;
4,5;
5,8;
8,5;
6,1;
1,6;
6,2;
2,6;
6,7;
7,6;
7,1;
1,7;
7,2;
2,7;
7,6;
6,7;
8,3;
3,8;
8,4;
4,8;
8,5;
5,8;
8,9;
9,8;
8,10;
10,8;
9,3;
3,9;
9,8;
8,9;
9,10;
10,9;
9,11;
11,9;
9,12;
12,9;
10,3;
3,10;
10,8;
8,10;
10,9;
9,10;
11,2;
2,11;
11,9;
9,11;
11,12;
12,11;
12,2;
2,12;
12,9;
9,12;
12,11;
11,12;
}
label = {
1,1;
2,1;
3,1;
4,1;
5,2;
6,2;
7,2;
8,2;
9,2;
10,2;
11,2;
12,2;
}