edge = {
1,4;
4,1;
1,5;
5,1;
1,9;
9,1;
2,3;
3,2;
2,6;
6,2;
2,7;
7,2;
3,2;
2,3;
3,4;
4,3;
3,6;
6,3;
3,7;
7,3;
3,8;
8,3;
4,1;
1,4;
4,3;
3,4;
4,5;
5,4;
4,7;
7,4;
4,8;
8,4;
4,9;
9,4;
5,1;
1,5;
5,4;
4,5;
5,8;
8,5;
5,9;
9,5;
6,2;
2,6;
6,3;
3,6;
6,11;
11,6;
6,12;
12,6;
7,2;
2,7;
7,3;
3,7;
7,4;
4,7;
7,8;
8,7;
8,3;
3,8;
8,4;
4,8;
8,5;
5,8;
8,7;
7,8;
8,9;
9,8;
9,1;
1,9;
9,4;
4,9;
9,5;
5,9;
9,8;
8,9;
10,12;
12,10;
10,13;
13,10;
10,14;
14,10;
11,6;
6,11;
11,12;
12,11;
11,13;
13,11;
12,6;
6,12;
12,10;
10,12;
12,11;
11,12;
12,13;
13,12;
12,14;
14,12;
13,10;
10,13;
13,11;
11,13;
13,12;
12,13;
13,14;
14,13;
14,10;
10,14;
14,12;
12,14;
14,13;
13,14;
}
label = {
1,1;
2,1;
3,2;
4,2;
5,2;
6,2;
7,2;
8,2;
9,2;
10,2;
11,2;
12,2;
13,2;
14,2;
}