edge = {
1,2;
2,1;
1,4;
4,1;
1,12;
12,1;
1,15;
15,1;
2,1;
1,2;
2,12;
12,2;
2,20;
20,2;
2,21;
21,2;
3,6;
6,3;
3,13;
13,3;
4,1;
1,4;
4,15;
15,4;
4,16;
16,4;
4,17;
17,4;
5,17;
17,5;
5,22;
22,5;
6,3;
3,6;
6,7;
7,6;
6,8;
8,6;
6,11;
11,6;
6,13;
13,6;
6,14;
14,6;
6,18;
18,6;
7,6;
6,7;
7,11;
11,7;
7,12;
12,7;
7,14;
14,7;
7,15;
15,7;
7,19;
19,7;
8,6;
6,8;
8,13;
13,8;
8,18;
18,8;
9,15;
15,9;
9,16;
16,9;
9,21;
21,9;
9,22;
22,9;
10,17;
17,10;
10,22;
22,10;
11,6;
6,11;
11,7;
7,11;
11,13;
13,11;
11,14;
14,11;
11,18;
18,11;
11,19;
19,11;
12,1;
1,12;
12,2;
2,12;
12,7;
7,12;
12,15;
15,12;
12,19;
19,12;
13,3;
3,13;
13,6;
6,13;
13,8;
8,13;
13,11;
11,13;
14,6;
6,14;
14,7;
7,14;
14,11;
11,14;
14,18;
18,14;
15,1;
1,15;
15,4;
4,15;
15,7;
7,15;
15,9;
9,15;
15,12;
12,15;
15,16;
16,15;
16,4;
4,16;
16,9;
9,16;
16,15;
15,16;
17,4;
4,17;
17,5;
5,17;
17,10;
10,17;
17,20;
20,17;
17,21;
21,17;
17,22;
22,17;
18,6;
6,18;
18,8;
8,18;
18,11;
11,18;
18,14;
14,18;
18,19;
19,18;
19,7;
7,19;
19,11;
11,19;
19,12;
12,19;
19,18;
18,19;
20,2;
2,20;
20,17;
17,20;
20,21;
21,20;
21,2;
2,21;
21,9;
9,21;
21,17;
17,21;
21,20;
20,21;
22,5;
5,22;
22,9;
9,22;
22,10;
10,22;
22,17;
17,22;
}
label = {
1,1;
2,1;
3,2;
4,2;
5,2;
6,2;
7,2;
8,2;
9,2;
10,2;
11,2;
12,2;
13,3;
14,3;
15,3;
16,3;
17,3;
18,3;
19,3;
20,3;
21,3;
22,3;
}