edge = {
1,23;
23,1;
1,28;
28,1;
1,31;
31,1;
2,3;
3,2;
2,6;
6,2;
2,24;
24,2;
2,26;
26,2;
3,2;
2,3;
3,5;
5,3;
3,6;
6,3;
3,21;
21,3;
3,24;
24,3;
4,23;
23,4;
4,28;
28,4;
4,31;
31,4;
4,36;
36,4;
5,3;
3,5;
5,6;
6,5;
5,24;
24,5;
5,26;
26,5;
5,32;
32,5;
5,34;
34,5;
6,2;
2,6;
6,3;
3,6;
6,5;
5,6;
6,24;
24,6;
6,29;
29,6;
6,32;
32,6;
7,8;
8,7;
7,40;
40,7;
7,42;
42,7;
8,7;
7,8;
8,9;
9,8;
8,14;
14,8;
9,8;
8,9;
9,10;
10,9;
9,15;
15,9;
9,17;
17,9;
10,9;
9,10;
10,11;
11,10;
10,16;
16,10;
11,10;
10,11;
11,12;
12,11;
11,13;
13,11;
11,19;
19,11;
12,11;
11,12;
12,13;
13,12;
12,20;
20,12;
13,11;
11,13;
13,12;
12,13;
13,19;
19,13;
13,20;
20,13;
14,8;
8,14;
14,15;
15,14;
14,16;
16,14;
14,42;
42,14;
15,9;
9,15;
15,14;
14,15;
15,16;
16,15;
16,10;
10,16;
16,14;
14,16;
16,15;
15,16;
16,17;
17,16;
17,9;
9,17;
17,16;
16,17;
17,18;
18,17;
18,17;
17,18;
18,19;
19,18;
18,20;
20,18;
19,11;
11,19;
19,13;
13,19;
19,18;
18,19;
19,20;
20,19;
20,12;
12,20;
20,13;
13,20;
20,18;
18,20;
20,19;
19,20;
21,3;
3,21;
21,24;
24,21;
21,38;
38,21;
22,23;
23,22;
22,31;
31,22;
22,37;
37,22;
23,1;
1,23;
23,4;
4,23;
23,22;
22,23;
23,28;
28,23;
23,30;
30,23;
23,37;
37,23;
24,2;
2,24;
24,3;
3,24;
24,5;
5,24;
24,6;
6,24;
24,21;
21,24;
24,26;
26,24;
24,29;
29,24;
24,34;
34,24;
24,38;
38,24;
25,26;
26,25;
25,27;
27,25;
25,34;
34,25;
26,2;
2,26;
26,5;
5,26;
26,24;
24,26;
26,25;
25,26;
26,32;
32,26;
26,33;
33,26;
27,25;
25,27;
27,28;
28,27;
27,36;
36,27;
28,1;
1,28;
28,4;
4,28;
28,23;
23,28;
28,27;
27,28;
28,35;
35,28;
28,36;
36,28;
29,6;
6,29;
29,24;
24,29;
29,38;
38,29;
30,23;
23,30;
30,31;
31,30;
30,37;
37,30;
31,1;
1,31;
31,4;
4,31;
31,22;
22,31;
31,30;
30,31;
32,5;
5,32;
32,6;
6,32;
32,26;
26,32;
32,34;
34,32;
33,26;
26,33;
33,34;
34,33;
33,35;
35,33;
34,5;
5,34;
34,24;
24,34;
34,25;
25,34;
34,32;
32,34;
34,33;
33,34;
35,28;
28,35;
35,33;
33,35;
35,36;
36,35;
36,4;
4,36;
36,27;
27,36;
36,28;
28,36;
36,35;
35,36;
37,22;
22,37;
37,23;
23,37;
37,30;
30,37;
38,21;
21,38;
38,24;
24,38;
38,29;
29,38;
39,40;
40,39;
39,42;
42,39;
40,7;
7,40;
40,39;
39,40;
40,41;
41,40;
40,42;
42,40;
41,40;
40,41;
41,42;
42,41;
42,7;
7,42;
42,14;
14,42;
42,39;
39,42;
42,40;
40,42;
42,41;
41,42;
}
label = {
1,1;
2,1;
3,1;
4,1;
5,1;
6,1;
7,1;
8,1;
9,1;
10,1;
11,1;
12,1;
13,1;
14,1;
15,1;
16,1;
17,1;
18,1;
19,1;
20,1;
21,2;
22,2;
23,2;
24,2;
25,2;
26,2;
27,2;
28,2;
29,2;
30,2;
31,2;
32,2;
33,2;
34,2;
35,2;
36,2;
37,2;
38,2;
39,2;
40,2;
41,2;
42,2;
}