edge = {
1,6;
6,1;
1,49;
49,1;
1,57;
57,1;
1,73;
73,1;
2,27;
27,2;
2,32;
32,2;
2,40;
40,2;
3,29;
29,3;
3,31;
31,3;
4,20;
20,4;
4,23;
23,4;
4,31;
31,4;
4,34;
34,4;
5,6;
6,5;
5,18;
18,5;
5,41;
41,5;
6,1;
1,6;
6,5;
5,6;
6,35;
35,6;
6,40;
40,6;
7,8;
8,7;
7,11;
11,7;
7,37;
37,7;
7,39;
39,7;
8,7;
7,8;
8,10;
10,8;
8,39;
39,8;
8,42;
42,8;
9,43;
43,9;
9,48;
48,9;
10,8;
8,10;
10,11;
11,10;
10,45;
45,10;
10,47;
47,10;
11,7;
7,11;
11,10;
10,11;
11,47;
47,11;
11,50;
50,11;
12,51;
51,12;
12,56;
56,12;
13,14;
14,13;
13,53;
53,13;
13,55;
55,13;
14,13;
13,14;
14,26;
26,14;
14,55;
55,14;
14,58;
58,14;
15,59;
59,15;
15,64;
64,15;
16,17;
17,16;
16,61;
61,16;
16,63;
63,16;
17,16;
16,17;
17,26;
26,17;
17,63;
63,17;
17,66;
66,17;
18,5;
5,18;
18,32;
32,18;
18,40;
40,18;
18,67;
67,18;
18,72;
72,18;
19,29;
29,19;
19,69;
69,19;
19,71;
71,19;
20,4;
4,20;
20,31;
31,20;
20,71;
71,20;
20,74;
74,20;
21,32;
32,21;
21,40;
40,21;
21,75;
75,21;
21,80;
80,21;
22,29;
29,22;
22,77;
77,22;
22,79;
79,22;
23,4;
4,23;
23,31;
31,23;
23,79;
79,23;
23,82;
82,23;
24,83;
83,24;
24,88;
88,24;
25,26;
26,25;
25,85;
85,25;
25,87;
87,25;
26,14;
14,26;
26,17;
17,26;
26,25;
25,26;
26,87;
87,26;
26,90;
90,26;
27,2;
2,27;
27,28;
28,27;
28,27;
27,28;
28,30;
30,28;
29,3;
3,29;
29,19;
19,29;
29,22;
22,29;
29,30;
30,29;
30,28;
28,30;
30,29;
29,30;
31,3;
3,31;
31,4;
4,31;
31,20;
20,31;
31,23;
23,31;
32,2;
2,32;
32,18;
18,32;
32,21;
21,32;
32,33;
33,32;
32,48;
48,32;
32,56;
56,32;
32,72;
72,32;
32,88;
88,32;
33,32;
32,33;
34,4;
4,34;
34,42;
42,34;
34,50;
50,34;
34,58;
58,34;
34,66;
66,34;
34,82;
82,34;
34,90;
90,34;
35,6;
6,35;
35,36;
36,35;
36,35;
35,36;
36,38;
38,36;
37,7;
7,37;
37,38;
38,37;
38,36;
36,38;
38,37;
37,38;
39,7;
7,39;
39,8;
8,39;
40,2;
2,40;
40,6;
6,40;
40,18;
18,40;
40,21;
21,40;
40,41;
41,40;
40,48;
48,40;
40,56;
56,40;
40,72;
72,40;
40,88;
88,40;
41,5;
5,41;
41,40;
40,41;
42,8;
8,42;
42,34;
34,42;
42,74;
74,42;
42,90;
90,42;
43,9;
9,43;
43,44;
44,43;
44,43;
43,44;
44,46;
46,44;
45,10;
10,45;
45,46;
46,45;
46,44;
44,46;
46,45;
45,46;
47,10;
10,47;
47,11;
11,47;
48,9;
9,48;
48,32;
32,48;
48,40;
40,48;
48,49;
49,48;
48,64;
64,48;
48,80;
80,48;
49,1;
1,49;
49,48;
48,49;
50,11;
11,50;
50,34;
34,50;
50,74;
74,50;
50,90;
90,50;
51,12;
12,51;
51,52;
52,51;
52,51;
51,52;
52,54;
54,52;
53,13;
13,53;
53,54;
54,53;
54,52;
52,54;
54,53;
53,54;
55,13;
13,55;
55,14;
14,55;
56,12;
12,56;
56,32;
32,56;
56,40;
40,56;
56,57;
57,56;
57,1;
1,57;
57,56;
56,57;
58,14;
14,58;
58,34;
34,58;
59,15;
15,59;
59,60;
60,59;
60,59;
59,60;
60,62;
62,60;
61,16;
16,61;
61,62;
62,61;
62,60;
60,62;
62,61;
61,62;
63,16;
16,63;
63,17;
17,63;
64,15;
15,64;
64,48;
48,64;
64,65;
65,64;
65,64;
64,65;
66,17;
17,66;
66,34;
34,66;
67,18;
18,67;
67,68;
68,67;
68,67;
67,68;
68,70;
70,68;
69,19;
19,69;
69,70;
70,69;
70,68;
68,70;
70,69;
69,70;
71,19;
19,71;
71,20;
20,71;
72,18;
18,72;
72,32;
32,72;
72,40;
40,72;
72,73;
73,72;
73,1;
1,73;
73,72;
72,73;
74,20;
20,74;
74,42;
42,74;
74,50;
50,74;
75,21;
21,75;
75,76;
76,75;
76,75;
75,76;
76,78;
78,76;
77,22;
22,77;
77,78;
78,77;
78,76;
76,78;
78,77;
77,78;
79,22;
22,79;
79,23;
23,79;
80,21;
21,80;
80,48;
48,80;
80,81;
81,80;
81,80;
80,81;
82,23;
23,82;
82,34;
34,82;
83,24;
24,83;
83,84;
84,83;
84,83;
83,84;
84,86;
86,84;
85,25;
25,85;
85,86;
86,85;
86,84;
84,86;
86,85;
85,86;
87,25;
25,87;
87,26;
26,87;
88,24;
24,88;
88,32;
32,88;
88,40;
40,88;
88,89;
89,88;
89,88;
88,89;
90,26;
26,90;
90,34;
34,90;
90,42;
42,90;
90,50;
50,90;
}
label = {
1,1;
2,1;
3,1;
4,1;
5,1;
6,1;
7,1;
8,1;
9,1;
10,1;
11,1;
12,1;
13,1;
14,1;
15,1;
16,1;
17,1;
18,1;
19,1;
20,1;
21,1;
22,1;
23,1;
24,1;
25,1;
26,1;
27,2;
28,2;
29,2;
30,2;
31,2;
32,2;
33,2;
34,2;
35,2;
36,2;
37,2;
38,2;
39,2;
40,2;
41,2;
42,2;
43,2;
44,2;
45,2;
46,2;
47,2;
48,2;
49,2;
50,2;
51,2;
52,2;
53,2;
54,2;
55,2;
56,2;
57,2;
58,2;
59,2;
60,2;
61,2;
62,2;
63,2;
64,2;
65,2;
66,2;
67,2;
68,2;
69,2;
70,2;
71,2;
72,2;
73,2;
74,2;
75,2;
76,2;
77,2;
78,2;
79,2;
80,2;
81,2;
82,2;
83,2;
84,2;
85,2;
86,2;
87,2;
88,2;
89,2;
90,2;
}