edge = {
1,12;
12,1;
1,13;
13,1;
1,14;
14,1;
2,3;
3,2;
2,7;
7,2;
2,9;
9,2;
2,14;
14,2;
3,2;
2,3;
3,4;
4,3;
3,9;
9,3;
3,14;
14,3;
4,3;
3,4;
4,7;
7,4;
4,8;
8,4;
4,9;
9,4;
5,6;
6,5;
5,8;
8,5;
5,10;
10,5;
5,11;
11,5;
5,13;
13,5;
5,14;
14,5;
6,5;
5,6;
6,8;
8,6;
6,10;
10,6;
6,11;
11,6;
6,14;
14,6;
7,2;
2,7;
7,4;
4,7;
7,8;
8,7;
7,9;
9,7;
8,4;
4,8;
8,5;
5,8;
8,6;
6,8;
8,7;
7,8;
8,9;
9,8;
9,2;
2,9;
9,3;
3,9;
9,4;
4,9;
9,7;
7,9;
9,8;
8,9;
10,5;
5,10;
10,6;
6,10;
10,11;
11,10;
10,12;
12,10;
10,13;
13,10;
11,5;
5,11;
11,6;
6,11;
11,10;
10,11;
11,12;
12,11;
12,1;
1,12;
12,10;
10,12;
12,11;
11,12;
12,13;
13,12;
12,14;
14,12;
13,1;
1,13;
13,5;
5,13;
13,10;
10,13;
13,12;
12,13;
13,14;
14,13;
14,1;
1,14;
14,2;
2,14;
14,3;
3,14;
14,5;
5,14;
14,6;
6,14;
14,12;
12,14;
14,13;
13,14;
}
label = {
1,1;
2,1;
3,1;
4,2;
5,2;
6,2;
7,2;
8,2;
9,2;
10,2;
11,2;
12,3;
13,3;
14,3;
}