edge = {
1,4;
4,1;
1,9;
9,1;
1,10;
10,1;
2,3;
3,2;
2,6;
6,2;
2,8;
8,2;
3,2;
2,3;
3,8;
8,3;
3,11;
11,3;
4,1;
1,4;
4,5;
5,4;
4,7;
7,4;
4,9;
9,4;
4,10;
10,4;
5,4;
4,5;
5,6;
6,5;
5,7;
7,5;
5,9;
9,5;
5,10;
10,5;
6,2;
2,6;
6,5;
5,6;
6,7;
7,6;
6,8;
8,6;
6,11;
11,6;
7,4;
4,7;
7,5;
5,7;
7,6;
6,7;
7,8;
8,7;
7,11;
11,7;
8,2;
2,8;
8,3;
3,8;
8,6;
6,8;
8,7;
7,8;
8,11;
11,8;
9,1;
1,9;
9,4;
4,9;
9,5;
5,9;
9,10;
10,9;
10,1;
1,10;
10,4;
4,10;
10,5;
5,10;
10,9;
9,10;
11,3;
3,11;
11,6;
6,11;
11,7;
7,11;
11,8;
8,11;
}
label = {
1,1;
2,1;
3,1;
4,2;
5,2;
6,2;
7,2;
8,2;
9,2;
10,2;
11,2;
}