edge = {
1,2;
2,1;
1,5;
5,1;
2,1;
1,2;
2,3;
3,2;
2,4;
4,2;
2,6;
6,2;
2,8;
8,2;
2,16;
16,2;
3,2;
2,3;
3,5;
5,3;
3,6;
6,3;
3,13;
13,3;
3,14;
14,3;
4,2;
2,4;
4,5;
5,4;
4,21;
21,4;
4,26;
26,4;
5,1;
1,5;
5,3;
3,5;
5,4;
4,5;
5,6;
6,5;
5,18;
18,5;
5,26;
26,5;
6,2;
2,6;
6,3;
3,6;
6,5;
5,6;
6,23;
23,6;
6,24;
24,6;
7,12;
12,7;
8,2;
2,8;
8,13;
13,8;
9,14;
14,9;
10,12;
12,10;
10,15;
15,10;
10,25;
25,10;
11,15;
15,11;
11,16;
16,11;
11,26;
26,11;
12,7;
7,12;
12,10;
10,12;
13,3;
3,13;
13,8;
8,13;
14,3;
3,14;
14,9;
9,14;
15,10;
10,15;
15,11;
11,15;
15,20;
20,15;
16,2;
2,16;
16,11;
11,16;
16,26;
26,16;
17,20;
20,17;
17,22;
22,17;
18,5;
5,18;
18,23;
23,18;
19,24;
24,19;
20,15;
15,20;
20,17;
17,20;
20,25;
25,20;
21,4;
4,21;
21,25;
25,21;
21,26;
26,21;
22,17;
17,22;
23,6;
6,23;
23,18;
18,23;
24,6;
6,24;
24,19;
19,24;
25,10;
10,25;
25,20;
20,25;
25,21;
21,25;
26,4;
4,26;
26,5;
5,26;
26,11;
11,26;
26,16;
16,26;
26,21;
21,26;
}
label = {
1,1;
2,1;
3,1;
4,1;
5,1;
6,1;
7,2;
8,2;
9,2;
10,2;
11,2;
12,2;
13,2;
14,2;
15,2;
16,2;
17,2;
18,2;
19,2;
20,2;
21,2;
22,2;
23,2;
24,2;
25,2;
26,2;
}