edge = {
1,2;
2,1;
1,3;
3,1;
1,9;
9,1;
2,1;
1,2;
2,3;
3,2;
2,8;
8,2;
2,9;
9,2;
3,1;
1,3;
3,2;
2,3;
3,4;
4,3;
3,8;
8,3;
4,3;
3,4;
4,8;
8,4;
4,10;
10,4;
4,11;
11,4;
5,6;
6,5;
5,7;
7,5;
5,9;
9,5;
6,5;
5,6;
6,7;
7,6;
6,9;
9,6;
7,5;
5,7;
7,6;
6,7;
7,9;
9,7;
8,2;
2,8;
8,3;
3,8;
8,4;
4,8;
8,10;
10,8;
8,11;
11,8;
9,1;
1,9;
9,2;
2,9;
9,5;
5,9;
9,6;
6,9;
9,7;
7,9;
10,4;
4,10;
10,8;
8,10;
10,11;
11,10;
11,4;
4,11;
11,8;
8,11;
11,10;
10,11;
}
label = {
1,1;
2,1;
3,1;
4,1;
5,2;
6,2;
7,2;
8,2;
9,2;
10,2;
11,2;
}