edge = {
1,2;
2,1;
1,27;
27,1;
1,28;
28,1;
2,1;
1,2;
2,3;
3,2;
2,27;
27,2;
2,28;
28,2;
3,2;
2,3;
3,4;
4,3;
3,26;
26,3;
3,27;
27,3;
4,3;
3,4;
4,26;
26,4;
4,32;
32,4;
5,6;
6,5;
5,31;
31,5;
5,36;
36,5;
6,5;
5,6;
6,7;
7,6;
6,35;
35,6;
6,37;
37,6;
7,6;
6,7;
7,8;
8,7;
7,9;
9,7;
7,33;
33,7;
8,7;
7,8;
8,9;
9,8;
8,33;
33,8;
9,7;
7,9;
9,8;
8,9;
9,34;
34,9;
10,11;
11,10;
10,34;
34,10;
10,38;
38,10;
10,39;
39,10;
11,10;
10,11;
11,29;
29,11;
11,39;
39,11;
12,13;
13,12;
12,29;
29,12;
12,30;
30,12;
13,12;
12,13;
13,29;
29,13;
13,30;
30,13;
14,15;
15,14;
14,40;
40,14;
14,41;
41,14;
15,14;
14,15;
15,16;
16,15;
15,40;
40,15;
15,42;
42,15;
16,15;
15,16;
16,17;
17,16;
16,42;
42,16;
17,16;
16,17;
17,18;
18,17;
17,42;
42,17;
18,17;
17,18;
18,19;
19,18;
18,20;
20,18;
19,18;
18,19;
19,20;
20,19;
19,21;
21,19;
20,18;
18,20;
20,19;
19,20;
20,21;
21,20;
20,22;
22,20;
21,19;
19,21;
21,20;
20,21;
21,22;
22,21;
21,23;
23,21;
22,20;
20,22;
22,21;
21,22;
22,23;
23,22;
22,24;
24,22;
22,25;
25,22;
23,21;
21,23;
23,22;
22,23;
23,24;
24,23;
23,25;
25,23;
24,22;
22,24;
24,23;
23,24;
24,25;
25,24;
25,22;
22,25;
25,23;
23,25;
25,24;
24,25;
26,3;
3,26;
26,4;
4,26;
26,32;
32,26;
27,1;
1,27;
27,2;
2,27;
27,3;
3,27;
27,28;
28,27;
28,1;
1,28;
28,2;
2,28;
28,27;
27,28;
29,11;
11,29;
29,12;
12,29;
29,13;
13,29;
30,12;
12,30;
30,13;
13,30;
30,40;
40,30;
30,41;
41,30;
31,5;
5,31;
31,32;
32,31;
31,35;
35,31;
31,36;
36,31;
32,4;
4,32;
32,26;
26,32;
32,31;
31,32;
32,36;
36,32;
33,7;
7,33;
33,8;
8,33;
33,35;
35,33;
33,37;
37,33;
34,9;
9,34;
34,10;
10,34;
34,38;
38,34;
34,39;
39,34;
35,6;
6,35;
35,31;
31,35;
35,33;
33,35;
35,36;
36,35;
35,37;
37,35;
36,5;
5,36;
36,31;
31,36;
36,32;
32,36;
36,35;
35,36;
36,37;
37,36;
37,6;
6,37;
37,33;
33,37;
37,35;
35,37;
37,36;
36,37;
38,10;
10,38;
38,34;
34,38;
38,39;
39,38;
39,10;
10,39;
39,11;
11,39;
39,34;
34,39;
39,38;
38,39;
40,14;
14,40;
40,15;
15,40;
40,30;
30,40;
40,41;
41,40;
41,14;
14,41;
41,30;
30,41;
41,40;
40,41;
42,15;
15,42;
42,16;
16,42;
42,17;
17,42;
}
label = {
1,1;
2,1;
3,1;
4,1;
5,1;
6,1;
7,1;
8,1;
9,1;
10,1;
11,1;
12,1;
13,1;
14,1;
15,1;
16,1;
17,1;
18,1;
19,1;
20,1;
21,1;
22,1;
23,1;
24,1;
25,1;
26,2;
27,2;
28,2;
29,2;
30,2;
31,2;
32,2;
33,2;
34,2;
35,2;
36,2;
37,2;
38,2;
39,2;
40,2;
41,2;
42,2;
}