edge = {
1,8;
8,1;
1,13;
13,1;
1,14;
14,1;
2,3;
3,2;
2,8;
8,2;
2,10;
10,2;
2,11;
11,2;
3,2;
2,3;
3,10;
10,3;
3,11;
11,3;
4,5;
5,4;
4,6;
6,4;
4,7;
7,4;
5,4;
4,5;
5,6;
6,5;
5,7;
7,5;
6,4;
4,6;
6,5;
5,6;
6,7;
7,6;
7,4;
4,7;
7,5;
5,7;
7,6;
6,7;
8,1;
1,8;
8,2;
2,8;
8,11;
11,8;
8,13;
13,8;
8,14;
14,8;
9,12;
12,9;
9,13;
13,9;
9,14;
14,9;
10,2;
2,10;
10,3;
3,10;
10,11;
11,10;
11,2;
2,11;
11,3;
3,11;
11,8;
8,11;
11,10;
10,11;
12,9;
9,12;
12,13;
13,12;
12,14;
14,12;
13,1;
1,13;
13,8;
8,13;
13,9;
9,13;
13,12;
12,13;
13,14;
14,13;
14,1;
1,14;
14,8;
8,14;
14,9;
9,14;
14,12;
12,14;
14,13;
13,14;
}
label = {
1,1;
2,1;
3,1;
4,1;
5,1;
6,1;
7,1;
8,2;
9,2;
10,2;
11,2;
12,2;
13,2;
14,2;
}