edge = {
1,11;
11,1;
1,14;
14,1;
1,15;
15,1;
2,5;
5,2;
2,7;
7,2;
2,12;
12,2;
3,4;
4,3;
3,8;
8,3;
3,9;
9,3;
3,14;
14,3;
3,15;
15,3;
3,16;
16,3;
4,3;
3,4;
4,9;
9,4;
4,16;
16,4;
5,2;
2,5;
5,6;
6,5;
5,7;
7,5;
5,10;
10,5;
5,12;
12,5;
5,13;
13,5;
6,5;
5,6;
6,11;
11,6;
6,13;
13,6;
7,2;
2,7;
7,5;
5,7;
7,12;
12,7;
8,3;
3,8;
8,14;
14,8;
8,15;
15,8;
8,16;
16,8;
9,3;
3,9;
9,4;
4,9;
9,16;
16,9;
10,5;
5,10;
10,12;
12,10;
10,13;
13,10;
11,1;
1,11;
11,6;
6,11;
11,13;
13,11;
11,14;
14,11;
12,2;
2,12;
12,5;
5,12;
12,7;
7,12;
12,10;
10,12;
12,13;
13,12;
13,5;
5,13;
13,6;
6,13;
13,10;
10,13;
13,11;
11,13;
13,12;
12,13;
14,1;
1,14;
14,3;
3,14;
14,8;
8,14;
14,11;
11,14;
14,15;
15,14;
15,1;
1,15;
15,3;
3,15;
15,8;
8,15;
15,14;
14,15;
16,3;
3,16;
16,4;
4,16;
16,8;
8,16;
16,9;
9,16;
}
label = {
1,1;
2,2;
3,2;
4,2;
5,2;
6,2;
7,2;
8,2;
9,2;
10,2;
11,2;
12,3;
13,3;
14,3;
15,3;
16,3;
}