edge = {
1,12;
12,1;
1,25;
25,1;
1,26;
26,1;
2,22;
22,2;
2,24;
24,2;
2,28;
28,2;
2,30;
30,2;
2,31;
31,2;
3,8;
8,3;
4,9;
9,4;
4,25;
25,4;
4,26;
26,4;
5,10;
10,5;
6,11;
11,6;
6,21;
21,6;
6,23;
23,6;
6,24;
24,6;
7,12;
12,7;
7,22;
22,7;
7,24;
24,7;
8,3;
3,8;
8,23;
23,8;
9,4;
4,9;
9,27;
27,9;
10,5;
5,10;
10,27;
27,10;
11,6;
6,11;
11,16;
16,11;
11,23;
23,11;
12,1;
1,12;
12,7;
7,12;
12,22;
22,12;
12,25;
25,12;
13,18;
18,13;
14,19;
19,14;
14,32;
32,14;
15,20;
20,15;
15,32;
32,15;
16,11;
11,16;
16,21;
21,16;
16,23;
23,16;
16,29;
29,16;
17,22;
22,17;
17,29;
29,17;
18,13;
13,18;
18,28;
28,18;
19,14;
14,19;
19,31;
31,19;
20,15;
15,20;
21,6;
6,21;
21,16;
16,21;
21,28;
28,21;
22,2;
2,22;
22,7;
7,22;
22,12;
12,22;
22,17;
17,22;
23,6;
6,23;
23,8;
8,23;
23,11;
11,23;
23,16;
16,23;
23,29;
29,23;
24,2;
2,24;
24,6;
6,24;
24,7;
7,24;
24,28;
28,24;
25,1;
1,25;
25,4;
4,25;
25,12;
12,25;
25,26;
26,25;
26,1;
1,26;
26,4;
4,26;
26,25;
25,26;
26,27;
27,26;
26,32;
32,26;
27,9;
9,27;
27,10;
10,27;
27,26;
26,27;
27,31;
31,27;
27,32;
32,27;
28,2;
2,28;
28,18;
18,28;
28,21;
21,28;
28,24;
24,28;
28,29;
29,28;
29,16;
16,29;
29,17;
17,29;
29,23;
23,29;
29,28;
28,29;
30,2;
2,30;
30,31;
31,30;
30,32;
32,30;
31,2;
2,31;
31,19;
19,31;
31,27;
27,31;
31,30;
30,31;
31,32;
32,31;
32,14;
14,32;
32,15;
15,32;
32,26;
26,32;
32,27;
27,32;
32,30;
30,32;
32,31;
31,32;
}
label = {
1,1;
2,1;
3,2;
4,2;
5,2;
6,2;
7,2;
8,2;
9,2;
10,2;
11,2;
12,2;
13,2;
14,2;
15,2;
16,2;
17,2;
18,2;
19,2;
20,2;
21,2;
22,2;
23,3;
24,3;
25,3;
26,3;
27,3;
28,3;
29,3;
30,3;
31,3;
32,3;
}