edge = {
1,7;
7,1;
1,12;
12,1;
1,13;
13,1;
2,3;
3,2;
2,4;
4,2;
2,5;
5,2;
2,9;
9,2;
2,11;
11,2;
3,2;
2,3;
3,4;
4,3;
3,5;
5,3;
3,6;
6,3;
3,11;
11,3;
3,15;
15,3;
4,2;
2,4;
4,3;
3,4;
4,5;
5,4;
4,6;
6,4;
4,14;
14,4;
5,2;
2,5;
5,3;
3,5;
5,4;
4,5;
5,6;
6,5;
6,3;
3,6;
6,4;
4,6;
6,5;
5,6;
7,1;
1,7;
7,8;
8,7;
7,10;
10,7;
7,12;
12,7;
7,13;
13,7;
8,7;
7,8;
8,9;
9,8;
8,10;
10,8;
8,12;
12,8;
8,13;
13,8;
9,2;
2,9;
9,8;
8,9;
9,10;
10,9;
9,11;
11,9;
9,15;
15,9;
10,7;
7,10;
10,8;
8,10;
10,9;
9,10;
10,11;
11,10;
11,2;
2,11;
11,3;
3,11;
11,9;
9,11;
11,10;
10,11;
11,14;
14,11;
11,15;
15,11;
11,16;
16,11;
12,1;
1,12;
12,7;
7,12;
12,8;
8,12;
12,13;
13,12;
13,1;
1,13;
13,7;
7,13;
13,8;
8,13;
13,12;
12,13;
14,4;
4,14;
14,11;
11,14;
14,15;
15,14;
14,16;
16,14;
15,3;
3,15;
15,9;
9,15;
15,11;
11,15;
15,14;
14,15;
15,16;
16,15;
16,11;
11,16;
16,14;
14,16;
16,15;
15,16;
}
label = {
1,1;
2,1;
3,1;
4,1;
5,1;
6,1;
7,2;
8,2;
9,2;
10,2;
11,2;
12,2;
13,2;
14,2;
15,2;
16,2;
}