edge = {
1,2;
2,1;
1,12;
12,1;
1,21;
21,1;
1,29;
29,1;
1,30;
30,1;
2,1;
1,2;
2,12;
12,2;
2,29;
29,2;
2,30;
30,2;
3,9;
9,3;
3,13;
13,3;
3,15;
15,3;
3,32;
32,3;
3,37;
37,3;
4,5;
5,4;
4,8;
8,4;
4,13;
13,4;
4,33;
33,4;
5,4;
4,5;
5,8;
8,5;
5,33;
33,5;
6,7;
7,6;
6,21;
21,6;
6,29;
29,6;
6,35;
35,6;
7,6;
6,7;
7,34;
34,7;
7,35;
35,7;
8,4;
4,8;
8,5;
5,8;
8,22;
22,8;
8,24;
24,8;
8,37;
37,8;
9,3;
3,9;
9,10;
10,9;
9,13;
13,9;
9,22;
22,9;
9,38;
38,9;
10,9;
9,10;
10,38;
38,10;
11,12;
12,11;
11,19;
19,11;
11,21;
21,11;
11,28;
28,11;
11,34;
34,11;
12,1;
1,12;
12,2;
2,12;
12,11;
11,12;
12,19;
19,12;
12,29;
29,12;
12,34;
34,12;
13,3;
3,13;
13,4;
4,13;
13,9;
9,13;
13,15;
15,13;
13,24;
24,13;
14,15;
15,14;
14,16;
16,14;
14,24;
24,14;
14,32;
32,14;
15,3;
3,15;
15,13;
13,15;
15,14;
14,15;
15,22;
22,15;
15,23;
23,15;
15,32;
32,15;
15,37;
37,15;
16,14;
14,16;
16,17;
17,16;
16,26;
26,16;
16,31;
31,16;
16,36;
36,16;
17,16;
16,17;
17,25;
25,17;
17,30;
30,17;
17,31;
31,17;
17,36;
36,17;
18,33;
33,18;
18,38;
38,18;
19,11;
11,19;
19,12;
12,19;
19,20;
20,19;
19,21;
21,19;
19,28;
28,19;
19,29;
29,19;
20,19;
19,20;
20,28;
28,20;
20,34;
34,20;
21,1;
1,21;
21,6;
6,21;
21,11;
11,21;
21,19;
19,21;
21,34;
34,21;
22,8;
8,22;
22,9;
9,22;
22,15;
15,22;
22,24;
24,22;
23,15;
15,23;
23,24;
24,23;
23,25;
25,23;
23,37;
37,23;
24,8;
8,24;
24,13;
13,24;
24,14;
14,24;
24,22;
22,24;
24,23;
23,24;
24,32;
32,24;
24,37;
37,24;
25,17;
17,25;
25,23;
23,25;
25,26;
26,25;
25,36;
36,25;
26,16;
16,26;
26,25;
25,26;
26,35;
35,26;
26,36;
36,26;
27,38;
38,27;
28,11;
11,28;
28,19;
19,28;
28,20;
20,28;
29,1;
1,29;
29,2;
2,29;
29,6;
6,29;
29,12;
12,29;
29,19;
19,29;
30,1;
1,30;
30,2;
2,30;
30,17;
17,30;
30,31;
31,30;
31,16;
16,31;
31,17;
17,31;
31,30;
30,31;
32,3;
3,32;
32,14;
14,32;
32,15;
15,32;
32,24;
24,32;
33,4;
4,33;
33,5;
5,33;
33,18;
18,33;
33,38;
38,33;
34,7;
7,34;
34,11;
11,34;
34,12;
12,34;
34,20;
20,34;
34,21;
21,34;
35,6;
6,35;
35,7;
7,35;
35,26;
26,35;
35,36;
36,35;
36,16;
16,36;
36,17;
17,36;
36,25;
25,36;
36,26;
26,36;
36,35;
35,36;
37,3;
3,37;
37,8;
8,37;
37,15;
15,37;
37,23;
23,37;
37,24;
24,37;
38,9;
9,38;
38,10;
10,38;
38,18;
18,38;
38,27;
27,38;
38,33;
33,38;
}
label = {
1,1;
2,1;
3,1;
4,1;
5,1;
6,1;
7,1;
8,1;
9,1;
10,1;
11,2;
12,2;
13,2;
14,2;
15,2;
16,2;
17,2;
18,2;
19,2;
20,2;
21,2;
22,2;
23,2;
24,2;
25,2;
26,2;
27,2;
28,2;
29,3;
30,3;
31,3;
32,3;
33,3;
34,3;
35,3;
36,3;
37,3;
38,3;
}