edge = {
1,2;
2,1;
1,3;
3,1;
1,4;
4,1;
1,9;
9,1;
2,1;
1,2;
2,3;
3,2;
2,4;
4,2;
2,14;
14,2;
3,1;
1,3;
3,2;
2,3;
3,4;
4,3;
3,6;
6,3;
4,1;
1,4;
4,2;
2,4;
4,3;
3,4;
4,11;
11,4;
4,12;
12,4;
5,8;
8,5;
5,10;
10,5;
5,13;
13,5;
6,3;
3,6;
6,7;
7,6;
6,11;
11,6;
6,12;
12,6;
6,14;
14,6;
7,6;
6,7;
7,11;
11,7;
7,12;
12,7;
8,5;
5,8;
8,9;
9,8;
8,10;
10,8;
8,13;
13,8;
8,14;
14,8;
9,1;
1,9;
9,8;
8,9;
9,13;
13,9;
9,14;
14,9;
10,5;
5,10;
10,8;
8,10;
10,13;
13,10;
11,4;
4,11;
11,6;
6,11;
11,7;
7,11;
11,12;
12,11;
11,14;
14,11;
12,4;
4,12;
12,6;
6,12;
12,7;
7,12;
12,11;
11,12;
13,5;
5,13;
13,8;
8,13;
13,9;
9,13;
13,10;
10,13;
14,2;
2,14;
14,6;
6,14;
14,8;
8,14;
14,9;
9,14;
14,11;
11,14;
}
label = {
1,1;
2,1;
3,1;
4,1;
5,2;
6,2;
7,2;
8,2;
9,2;
10,2;
11,2;
12,2;
13,2;
14,2;
}