edge = {
1,2;
2,1;
1,3;
3,1;
1,5;
5,1;
1,6;
6,1;
2,1;
1,2;
2,3;
3,2;
2,5;
5,2;
2,11;
11,2;
2,19;
19,2;
3,1;
1,3;
3,2;
2,3;
3,11;
11,3;
3,16;
16,3;
3,17;
17,3;
4,5;
5,4;
4,6;
6,4;
4,21;
21,4;
4,29;
29,4;
5,1;
1,5;
5,2;
2,5;
5,4;
4,5;
5,26;
26,5;
5,27;
27,5;
6,1;
1,6;
6,4;
4,6;
6,14;
14,6;
6,24;
24,6;
6,34;
34,6;
6,39;
39,6;
7,8;
8,7;
7,19;
19,7;
7,29;
29,7;
7,39;
39,7;
8,7;
7,8;
8,11;
11,8;
8,16;
16,8;
8,21;
21,8;
8,31;
31,8;
9,11;
11,9;
9,16;
16,9;
9,21;
21,9;
9,36;
36,9;
9,37;
37,9;
10,15;
15,10;
11,2;
2,11;
11,3;
3,11;
11,8;
8,11;
11,9;
9,11;
11,16;
16,11;
12,17;
17,12;
13,15;
15,13;
13,18;
18,13;
13,28;
28,13;
13,38;
38,13;
14,6;
6,14;
14,18;
18,14;
14,19;
19,14;
15,10;
10,15;
15,13;
13,15;
16,3;
3,16;
16,8;
8,16;
16,9;
9,16;
16,11;
11,16;
17,3;
3,17;
17,12;
12,17;
18,13;
13,18;
18,14;
14,18;
18,23;
23,18;
18,33;
33,18;
19,2;
2,19;
19,7;
7,19;
19,14;
14,19;
19,39;
39,19;
20,25;
25,20;
21,4;
4,21;
21,8;
8,21;
21,9;
9,21;
21,26;
26,21;
22,27;
27,22;
23,18;
18,23;
23,25;
25,23;
23,28;
28,23;
23,38;
38,23;
24,6;
6,24;
24,28;
28,24;
24,29;
29,24;
25,20;
20,25;
25,23;
23,25;
26,5;
5,26;
26,21;
21,26;
27,5;
5,27;
27,22;
22,27;
28,13;
13,28;
28,23;
23,28;
28,24;
24,28;
29,4;
4,29;
29,7;
7,29;
29,24;
24,29;
29,39;
39,29;
30,33;
33,30;
30,35;
35,30;
31,8;
8,31;
31,36;
36,31;
32,37;
37,32;
33,18;
18,33;
33,30;
30,33;
33,38;
38,33;
34,6;
6,34;
34,38;
38,34;
35,30;
30,35;
36,9;
9,36;
36,31;
31,36;
37,9;
9,37;
37,32;
32,37;
38,13;
13,38;
38,23;
23,38;
38,33;
33,38;
38,34;
34,38;
39,6;
6,39;
39,7;
7,39;
39,19;
19,39;
39,29;
29,39;
}
label = {
1,1;
2,1;
3,1;
4,1;
5,1;
6,1;
7,1;
8,1;
9,1;
10,2;
11,2;
12,2;
13,2;
14,2;
15,2;
16,2;
17,2;
18,2;
19,2;
20,2;
21,2;
22,2;
23,2;
24,2;
25,2;
26,2;
27,2;
28,2;
29,2;
30,2;
31,2;
32,2;
33,2;
34,2;
35,2;
36,2;
37,2;
38,2;
39,2;
}