edge = {
1,8;
8,1;
1,9;
9,1;
1,14;
14,1;
2,3;
3,2;
2,4;
4,2;
2,13;
13,2;
2,19;
19,2;
3,2;
2,3;
3,4;
4,3;
3,19;
19,3;
4,2;
2,4;
4,3;
3,4;
4,5;
5,4;
4,10;
10,4;
4,16;
16,4;
4,19;
19,4;
5,4;
4,5;
5,10;
10,5;
5,11;
11,5;
5,16;
16,5;
6,7;
7,6;
6,11;
11,6;
6,17;
17,6;
7,6;
6,7;
7,11;
11,7;
7,17;
17,7;
8,1;
1,8;
8,9;
9,8;
8,14;
14,8;
8,15;
15,8;
9,1;
1,9;
9,8;
8,9;
9,12;
12,9;
9,14;
14,9;
9,15;
15,9;
9,18;
18,9;
10,4;
4,10;
10,5;
5,10;
10,16;
16,10;
11,5;
5,11;
11,6;
6,11;
11,7;
7,11;
11,17;
17,11;
12,9;
9,12;
12,13;
13,12;
12,18;
18,12;
13,2;
2,13;
13,12;
12,13;
13,18;
18,13;
13,19;
19,13;
14,1;
1,14;
14,8;
8,14;
14,9;
9,14;
14,15;
15,14;
15,8;
8,15;
15,9;
9,15;
15,14;
14,15;
16,4;
4,16;
16,5;
5,16;
16,10;
10,16;
17,6;
6,17;
17,7;
7,17;
17,11;
11,17;
18,9;
9,18;
18,12;
12,18;
18,13;
13,18;
19,2;
2,19;
19,3;
3,19;
19,4;
4,19;
19,13;
13,19;
}
label = {
1,1;
2,1;
3,1;
4,1;
5,1;
6,1;
7,1;
8,2;
9,2;
10,2;
11,2;
12,2;
13,2;
14,2;
15,2;
16,2;
17,2;
18,2;
19,2;
}