edge = {
1,2;
2,1;
1,16;
16,1;
1,17;
17,1;
2,1;
1,2;
2,6;
6,2;
2,16;
16,2;
2,17;
17,2;
3,4;
4,3;
3,7;
7,3;
3,9;
9,3;
3,19;
19,3;
4,3;
3,4;
4,7;
7,4;
4,14;
14,4;
4,20;
20,4;
5,6;
6,5;
5,13;
13,5;
5,16;
16,5;
6,2;
2,6;
6,5;
5,6;
6,13;
13,6;
6,16;
16,6;
7,3;
3,7;
7,4;
4,7;
7,9;
9,7;
7,14;
14,7;
7,15;
15,7;
8,9;
9,8;
8,10;
10,8;
8,19;
19,8;
9,3;
3,9;
9,7;
7,9;
9,8;
8,9;
9,19;
19,9;
10,8;
8,10;
10,11;
11,10;
10,17;
17,10;
10,18;
18,10;
10,19;
19,10;
11,10;
10,11;
11,17;
17,11;
11,18;
18,11;
12,14;
14,12;
12,15;
15,12;
12,20;
20,12;
13,5;
5,13;
13,6;
6,13;
13,16;
16,13;
14,4;
4,14;
14,7;
7,14;
14,12;
12,14;
14,15;
15,14;
14,20;
20,14;
15,7;
7,15;
15,12;
12,15;
15,14;
14,15;
15,20;
20,15;
16,1;
1,16;
16,2;
2,16;
16,5;
5,16;
16,6;
6,16;
16,13;
13,16;
17,1;
1,17;
17,2;
2,17;
17,10;
10,17;
17,11;
11,17;
17,18;
18,17;
18,10;
10,18;
18,11;
11,18;
18,17;
17,18;
19,3;
3,19;
19,8;
8,19;
19,9;
9,19;
19,10;
10,19;
20,4;
4,20;
20,12;
12,20;
20,14;
14,20;
20,15;
15,20;
}
label = {
1,1;
2,1;
3,1;
4,1;
5,2;
6,2;
7,2;
8,2;
9,2;
10,2;
11,2;
12,2;
13,2;
14,2;
15,2;
16,3;
17,3;
18,3;
19,3;
20,3;
}