edge = {
1,7;
7,1;
1,8;
8,1;
1,16;
16,1;
2,3;
3,2;
2,18;
18,2;
2,19;
19,2;
2,25;
25,2;
2,27;
27,2;
3,2;
2,3;
3,13;
13,3;
3,20;
20,3;
3,22;
22,3;
3,25;
25,3;
4,9;
9,4;
4,14;
14,4;
4,15;
15,4;
4,30;
30,4;
4,35;
35,4;
5,6;
6,5;
5,11;
11,5;
5,12;
12,5;
5,13;
13,5;
5,32;
32,5;
5,34;
34,5;
6,5;
5,6;
6,20;
20,6;
6,34;
34,6;
6,37;
37,6;
7,1;
1,7;
7,8;
8,7;
7,24;
24,7;
7,35;
35,7;
7,39;
39,7;
8,1;
1,8;
8,7;
7,8;
8,9;
9,8;
8,14;
14,8;
9,4;
4,9;
9,8;
8,9;
9,10;
10,9;
9,17;
17,9;
10,9;
9,10;
10,11;
11,10;
10,16;
16,10;
11,5;
5,11;
11,10;
10,11;
11,12;
12,11;
11,13;
13,11;
12,5;
5,12;
12,11;
11,12;
12,13;
13,12;
13,3;
3,13;
13,5;
5,13;
13,11;
11,13;
13,12;
12,13;
13,20;
20,13;
14,4;
4,14;
14,8;
8,14;
14,15;
15,14;
14,16;
16,14;
15,4;
4,15;
15,14;
14,15;
15,16;
16,15;
16,1;
1,16;
16,10;
10,16;
16,14;
14,16;
16,15;
15,16;
16,17;
17,16;
17,9;
9,17;
17,16;
16,17;
17,18;
18,17;
18,2;
2,18;
18,17;
17,18;
18,19;
19,18;
18,20;
20,18;
19,2;
2,19;
19,18;
18,19;
19,20;
20,19;
20,3;
3,20;
20,6;
6,20;
20,13;
13,20;
20,18;
18,20;
20,19;
19,20;
21,24;
24,21;
21,28;
28,21;
21,29;
29,21;
21,30;
30,21;
22,3;
3,22;
22,25;
25,22;
22,34;
34,22;
22,37;
37,22;
23,24;
24,23;
23,35;
35,23;
23,36;
36,23;
23,38;
38,23;
23,39;
39,23;
24,7;
7,24;
24,21;
21,24;
24,23;
23,24;
24,35;
35,24;
24,39;
39,24;
25,2;
2,25;
25,3;
3,25;
25,22;
22,25;
25,27;
27,25;
25,34;
34,25;
25,37;
37,25;
26,27;
27,26;
26,28;
28,26;
26,32;
32,26;
26,33;
33,26;
27,2;
2,27;
27,25;
25,27;
27,26;
26,27;
27,32;
32,27;
27,33;
33,27;
27,34;
34,27;
28,21;
21,28;
28,26;
26,28;
28,29;
29,28;
28,30;
30,28;
28,31;
31,28;
29,21;
21,29;
29,28;
28,29;
29,30;
30,29;
29,31;
31,29;
30,4;
4,30;
30,21;
21,30;
30,28;
28,30;
30,29;
29,30;
30,31;
31,30;
31,28;
28,31;
31,29;
29,31;
31,30;
30,31;
31,33;
33,31;
32,5;
5,32;
32,26;
26,32;
32,27;
27,32;
32,33;
33,32;
32,34;
34,32;
33,26;
26,33;
33,27;
27,33;
33,31;
31,33;
33,32;
32,33;
34,5;
5,34;
34,6;
6,34;
34,22;
22,34;
34,25;
25,34;
34,27;
27,34;
34,32;
32,34;
34,37;
37,34;
35,4;
4,35;
35,7;
7,35;
35,23;
23,35;
35,24;
24,35;
35,36;
36,35;
35,39;
39,35;
36,23;
23,36;
36,35;
35,36;
36,38;
38,36;
36,39;
39,36;
37,6;
6,37;
37,22;
22,37;
37,25;
25,37;
37,34;
34,37;
38,23;
23,38;
38,36;
36,38;
38,39;
39,38;
39,7;
7,39;
39,23;
23,39;
39,24;
24,39;
39,35;
35,39;
39,36;
36,39;
39,38;
38,39;
}
label = {
1,1;
2,1;
3,1;
4,1;
5,1;
6,1;
7,1;
8,1;
9,1;
10,1;
11,1;
12,1;
13,1;
14,1;
15,1;
16,1;
17,1;
18,1;
19,1;
20,1;
21,2;
22,2;
23,2;
24,2;
25,2;
26,2;
27,2;
28,2;
29,2;
30,2;
31,2;
32,2;
33,2;
34,2;
35,2;
36,2;
37,2;
38,2;
39,2;
}