edge = {
1,7;
7,1;
1,8;
8,1;
1,16;
16,1;
2,3;
3,2;
2,18;
18,2;
2,19;
19,2;
2,23;
23,2;
2,25;
25,2;
3,2;
2,3;
3,13;
13,3;
3,20;
20,3;
3,25;
25,3;
3,28;
28,3;
4,9;
9,4;
4,14;
14,4;
4,15;
15,4;
4,29;
29,4;
4,34;
34,4;
5,6;
6,5;
5,11;
11,5;
5,12;
12,5;
5,13;
13,5;
5,31;
31,5;
5,33;
33,5;
6,5;
5,6;
6,20;
20,6;
6,33;
33,6;
6,36;
36,6;
7,1;
1,7;
7,8;
8,7;
7,26;
26,7;
7,34;
34,7;
7,38;
38,7;
8,1;
1,8;
8,7;
7,8;
8,9;
9,8;
8,14;
14,8;
9,4;
4,9;
9,8;
8,9;
9,10;
10,9;
9,17;
17,9;
10,9;
9,10;
10,11;
11,10;
10,16;
16,10;
11,5;
5,11;
11,10;
10,11;
11,12;
12,11;
11,13;
13,11;
12,5;
5,12;
12,11;
11,12;
12,13;
13,12;
13,3;
3,13;
13,5;
5,13;
13,11;
11,13;
13,12;
12,13;
13,20;
20,13;
14,4;
4,14;
14,8;
8,14;
14,15;
15,14;
14,16;
16,14;
14,40;
40,14;
15,4;
4,15;
15,14;
14,15;
15,16;
16,15;
16,1;
1,16;
16,10;
10,16;
16,14;
14,16;
16,15;
15,16;
16,17;
17,16;
17,9;
9,17;
17,16;
16,17;
17,18;
18,17;
18,2;
2,18;
18,17;
17,18;
18,19;
19,18;
18,20;
20,18;
19,2;
2,19;
19,18;
18,19;
19,20;
20,19;
20,3;
3,20;
20,6;
6,20;
20,13;
13,20;
20,18;
18,20;
20,19;
19,20;
21,22;
22,21;
21,26;
26,21;
21,30;
30,21;
22,21;
21,22;
22,24;
24,22;
22,29;
29,22;
23,2;
2,23;
23,24;
24,23;
23,25;
25,23;
23,32;
32,23;
23,33;
33,23;
24,22;
22,24;
24,23;
23,24;
24,31;
31,24;
25,2;
2,25;
25,3;
3,25;
25,23;
23,25;
25,28;
28,25;
25,31;
31,25;
25,36;
36,25;
26,7;
7,26;
26,21;
21,26;
26,27;
27,26;
26,38;
38,26;
26,40;
40,26;
27,26;
26,27;
27,37;
37,27;
27,38;
38,27;
27,39;
39,27;
27,40;
40,27;
28,3;
3,28;
28,25;
25,28;
28,33;
33,28;
28,36;
36,28;
29,4;
4,29;
29,22;
22,29;
29,30;
30,29;
30,21;
21,30;
30,29;
29,30;
30,32;
32,30;
31,5;
5,31;
31,24;
24,31;
31,25;
25,31;
31,32;
32,31;
31,33;
33,31;
32,23;
23,32;
32,30;
30,32;
32,31;
31,32;
33,5;
5,33;
33,6;
6,33;
33,23;
23,33;
33,28;
28,33;
33,31;
31,33;
33,36;
36,33;
34,4;
4,34;
34,7;
7,34;
34,35;
35,34;
34,38;
38,34;
34,40;
40,34;
35,34;
34,35;
35,37;
37,35;
35,39;
39,35;
36,6;
6,36;
36,25;
25,36;
36,28;
28,36;
36,33;
33,36;
37,27;
27,37;
37,35;
35,37;
37,38;
38,37;
38,7;
7,38;
38,26;
26,38;
38,27;
27,38;
38,34;
34,38;
38,37;
37,38;
38,40;
40,38;
39,27;
27,39;
39,35;
35,39;
39,40;
40,39;
40,14;
14,40;
40,26;
26,40;
40,27;
27,40;
40,34;
34,40;
40,38;
38,40;
40,39;
39,40;
}
label = {
1,1;
2,1;
3,1;
4,1;
5,1;
6,1;
7,1;
8,1;
9,1;
10,1;
11,1;
12,1;
13,1;
14,1;
15,1;
16,1;
17,1;
18,1;
19,1;
20,1;
21,2;
22,2;
23,2;
24,2;
25,2;
26,2;
27,2;
28,2;
29,2;
30,2;
31,2;
32,2;
33,2;
34,2;
35,2;
36,2;
37,2;
38,2;
39,2;
40,2;
}