edge = {
1,7;
7,1;
1,8;
8,1;
1,17;
17,1;
2,3;
3,2;
2,19;
19,2;
2,20;
20,2;
2,21;
21,2;
2,24;
24,2;
2,26;
26,2;
3,2;
2,3;
3,14;
14,3;
3,21;
21,3;
3,26;
26,3;
3,29;
29,3;
4,9;
9,4;
4,15;
15,4;
4,16;
16,4;
4,30;
30,4;
4,35;
35,4;
5,6;
6,5;
5,11;
11,5;
5,12;
12,5;
5,13;
13,5;
5,32;
32,5;
5,34;
34,5;
6,5;
5,6;
6,13;
13,6;
6,34;
34,6;
6,37;
37,6;
7,1;
1,7;
7,8;
8,7;
7,27;
27,7;
7,35;
35,7;
7,39;
39,7;
8,1;
1,8;
8,7;
7,8;
8,9;
9,8;
8,15;
15,8;
9,4;
4,9;
9,8;
8,9;
9,10;
10,9;
9,18;
18,9;
9,30;
30,9;
10,9;
9,10;
10,11;
11,10;
10,17;
17,10;
11,5;
5,11;
11,10;
10,11;
11,12;
12,11;
11,13;
13,11;
12,5;
5,12;
12,11;
11,12;
12,13;
13,12;
13,5;
5,13;
13,6;
6,13;
13,11;
11,13;
13,12;
12,13;
13,14;
14,13;
13,21;
21,13;
14,3;
3,14;
14,13;
13,14;
14,21;
21,14;
15,4;
4,15;
15,8;
8,15;
15,16;
16,15;
15,17;
17,15;
16,4;
4,16;
16,15;
15,16;
16,17;
17,16;
17,1;
1,17;
17,10;
10,17;
17,15;
15,17;
17,16;
16,17;
17,18;
18,17;
18,9;
9,18;
18,17;
17,18;
18,19;
19,18;
19,2;
2,19;
19,18;
18,19;
19,20;
20,19;
19,21;
21,19;
20,2;
2,20;
20,19;
19,20;
20,21;
21,20;
21,2;
2,21;
21,3;
3,21;
21,13;
13,21;
21,14;
14,21;
21,19;
19,21;
21,20;
20,21;
22,23;
23,22;
22,27;
27,22;
22,31;
31,22;
23,22;
22,23;
23,25;
25,23;
23,30;
30,23;
24,2;
2,24;
24,25;
25,24;
24,26;
26,24;
24,33;
33,24;
24,34;
34,24;
25,23;
23,25;
25,24;
24,25;
25,32;
32,25;
26,2;
2,26;
26,3;
3,26;
26,24;
24,26;
26,29;
29,26;
26,32;
32,26;
26,37;
37,26;
27,7;
7,27;
27,22;
22,27;
27,28;
28,27;
27,39;
39,27;
28,27;
27,28;
28,35;
35,28;
28,38;
38,28;
28,39;
39,28;
29,3;
3,29;
29,26;
26,29;
29,34;
34,29;
29,37;
37,29;
30,4;
4,30;
30,9;
9,30;
30,23;
23,30;
30,31;
31,30;
31,22;
22,31;
31,30;
30,31;
31,33;
33,31;
32,5;
5,32;
32,25;
25,32;
32,26;
26,32;
32,33;
33,32;
32,34;
34,32;
33,24;
24,33;
33,31;
31,33;
33,32;
32,33;
34,5;
5,34;
34,6;
6,34;
34,24;
24,34;
34,29;
29,34;
34,32;
32,34;
34,37;
37,34;
35,4;
4,35;
35,7;
7,35;
35,28;
28,35;
35,36;
36,35;
35,39;
39,35;
36,35;
35,36;
36,38;
38,36;
36,39;
39,36;
37,6;
6,37;
37,26;
26,37;
37,29;
29,37;
37,34;
34,37;
38,28;
28,38;
38,36;
36,38;
38,39;
39,38;
39,7;
7,39;
39,27;
27,39;
39,28;
28,39;
39,35;
35,39;
39,36;
36,39;
39,38;
38,39;
}
label = {
1,1;
2,1;
3,1;
4,1;
5,1;
6,1;
7,1;
8,1;
9,1;
10,1;
11,1;
12,1;
13,1;
14,1;
15,1;
16,1;
17,1;
18,1;
19,1;
20,1;
21,1;
22,2;
23,2;
24,2;
25,2;
26,2;
27,2;
28,2;
29,2;
30,2;
31,2;
32,2;
33,2;
34,2;
35,2;
36,2;
37,2;
38,2;
39,2;
}