edge = {
1,2;
2,1;
1,19;
19,1;
1,23;
23,1;
2,1;
1,2;
2,19;
19,2;
2,22;
22,2;
2,23;
23,2;
3,21;
21,3;
3,22;
22,3;
3,24;
24,3;
4,5;
5,4;
4,6;
6,4;
4,7;
7,4;
4,20;
20,4;
4,25;
25,4;
5,4;
4,5;
5,6;
6,5;
5,7;
7,5;
6,4;
4,6;
6,5;
5,6;
6,7;
7,6;
6,8;
8,6;
7,4;
4,7;
7,5;
5,7;
7,6;
6,7;
7,8;
8,7;
8,6;
6,8;
8,7;
7,8;
8,29;
29,8;
9,27;
27,9;
9,28;
28,9;
9,30;
30,9;
9,31;
31,9;
10,11;
11,10;
10,30;
30,10;
10,31;
31,10;
11,10;
10,11;
11,12;
12,11;
11,36;
36,11;
12,11;
11,12;
12,13;
13,12;
12,36;
36,12;
13,12;
12,13;
13,14;
14,13;
13,35;
35,13;
13,36;
36,13;
14,13;
13,14;
14,34;
34,14;
14,35;
35,14;
15,16;
16,15;
15,33;
33,15;
15,34;
34,15;
16,15;
15,16;
16,17;
17,16;
16,18;
18,16;
16,32;
32,16;
17,16;
16,17;
17,18;
18,17;
17,32;
32,17;
18,16;
16,18;
18,17;
17,18;
18,32;
32,18;
19,1;
1,19;
19,2;
2,19;
19,23;
23,19;
20,4;
4,20;
20,24;
24,20;
20,25;
25,20;
21,3;
3,21;
21,22;
22,21;
21,23;
23,21;
21,24;
24,21;
22,2;
2,22;
22,3;
3,22;
22,21;
21,22;
22,23;
23,22;
23,1;
1,23;
23,2;
2,23;
23,19;
19,23;
23,21;
21,23;
23,22;
22,23;
24,3;
3,24;
24,20;
20,24;
24,21;
21,24;
24,25;
25,24;
25,4;
4,25;
25,20;
20,25;
25,24;
24,25;
26,27;
27,26;
26,28;
28,26;
26,29;
29,26;
27,9;
9,27;
27,26;
26,27;
27,28;
28,27;
27,29;
29,27;
27,30;
30,27;
28,9;
9,28;
28,26;
26,28;
28,27;
27,28;
28,29;
29,28;
29,8;
8,29;
29,26;
26,29;
29,27;
27,29;
29,28;
28,29;
30,9;
9,30;
30,10;
10,30;
30,27;
27,30;
30,31;
31,30;
31,9;
9,31;
31,10;
10,31;
31,30;
30,31;
32,16;
16,32;
32,17;
17,32;
32,18;
18,32;
33,15;
15,33;
33,34;
34,33;
33,35;
35,33;
34,14;
14,34;
34,15;
15,34;
34,33;
33,34;
34,35;
35,34;
35,13;
13,35;
35,14;
14,35;
35,33;
33,35;
35,34;
34,35;
36,11;
11,36;
36,12;
12,36;
36,13;
13,36;
}
label = {
1,1;
2,1;
3,1;
4,1;
5,1;
6,1;
7,1;
8,1;
9,1;
10,1;
11,1;
12,1;
13,1;
14,1;
15,1;
16,1;
17,1;
18,1;
19,2;
20,2;
21,2;
22,2;
23,2;
24,2;
25,2;
26,2;
27,2;
28,2;
29,2;
30,2;
31,2;
32,2;
33,2;
34,2;
35,2;
36,2;
}