edge = {
1,17;
17,1;
1,29;
29,1;
2,5;
5,2;
2,8;
8,2;
2,9;
9,2;
2,14;
14,2;
2,20;
20,2;
3,6;
6,3;
3,12;
12,3;
3,18;
18,3;
3,24;
24,3;
4,5;
5,4;
4,17;
17,4;
4,20;
20,4;
4,29;
29,4;
5,2;
2,5;
5,4;
4,5;
5,8;
8,5;
5,21;
21,5;
5,26;
26,5;
6,3;
3,6;
6,12;
12,6;
7,10;
10,7;
7,13;
13,7;
8,2;
2,8;
8,5;
5,8;
8,14;
14,8;
8,17;
17,8;
9,2;
2,9;
9,15;
15,9;
10,7;
7,10;
10,16;
16,10;
10,28;
28,10;
11,16;
16,11;
11,17;
17,11;
11,29;
29,11;
12,3;
3,12;
12,6;
6,12;
12,13;
13,12;
13,7;
7,13;
13,12;
12,13;
14,2;
2,14;
14,8;
8,14;
15,9;
9,15;
16,10;
10,16;
16,11;
11,16;
16,22;
22,16;
17,1;
1,17;
17,4;
4,17;
17,8;
8,17;
17,11;
11,17;
17,29;
29,17;
18,3;
3,18;
18,24;
24,18;
18,25;
25,18;
19,25;
25,19;
19,28;
28,19;
20,2;
2,20;
20,4;
4,20;
20,26;
26,20;
21,5;
5,21;
21,27;
27,21;
22,16;
16,22;
22,23;
23,22;
22,28;
28,22;
23,22;
22,23;
23,29;
29,23;
24,3;
3,24;
24,18;
18,24;
25,18;
18,25;
25,19;
19,25;
26,5;
5,26;
26,20;
20,26;
27,21;
21,27;
28,10;
10,28;
28,19;
19,28;
28,22;
22,28;
29,1;
1,29;
29,4;
4,29;
29,11;
11,29;
29,17;
17,29;
29,23;
23,29;
}
label = {
1,1;
2,1;
3,1;
4,1;
5,1;
6,2;
7,2;
8,2;
9,2;
10,2;
11,2;
12,2;
13,2;
14,2;
15,2;
16,2;
17,2;
18,2;
19,2;
20,2;
21,2;
22,2;
23,2;
24,2;
25,2;
26,2;
27,2;
28,2;
29,2;
}