edge = {
1,2;
2,1;
1,7;
7,1;
1,9;
9,1;
1,10;
10,1;
2,1;
1,2;
2,9;
9,2;
2,10;
10,2;
3,4;
4,3;
3,5;
5,3;
3,6;
6,3;
4,3;
3,4;
4,5;
5,4;
4,6;
6,4;
5,3;
3,5;
5,4;
4,5;
5,6;
6,5;
6,3;
3,6;
6,4;
4,6;
6,5;
5,6;
7,1;
1,7;
7,10;
10,7;
7,12;
12,7;
7,13;
13,7;
8,11;
11,8;
8,12;
12,8;
8,13;
13,8;
9,1;
1,9;
9,2;
2,9;
9,10;
10,9;
10,1;
1,10;
10,2;
2,10;
10,7;
7,10;
10,9;
9,10;
11,8;
8,11;
11,12;
12,11;
11,13;
13,11;
12,7;
7,12;
12,8;
8,12;
12,11;
11,12;
12,13;
13,12;
13,7;
7,13;
13,8;
8,13;
13,11;
11,13;
13,12;
12,13;
}
label = {
1,1;
2,1;
3,1;
4,1;
5,1;
6,1;
7,2;
8,2;
9,2;
10,2;
11,2;
12,2;
13,2;
}