edge = {
1,2;
2,1;
1,6;
6,1;
1,8;
8,1;
2,1;
1,2;
2,6;
6,2;
2,8;
8,2;
2,10;
10,2;
3,4;
4,3;
3,8;
8,3;
3,12;
12,3;
4,3;
3,4;
4,6;
6,4;
4,14;
14,4;
5,6;
6,5;
5,8;
8,5;
5,16;
16,5;
6,1;
1,6;
6,2;
2,6;
6,4;
4,6;
6,5;
5,6;
6,18;
18,6;
7,8;
8,7;
8,1;
1,8;
8,2;
2,8;
8,3;
3,8;
8,5;
5,8;
8,7;
7,8;
8,11;
11,8;
8,15;
15,8;
9,10;
10,9;
9,14;
14,9;
9,17;
17,9;
9,18;
18,9;
10,2;
2,10;
10,9;
9,10;
10,13;
13,10;
10,14;
14,10;
10,17;
17,10;
10,18;
18,10;
11,8;
8,11;
11,12;
12,11;
12,3;
3,12;
12,11;
11,12;
12,15;
15,12;
13,10;
10,13;
13,14;
14,13;
13,17;
17,13;
14,4;
4,14;
14,9;
9,14;
14,10;
10,14;
14,13;
13,14;
14,18;
18,14;
15,8;
8,15;
15,12;
12,15;
15,16;
16,15;
16,5;
5,16;
16,15;
15,16;
17,9;
9,17;
17,10;
10,17;
17,13;
13,17;
17,18;
18,17;
18,6;
6,18;
18,9;
9,18;
18,10;
10,18;
18,14;
14,18;
18,17;
17,18;
}
label = {
1,1;
2,1;
3,1;
4,1;
5,1;
6,1;
7,2;
8,2;
9,2;
10,2;
11,2;
12,2;
13,2;
14,2;
15,2;
16,2;
17,2;
18,2;
}