edge = {
1,2;
2,1;
1,4;
4,1;
1,6;
6,1;
1,10;
10,1;
2,1;
1,2;
2,3;
3,2;
2,4;
4,2;
2,6;
6,2;
2,8;
8,2;
3,2;
2,3;
3,4;
4,3;
3,6;
6,3;
3,10;
10,3;
4,1;
1,4;
4,2;
2,4;
4,3;
3,4;
4,12;
12,4;
5,6;
6,5;
5,10;
10,5;
6,1;
1,6;
6,2;
2,6;
6,3;
3,6;
6,5;
5,6;
6,9;
9,6;
7,8;
8,7;
7,11;
11,7;
7,12;
12,7;
8,2;
2,8;
8,7;
7,8;
8,11;
11,8;
8,12;
12,8;
9,6;
6,9;
9,10;
10,9;
10,1;
1,10;
10,3;
3,10;
10,5;
5,10;
10,9;
9,10;
11,7;
7,11;
11,8;
8,11;
11,12;
12,11;
12,4;
4,12;
12,7;
7,12;
12,8;
8,12;
12,11;
11,12;
}
label = {
1,1;
2,1;
3,1;
4,1;
5,2;
6,2;
7,2;
8,2;
9,2;
10,2;
11,2;
12,2;
}