edge = {
1,2;
2,1;
1,10;
10,1;
2,1;
1,2;
2,3;
3,2;
2,9;
9,2;
2,11;
11,2;
3,2;
2,3;
3,10;
10,3;
3,11;
11,3;
3,23;
23,3;
4,5;
5,4;
4,6;
6,4;
4,7;
7,4;
4,22;
22,4;
4,28;
28,4;
5,4;
4,5;
5,6;
6,5;
5,7;
7,5;
5,28;
28,5;
6,4;
4,6;
6,5;
5,6;
6,7;
7,6;
6,8;
8,6;
7,4;
4,7;
7,5;
5,7;
7,6;
6,7;
7,8;
8,7;
7,19;
19,7;
8,6;
6,8;
8,7;
7,8;
8,16;
16,8;
8,25;
25,8;
8,26;
26,8;
9,2;
2,9;
9,10;
10,9;
10,1;
1,10;
10,3;
3,10;
10,9;
9,10;
10,11;
11,10;
11,2;
2,11;
11,3;
3,11;
11,10;
10,11;
11,35;
35,11;
12,13;
13,12;
12,14;
14,12;
12,15;
15,12;
12,34;
34,12;
12,40;
40,12;
13,12;
12,13;
13,14;
14,13;
13,15;
15,13;
13,40;
40,13;
14,12;
12,14;
14,13;
13,14;
14,15;
15,14;
14,16;
16,14;
15,12;
12,15;
15,13;
13,15;
15,14;
14,15;
15,16;
16,15;
15,37;
37,15;
16,8;
8,16;
16,14;
14,16;
16,15;
15,16;
16,31;
31,16;
16,38;
38,16;
17,23;
23,17;
17,24;
24,17;
18,21;
21,18;
18,24;
24,18;
19,7;
7,19;
19,25;
25,19;
20,26;
26,20;
21,18;
18,21;
21,27;
27,21;
21,39;
39,21;
22,4;
4,22;
22,27;
27,22;
22,28;
28,22;
22,34;
34,22;
22,40;
40,22;
23,3;
3,23;
23,17;
17,23;
24,17;
17,24;
24,18;
18,24;
25,8;
8,25;
25,19;
19,25;
26,8;
8,26;
26,20;
20,26;
27,21;
21,27;
27,22;
22,27;
27,33;
33,27;
28,4;
4,28;
28,5;
5,28;
28,22;
22,28;
28,40;
40,28;
29,30;
30,29;
29,35;
35,29;
30,29;
29,30;
30,36;
36,30;
31,16;
16,31;
31,37;
37,31;
32,38;
38,32;
33,27;
27,33;
33,34;
34,33;
33,39;
39,33;
34,12;
12,34;
34,22;
22,34;
34,33;
33,34;
34,40;
40,34;
35,11;
11,35;
35,29;
29,35;
36,30;
30,36;
36,39;
39,36;
37,15;
15,37;
37,31;
31,37;
38,16;
16,38;
38,32;
32,38;
39,21;
21,39;
39,33;
33,39;
39,36;
36,39;
40,12;
12,40;
40,13;
13,40;
40,22;
22,40;
40,28;
28,40;
40,34;
34,40;
}
label = {
1,1;
2,1;
3,1;
4,1;
5,1;
6,1;
7,1;
8,1;
9,1;
10,1;
11,1;
12,1;
13,1;
14,1;
15,1;
16,1;
17,2;
18,2;
19,2;
20,2;
21,2;
22,2;
23,2;
24,2;
25,2;
26,2;
27,2;
28,2;
29,2;
30,2;
31,2;
32,2;
33,2;
34,2;
35,2;
36,2;
37,2;
38,2;
39,2;
40,2;
}