edge = {
1,2;
2,1;
1,3;
3,1;
1,7;
7,1;
2,1;
1,2;
2,3;
3,2;
2,7;
7,2;
3,1;
1,3;
3,2;
2,3;
3,7;
7,3;
4,5;
5,4;
4,6;
6,4;
4,11;
11,4;
4,12;
12,4;
5,4;
4,5;
5,6;
6,5;
5,9;
9,5;
5,12;
12,5;
6,4;
4,6;
6,5;
5,6;
6,9;
9,6;
6,10;
10,6;
7,1;
1,7;
7,2;
2,7;
7,3;
3,7;
7,8;
8,7;
7,11;
11,7;
7,12;
12,7;
8,7;
7,8;
8,11;
11,8;
8,12;
12,8;
9,5;
5,9;
9,6;
6,9;
9,10;
10,9;
9,11;
11,9;
9,12;
12,9;
10,6;
6,10;
10,9;
9,10;
10,12;
12,10;
11,4;
4,11;
11,7;
7,11;
11,8;
8,11;
11,9;
9,11;
11,12;
12,11;
12,4;
4,12;
12,5;
5,12;
12,7;
7,12;
12,8;
8,12;
12,9;
9,12;
12,10;
10,12;
12,11;
11,12;
}
label = {
1,1;
2,1;
3,1;
4,1;
5,1;
6,1;
7,2;
8,2;
9,2;
10,2;
11,2;
12,2;
}