edge = {
1,2;
2,1;
1,14;
14,1;
2,1;
1,2;
2,3;
3,2;
2,4;
4,2;
2,15;
15,2;
2,16;
16,2;
2,33;
33,2;
3,2;
2,3;
3,4;
4,3;
3,14;
14,3;
3,17;
17,3;
4,2;
2,4;
4,3;
3,4;
4,34;
34,4;
5,6;
6,5;
5,17;
17,5;
5,19;
19,5;
5,32;
32,5;
5,35;
35,5;
6,5;
5,6;
6,7;
7,6;
6,31;
31,6;
6,39;
39,6;
7,6;
6,7;
7,8;
8,7;
7,9;
9,7;
7,21;
21,7;
7,29;
29,7;
8,7;
7,8;
8,9;
9,8;
8,23;
23,8;
8,40;
40,8;
9,7;
7,9;
9,8;
8,9;
9,10;
10,9;
9,23;
23,9;
9,41;
41,9;
10,9;
9,10;
10,11;
11,10;
10,22;
22,10;
10,24;
24,10;
11,10;
10,11;
11,12;
12,11;
11,23;
23,11;
11,25;
25,11;
12,11;
11,12;
12,24;
24,12;
12,25;
25,12;
13,14;
14,13;
13,15;
15,13;
13,42;
42,13;
14,1;
1,14;
14,3;
3,14;
14,13;
13,14;
14,15;
15,14;
14,16;
16,14;
14,49;
49,14;
15,2;
2,15;
15,13;
13,15;
15,14;
14,15;
15,16;
16,15;
16,2;
2,16;
16,14;
14,16;
16,15;
15,16;
16,50;
50,16;
17,3;
3,17;
17,5;
5,17;
17,18;
18,17;
17,43;
43,17;
17,51;
51,17;
18,17;
17,18;
18,19;
19,18;
18,44;
44,18;
18,48;
48,18;
19,5;
5,19;
19,18;
18,19;
19,54;
54,19;
19,55;
55,19;
20,21;
21,20;
20,22;
22,20;
20,52;
52,20;
21,7;
7,21;
21,20;
20,21;
21,22;
22,21;
22,10;
10,22;
22,20;
20,22;
22,21;
21,22;
22,23;
23,22;
23,8;
8,23;
23,9;
9,23;
23,11;
11,23;
23,22;
22,23;
23,24;
24,23;
24,10;
10,24;
24,12;
12,24;
24,23;
23,24;
24,25;
25,24;
25,11;
11,25;
25,12;
12,25;
25,24;
24,25;
26,33;
33,26;
27,28;
28,27;
27,34;
34,27;
28,27;
27,28;
28,35;
35,28;
29,7;
7,29;
29,36;
36,29;
29,40;
40,29;
29,41;
41,29;
29,45;
45,29;
29,52;
52,29;
30,37;
37,30;
30,38;
38,30;
31,6;
6,31;
31,38;
38,31;
31,39;
39,31;
31,54;
54,31;
31,55;
55,31;
32,5;
5,32;
32,39;
39,32;
32,55;
55,32;
33,2;
2,33;
33,26;
26,33;
34,4;
4,34;
34,27;
27,34;
35,5;
5,35;
35,28;
28,35;
36,29;
29,36;
36,37;
37,36;
36,40;
40,36;
36,41;
41,36;
36,45;
45,36;
36,52;
52,36;
37,30;
30,37;
37,36;
36,37;
38,30;
30,38;
38,31;
31,38;
38,39;
39,38;
38,47;
47,38;
38,54;
54,38;
39,6;
6,39;
39,31;
31,39;
39,32;
32,39;
39,38;
38,39;
39,48;
48,39;
39,55;
55,39;
40,8;
8,40;
40,29;
29,40;
40,36;
36,40;
40,41;
41,40;
41,9;
9,41;
41,29;
29,41;
41,36;
36,41;
41,40;
40,41;
42,13;
13,42;
42,49;
49,42;
43,17;
17,43;
43,50;
50,43;
44,18;
18,44;
44,51;
51,44;
45,29;
29,45;
45,36;
36,45;
45,52;
52,45;
45,53;
53,45;
46,47;
47,46;
46,53;
53,46;
47,38;
38,47;
47,46;
46,47;
47,54;
54,47;
48,18;
18,48;
48,39;
39,48;
48,55;
55,48;
49,14;
14,49;
49,42;
42,49;
50,16;
16,50;
50,43;
43,50;
51,17;
17,51;
51,44;
44,51;
52,20;
20,52;
52,29;
29,52;
52,36;
36,52;
52,45;
45,52;
53,45;
45,53;
53,46;
46,53;
54,19;
19,54;
54,31;
31,54;
54,38;
38,54;
54,47;
47,54;
55,19;
19,55;
55,31;
31,55;
55,32;
32,55;
55,39;
39,55;
55,48;
48,55;
}
label = {
1,1;
2,1;
3,1;
4,1;
5,1;
6,1;
7,1;
8,1;
9,1;
10,1;
11,1;
12,1;
13,1;
14,1;
15,1;
16,1;
17,1;
18,1;
19,1;
20,1;
21,1;
22,1;
23,1;
24,1;
25,1;
26,2;
27,2;
28,2;
29,2;
30,2;
31,2;
32,2;
33,2;
34,2;
35,2;
36,2;
37,2;
38,2;
39,2;
40,2;
41,2;
42,2;
43,2;
44,2;
45,2;
46,2;
47,2;
48,2;
49,2;
50,2;
51,2;
52,2;
53,2;
54,2;
55,2;
}