edge = {
1,12;
12,1;
1,17;
17,1;
2,3;
3,2;
2,6;
6,2;
2,9;
9,2;
2,11;
11,2;
3,2;
2,3;
3,5;
5,3;
3,6;
6,3;
3,11;
11,3;
3,14;
14,3;
4,12;
12,4;
4,17;
17,4;
4,22;
22,4;
5,3;
3,5;
5,6;
6,5;
5,18;
18,5;
5,20;
20,5;
6,2;
2,6;
6,3;
3,6;
6,5;
5,6;
6,15;
15,6;
6,18;
18,6;
7,8;
8,7;
7,12;
12,7;
7,21;
21,7;
7,22;
22,7;
8,7;
7,8;
8,10;
10,8;
8,21;
21,8;
8,22;
22,8;
9,2;
2,9;
9,10;
10,9;
9,11;
11,9;
9,19;
19,9;
9,20;
20,9;
10,8;
8,10;
10,9;
9,10;
10,19;
19,10;
10,20;
20,10;
11,2;
2,11;
11,3;
3,11;
11,9;
9,11;
11,14;
14,11;
11,15;
15,11;
11,18;
18,11;
11,20;
20,11;
12,1;
1,12;
12,4;
4,12;
12,7;
7,12;
12,13;
13,12;
12,16;
16,12;
12,17;
17,12;
13,12;
12,13;
13,16;
16,13;
13,17;
17,13;
14,3;
3,14;
14,11;
11,14;
14,15;
15,14;
14,18;
18,14;
15,6;
6,15;
15,11;
11,15;
15,14;
14,15;
15,18;
18,15;
16,12;
12,16;
16,13;
13,16;
16,17;
17,16;
17,1;
1,17;
17,4;
4,17;
17,12;
12,17;
17,13;
13,17;
17,16;
16,17;
18,5;
5,18;
18,6;
6,18;
18,11;
11,18;
18,14;
14,18;
18,15;
15,18;
18,20;
20,18;
19,9;
9,19;
19,10;
10,19;
19,20;
20,19;
19,21;
21,19;
20,5;
5,20;
20,9;
9,20;
20,10;
10,20;
20,11;
11,20;
20,18;
18,20;
20,19;
19,20;
21,7;
7,21;
21,8;
8,21;
21,19;
19,21;
21,22;
22,21;
22,4;
4,22;
22,7;
7,22;
22,8;
8,22;
22,21;
21,22;
}
label = {
1,1;
2,1;
3,1;
4,1;
5,1;
6,1;
7,2;
8,2;
9,2;
10,2;
11,2;
12,2;
13,2;
14,2;
15,2;
16,2;
17,2;
18,2;
19,2;
20,2;
21,2;
22,2;
}