edge = {
1,12;
12,1;
1,20;
20,1;
2,3;
3,2;
2,6;
6,2;
2,9;
9,2;
2,11;
11,2;
3,2;
2,3;
3,5;
5,3;
3,6;
6,3;
3,11;
11,3;
3,14;
14,3;
4,12;
12,4;
4,15;
15,4;
4,20;
20,4;
5,3;
3,5;
5,6;
6,5;
5,17;
17,5;
5,19;
19,5;
6,2;
2,6;
6,3;
3,6;
6,5;
5,6;
6,19;
19,6;
6,22;
22,6;
7,8;
8,7;
7,12;
12,7;
7,16;
16,7;
8,7;
7,8;
8,10;
10,8;
8,15;
15,8;
9,2;
2,9;
9,10;
10,9;
9,11;
11,9;
9,18;
18,9;
9,19;
19,9;
10,8;
8,10;
10,9;
9,10;
10,17;
17,10;
11,2;
2,11;
11,3;
3,11;
11,9;
9,11;
11,14;
14,11;
11,17;
17,11;
11,22;
22,11;
12,1;
1,12;
12,4;
4,12;
12,7;
7,12;
12,13;
13,12;
12,21;
21,12;
13,12;
12,13;
13,20;
20,13;
14,3;
3,14;
14,11;
11,14;
14,19;
19,14;
14,22;
22,14;
15,4;
4,15;
15,8;
8,15;
15,16;
16,15;
16,7;
7,16;
16,15;
15,16;
16,18;
18,16;
17,5;
5,17;
17,10;
10,17;
17,11;
11,17;
17,18;
18,17;
17,19;
19,17;
18,9;
9,18;
18,16;
16,18;
18,17;
17,18;
19,5;
5,19;
19,6;
6,19;
19,9;
9,19;
19,14;
14,19;
19,17;
17,19;
19,22;
22,19;
20,1;
1,20;
20,4;
4,20;
20,13;
13,20;
20,21;
21,20;
21,12;
12,21;
21,20;
20,21;
22,6;
6,22;
22,11;
11,22;
22,14;
14,22;
22,19;
19,22;
}
label = {
1,1;
2,1;
3,1;
4,1;
5,1;
6,1;
7,2;
8,2;
9,2;
10,2;
11,2;
12,2;
13,2;
14,2;
15,2;
16,2;
17,2;
18,2;
19,2;
20,2;
21,2;
22,2;
}