edge = {
1,2;
2,1;
1,7;
7,1;
1,15;
15,1;
2,1;
1,2;
2,7;
7,2;
2,16;
16,2;
3,4;
4,3;
3,8;
8,3;
3,9;
9,3;
3,10;
10,3;
4,3;
3,4;
4,5;
5,4;
4,8;
8,4;
4,13;
13,4;
4,18;
18,4;
5,4;
4,5;
5,8;
8,5;
5,18;
18,5;
6,7;
7,6;
6,14;
14,6;
6,15;
15,6;
7,1;
1,7;
7,2;
2,7;
7,6;
6,7;
7,14;
14,7;
7,15;
15,7;
8,3;
3,8;
8,4;
4,8;
8,5;
5,8;
8,9;
9,8;
8,10;
10,8;
9,3;
3,9;
9,8;
8,9;
9,10;
10,9;
9,11;
11,9;
10,3;
3,10;
10,8;
8,10;
10,9;
9,10;
11,9;
9,11;
11,12;
12,11;
11,16;
16,11;
11,17;
17,11;
12,11;
11,12;
12,16;
16,12;
12,17;
17,12;
13,4;
4,13;
13,18;
18,13;
14,6;
6,14;
14,7;
7,14;
14,15;
15,14;
15,1;
1,15;
15,6;
6,15;
15,7;
7,15;
15,14;
14,15;
16,2;
2,16;
16,11;
11,16;
16,12;
12,16;
16,17;
17,16;
17,11;
11,17;
17,12;
12,17;
17,16;
16,17;
18,4;
4,18;
18,5;
5,18;
18,13;
13,18;
}
label = {
1,1;
2,1;
3,1;
4,1;
5,1;
6,2;
7,2;
8,2;
9,2;
10,2;
11,2;
12,2;
13,2;
14,2;
15,3;
16,3;
17,3;
18,3;
}