edge = {
1,2;
2,1;
1,7;
7,1;
1,8;
8,1;
1,15;
15,1;
2,1;
1,2;
2,7;
7,2;
2,8;
8,2;
2,12;
12,2;
2,13;
13,2;
2,14;
14,2;
2,15;
15,2;
3,4;
4,3;
3,5;
5,3;
3,9;
9,3;
3,10;
10,3;
3,11;
11,3;
3,17;
17,3;
4,3;
3,4;
4,5;
5,4;
4,9;
9,4;
4,17;
17,4;
5,3;
3,5;
5,4;
4,5;
5,6;
6,5;
5,17;
17,5;
6,5;
5,6;
6,9;
9,6;
6,17;
17,6;
7,1;
1,7;
7,2;
2,7;
7,8;
8,7;
7,14;
14,7;
8,1;
1,8;
8,2;
2,8;
8,7;
7,8;
8,14;
14,8;
9,3;
3,9;
9,4;
4,9;
9,6;
6,9;
9,10;
10,9;
9,11;
11,9;
10,3;
3,10;
10,9;
9,10;
10,11;
11,10;
10,12;
12,10;
11,3;
3,11;
11,9;
9,11;
11,10;
10,11;
12,2;
2,12;
12,10;
10,12;
12,13;
13,12;
12,15;
15,12;
12,16;
16,12;
13,2;
2,13;
13,12;
12,13;
13,15;
15,13;
13,16;
16,13;
14,2;
2,14;
14,7;
7,14;
14,8;
8,14;
15,1;
1,15;
15,2;
2,15;
15,12;
12,15;
15,13;
13,15;
15,16;
16,15;
16,12;
12,16;
16,13;
13,16;
16,15;
15,16;
17,3;
3,17;
17,4;
4,17;
17,5;
5,17;
17,6;
6,17;
}
label = {
1,1;
2,1;
3,1;
4,1;
5,1;
6,2;
7,2;
8,2;
9,2;
10,2;
11,2;
12,2;
13,2;
14,3;
15,3;
16,3;
17,3;
}