edge = {
1,2;
2,1;
1,16;
16,1;
1,17;
17,1;
2,1;
1,2;
2,16;
16,2;
2,17;
17,2;
2,18;
18,2;
3,4;
4,3;
3,18;
18,3;
3,19;
19,3;
4,3;
3,4;
4,5;
5,4;
4,19;
19,4;
5,4;
4,5;
5,6;
6,5;
5,19;
19,5;
5,20;
20,5;
6,5;
5,6;
6,7;
7,6;
6,20;
20,6;
7,6;
6,7;
7,8;
8,7;
7,20;
20,7;
8,7;
7,8;
8,9;
9,8;
8,21;
21,8;
9,8;
8,9;
9,10;
10,9;
9,21;
21,9;
10,9;
9,10;
10,11;
11,10;
10,21;
21,10;
11,10;
10,11;
11,12;
12,11;
11,22;
22,11;
12,11;
11,12;
12,13;
13,12;
12,14;
14,12;
12,15;
15,12;
12,22;
22,12;
13,12;
12,13;
13,14;
14,13;
13,15;
15,13;
14,12;
12,14;
14,13;
13,14;
14,15;
15,14;
15,12;
12,15;
15,13;
13,15;
15,14;
14,15;
15,22;
22,15;
16,1;
1,16;
16,2;
2,16;
16,17;
17,16;
17,1;
1,17;
17,2;
2,17;
17,16;
16,17;
17,18;
18,17;
18,2;
2,18;
18,3;
3,18;
18,17;
17,18;
19,3;
3,19;
19,4;
4,19;
19,5;
5,19;
20,5;
5,20;
20,6;
6,20;
20,7;
7,20;
21,8;
8,21;
21,9;
9,21;
21,10;
10,21;
22,11;
11,22;
22,12;
12,22;
22,15;
15,22;
}
label = {
1,1;
2,1;
3,1;
4,1;
5,1;
6,1;
7,1;
8,1;
9,1;
10,1;
11,1;
12,1;
13,1;
14,1;
15,2;
16,2;
17,2;
18,2;
19,2;
20,2;
21,2;
22,2;
}