edge = {
1,2;
2,1;
1,3;
3,1;
1,30;
30,1;
2,1;
1,2;
2,3;
3,2;
2,4;
4,2;
2,31;
31,2;
2,32;
32,2;
3,1;
1,3;
3,2;
2,3;
3,4;
4,3;
3,5;
5,3;
3,32;
32,3;
3,33;
33,3;
4,2;
2,4;
4,3;
3,4;
4,5;
5,4;
4,6;
6,4;
4,33;
33,4;
5,3;
3,5;
5,4;
4,5;
5,6;
6,5;
5,33;
33,5;
5,34;
34,5;
6,4;
4,6;
6,5;
5,6;
6,7;
7,6;
6,8;
8,6;
6,34;
34,6;
7,6;
6,7;
7,8;
8,7;
7,9;
9,7;
8,6;
6,8;
8,7;
7,8;
8,9;
9,8;
8,10;
10,8;
8,35;
35,8;
9,7;
7,9;
9,8;
8,9;
9,10;
10,9;
9,11;
11,9;
9,35;
35,9;
10,8;
8,10;
10,9;
9,10;
10,11;
11,10;
11,9;
9,11;
11,10;
10,11;
11,12;
12,11;
11,13;
13,11;
11,14;
14,11;
11,29;
29,11;
11,36;
36,11;
12,11;
11,12;
12,13;
13,12;
12,14;
14,12;
12,29;
29,12;
12,36;
36,12;
13,11;
11,13;
13,12;
12,13;
13,14;
14,13;
13,29;
29,13;
14,11;
11,14;
14,12;
12,14;
14,13;
13,14;
15,16;
16,15;
15,37;
37,15;
15,38;
38,15;
16,15;
15,16;
16,17;
17,16;
16,18;
18,16;
16,37;
37,16;
16,38;
38,16;
17,16;
16,17;
17,18;
18,17;
17,19;
19,17;
17,40;
40,17;
18,16;
16,18;
18,17;
17,18;
18,19;
19,18;
18,20;
20,18;
18,40;
40,18;
19,17;
17,19;
19,18;
18,19;
19,20;
20,19;
19,21;
21,19;
19,41;
41,19;
20,18;
18,20;
20,19;
19,20;
20,21;
21,20;
20,41;
41,20;
21,19;
19,21;
21,20;
20,21;
21,22;
22,21;
21,23;
23,21;
22,21;
21,22;
22,23;
23,22;
22,24;
24,22;
22,42;
42,22;
23,21;
21,23;
23,22;
22,23;
23,24;
24,23;
23,25;
25,23;
23,42;
42,23;
24,22;
22,24;
24,23;
23,24;
24,25;
25,24;
25,23;
23,25;
25,24;
24,25;
25,26;
26,25;
25,27;
27,25;
25,28;
28,25;
25,43;
43,25;
26,25;
25,26;
26,27;
27,26;
26,28;
28,26;
26,39;
39,26;
26,43;
43,26;
27,25;
25,27;
27,26;
26,27;
27,28;
28,27;
27,39;
39,27;
27,43;
43,27;
28,25;
25,28;
28,26;
26,28;
28,27;
27,28;
29,11;
11,29;
29,12;
12,29;
29,13;
13,29;
29,35;
35,29;
29,36;
36,29;
30,1;
1,30;
30,31;
31,30;
30,32;
32,30;
31,2;
2,31;
31,30;
30,31;
31,32;
32,31;
31,33;
33,31;
32,2;
2,32;
32,3;
3,32;
32,30;
30,32;
32,31;
31,32;
32,33;
33,32;
33,3;
3,33;
33,4;
4,33;
33,5;
5,33;
33,31;
31,33;
33,32;
32,33;
33,34;
34,33;
34,5;
5,34;
34,6;
6,34;
34,33;
33,34;
34,35;
35,34;
35,8;
8,35;
35,9;
9,35;
35,29;
29,35;
35,34;
34,35;
35,36;
36,35;
36,11;
11,36;
36,12;
12,36;
36,29;
29,36;
36,35;
35,36;
37,15;
15,37;
37,16;
16,37;
37,38;
38,37;
37,40;
40,37;
38,15;
15,38;
38,16;
16,38;
38,37;
37,38;
39,26;
26,39;
39,27;
27,39;
39,43;
43,39;
40,17;
17,40;
40,18;
18,40;
40,37;
37,40;
40,41;
41,40;
41,19;
19,41;
41,20;
20,41;
41,40;
40,41;
41,42;
42,41;
42,22;
22,42;
42,23;
23,42;
42,41;
41,42;
42,43;
43,42;
43,25;
25,43;
43,26;
26,43;
43,27;
27,43;
43,39;
39,43;
43,42;
42,43;
}
label = {
1,1;
2,1;
3,1;
4,1;
5,1;
6,1;
7,1;
8,1;
9,1;
10,1;
11,1;
12,1;
13,1;
14,1;
15,1;
16,1;
17,1;
18,1;
19,1;
20,1;
21,1;
22,1;
23,1;
24,1;
25,1;
26,1;
27,1;
28,1;
29,2;
30,2;
31,2;
32,2;
33,2;
34,2;
35,2;
36,2;
37,2;
38,2;
39,2;
40,2;
41,2;
42,2;
43,2;
}