edge = {
1,29;
29,1;
1,36;
36,1;
1,37;
37,1;
2,14;
14,2;
2,30;
30,2;
2,31;
31,2;
2,37;
37,2;
2,38;
38,2;
3,4;
4,3;
3,17;
17,3;
3,31;
31,3;
3,32;
32,3;
3,39;
39,3;
4,3;
3,4;
4,5;
5,4;
4,16;
16,4;
4,18;
18,4;
4,32;
32,4;
5,4;
4,5;
5,17;
17,5;
5,33;
33,5;
6,7;
7,6;
6,20;
20,6;
6,33;
33,6;
7,6;
6,7;
7,8;
8,7;
7,19;
19,7;
7,21;
21,7;
8,7;
7,8;
8,10;
10,8;
8,22;
22,8;
8,34;
34,8;
8,41;
41,8;
9,10;
10,9;
9,21;
21,9;
9,23;
23,9;
9,34;
34,9;
9,41;
41,9;
10,8;
8,10;
10,9;
9,10;
10,22;
22,10;
10,35;
35,10;
11,12;
12,11;
11,13;
13,11;
11,28;
28,11;
11,35;
35,11;
11,42;
42,11;
12,11;
11,12;
12,13;
13,12;
12,27;
27,12;
12,28;
28,12;
13,11;
11,13;
13,12;
12,13;
13,28;
28,13;
14,2;
2,14;
14,15;
15,14;
14,36;
36,14;
14,37;
37,14;
15,14;
14,15;
15,30;
30,15;
15,37;
37,15;
15,38;
38,15;
16,4;
4,16;
16,17;
17,16;
16,32;
32,16;
16,38;
38,16;
16,39;
39,16;
17,3;
3,17;
17,5;
5,17;
17,16;
16,17;
17,18;
18,17;
17,39;
39,17;
18,4;
4,18;
18,17;
17,18;
18,40;
40,18;
19,7;
7,19;
19,20;
20,19;
19,40;
40,19;
20,6;
6,20;
20,19;
19,20;
20,21;
21,20;
21,7;
7,21;
21,9;
9,21;
21,20;
20,21;
21,41;
41,21;
22,8;
8,22;
22,10;
10,22;
22,23;
23,22;
22,41;
41,22;
23,9;
9,23;
23,22;
22,23;
23,24;
24,23;
24,23;
23,24;
24,25;
25,24;
24,42;
42,24;
25,24;
24,25;
25,26;
26,25;
25,27;
27,25;
25,42;
42,25;
26,25;
25,26;
26,27;
27,26;
27,12;
12,27;
27,25;
25,27;
27,26;
26,27;
28,11;
11,28;
28,12;
12,28;
28,13;
13,28;
28,35;
35,28;
28,42;
42,28;
29,1;
1,29;
29,30;
30,29;
29,36;
36,29;
29,37;
37,29;
30,2;
2,30;
30,15;
15,30;
30,29;
29,30;
30,31;
31,30;
30,38;
38,30;
31,2;
2,31;
31,3;
3,31;
31,30;
30,31;
32,3;
3,32;
32,4;
4,32;
32,16;
16,32;
32,33;
33,32;
32,40;
40,32;
33,5;
5,33;
33,6;
6,33;
33,32;
32,33;
33,39;
39,33;
34,8;
8,34;
34,9;
9,34;
35,10;
10,35;
35,11;
11,35;
35,28;
28,35;
35,42;
42,35;
36,1;
1,36;
36,14;
14,36;
36,29;
29,36;
36,37;
37,36;
37,1;
1,37;
37,2;
2,37;
37,14;
14,37;
37,15;
15,37;
37,29;
29,37;
37,36;
36,37;
38,2;
2,38;
38,15;
15,38;
38,16;
16,38;
38,30;
30,38;
39,3;
3,39;
39,16;
16,39;
39,17;
17,39;
39,33;
33,39;
39,40;
40,39;
40,18;
18,40;
40,19;
19,40;
40,32;
32,40;
40,39;
39,40;
41,8;
8,41;
41,9;
9,41;
41,21;
21,41;
41,22;
22,41;
42,11;
11,42;
42,24;
24,42;
42,25;
25,42;
42,28;
28,42;
42,35;
35,42;
}
label = {
1,1;
2,1;
3,1;
4,1;
5,1;
6,1;
7,1;
8,1;
9,1;
10,1;
11,1;
12,1;
13,1;
14,1;
15,1;
16,1;
17,1;
18,1;
19,1;
20,1;
21,1;
22,1;
23,1;
24,1;
25,1;
26,1;
27,1;
28,2;
29,2;
30,2;
31,2;
32,2;
33,2;
34,2;
35,2;
36,2;
37,2;
38,2;
39,2;
40,2;
41,2;
42,2;
}