edge = {
1,2;
2,1;
1,3;
3,1;
1,4;
4,1;
2,1;
1,2;
2,3;
3,2;
2,4;
4,2;
2,17;
17,2;
2,18;
18,2;
3,1;
1,3;
3,2;
2,3;
3,4;
4,3;
3,5;
5,3;
3,6;
6,3;
3,25;
25,3;
4,1;
1,4;
4,2;
2,4;
4,3;
3,4;
4,5;
5,4;
4,6;
6,4;
5,3;
3,5;
5,4;
4,5;
5,6;
6,5;
5,27;
27,5;
6,3;
3,6;
6,4;
4,6;
6,5;
5,6;
6,7;
7,6;
6,19;
19,6;
6,26;
26,6;
7,6;
6,7;
7,8;
8,7;
7,20;
20,7;
7,24;
24,7;
8,7;
7,8;
8,9;
9,8;
8,10;
10,8;
8,22;
22,8;
8,28;
28,8;
9,8;
8,9;
9,10;
10,9;
9,11;
11,9;
9,21;
21,9;
9,30;
30,9;
10,8;
8,10;
10,9;
9,10;
10,11;
11,10;
10,12;
12,10;
10,32;
32,10;
10,33;
33,10;
11,9;
9,11;
11,10;
10,11;
11,12;
12,11;
11,13;
13,11;
11,31;
31,11;
11,32;
32,11;
12,10;
10,12;
12,11;
11,12;
12,13;
13,12;
12,14;
14,12;
12,15;
15,12;
12,34;
34,12;
12,35;
35,12;
13,11;
11,13;
13,12;
12,13;
13,14;
14,13;
13,15;
15,13;
13,36;
36,13;
13,37;
37,13;
14,12;
12,14;
14,13;
13,14;
14,15;
15,14;
14,37;
37,14;
14,38;
38,14;
15,12;
12,15;
15,13;
13,15;
15,14;
14,15;
15,38;
38,15;
15,40;
40,15;
16,17;
17,16;
16,18;
18,16;
16,25;
25,16;
17,2;
2,17;
17,16;
16,17;
17,18;
18,17;
17,25;
25,17;
18,2;
2,18;
18,16;
16,18;
18,17;
17,18;
18,25;
25,18;
18,27;
27,18;
19,6;
6,19;
19,20;
20,19;
19,26;
26,19;
19,27;
27,19;
20,7;
7,20;
20,19;
19,20;
20,23;
23,20;
20,24;
24,20;
21,9;
9,21;
21,28;
28,21;
21,29;
29,21;
21,30;
30,21;
21,33;
33,21;
22,8;
8,22;
22,23;
23,22;
22,24;
24,22;
22,28;
28,22;
22,29;
29,22;
23,20;
20,23;
23,22;
22,23;
23,24;
24,23;
23,28;
28,23;
24,7;
7,24;
24,20;
20,24;
24,22;
22,24;
24,23;
23,24;
25,3;
3,25;
25,16;
16,25;
25,17;
17,25;
25,18;
18,25;
25,26;
26,25;
25,27;
27,25;
26,6;
6,26;
26,19;
19,26;
26,25;
25,26;
26,27;
27,26;
27,5;
5,27;
27,18;
18,27;
27,19;
19,27;
27,25;
25,27;
27,26;
26,27;
28,8;
8,28;
28,21;
21,28;
28,22;
22,28;
28,23;
23,28;
28,29;
29,28;
29,21;
21,29;
29,22;
22,29;
29,28;
28,29;
29,30;
30,29;
30,9;
9,30;
30,21;
21,30;
30,29;
29,30;
30,33;
33,30;
31,11;
11,31;
31,32;
32,31;
31,34;
34,31;
31,35;
35,31;
31,36;
36,31;
32,10;
10,32;
32,11;
11,32;
32,31;
31,32;
32,33;
33,32;
32,34;
34,32;
33,10;
10,33;
33,21;
21,33;
33,30;
30,33;
33,32;
32,33;
34,12;
12,34;
34,31;
31,34;
34,32;
32,34;
34,35;
35,34;
34,36;
36,34;
35,12;
12,35;
35,31;
31,35;
35,34;
34,35;
35,36;
36,35;
36,13;
13,36;
36,31;
31,36;
36,34;
34,36;
36,35;
35,36;
36,37;
37,36;
37,13;
13,37;
37,14;
14,37;
37,36;
36,37;
37,38;
38,37;
37,39;
39,37;
37,40;
40,37;
38,14;
14,38;
38,15;
15,38;
38,37;
37,38;
38,39;
39,38;
38,40;
40,38;
39,37;
37,39;
39,38;
38,39;
39,40;
40,39;
40,15;
15,40;
40,37;
37,40;
40,38;
38,40;
40,39;
39,40;
}
label = {
1,1;
2,1;
3,1;
4,1;
5,1;
6,1;
7,1;
8,1;
9,1;
10,1;
11,1;
12,1;
13,1;
14,1;
15,1;
16,2;
17,2;
18,2;
19,2;
20,2;
21,2;
22,2;
23,2;
24,2;
25,2;
26,2;
27,2;
28,2;
29,2;
30,2;
31,2;
32,2;
33,2;
34,2;
35,2;
36,2;
37,2;
38,2;
39,2;
40,2;
}