edge = {
1,2;
2,1;
1,3;
3,1;
1,16;
16,1;
1,24;
24,1;
2,1;
1,2;
2,3;
3,2;
2,17;
17,2;
3,1;
1,3;
3,2;
2,3;
3,17;
17,3;
3,18;
18,3;
4,5;
5,4;
4,6;
6,4;
4,18;
18,4;
4,19;
19,4;
5,4;
4,5;
5,6;
6,5;
5,19;
19,5;
6,4;
4,6;
6,5;
5,6;
6,19;
19,6;
6,20;
20,6;
7,8;
8,7;
7,9;
9,7;
7,20;
20,7;
8,7;
7,8;
8,9;
9,8;
8,20;
20,8;
9,7;
7,9;
9,8;
8,9;
9,10;
10,9;
9,21;
21,9;
10,9;
9,10;
10,11;
11,10;
10,21;
21,10;
11,10;
10,11;
11,12;
12,11;
11,21;
21,11;
12,11;
11,12;
12,13;
13,12;
12,22;
22,12;
13,12;
12,13;
13,14;
14,13;
13,15;
15,13;
13,22;
22,13;
13,23;
23,13;
14,13;
13,14;
14,15;
15,14;
14,23;
23,14;
15,13;
13,15;
15,14;
14,15;
16,1;
1,16;
16,17;
17,16;
16,24;
24,16;
17,2;
2,17;
17,3;
3,17;
17,16;
16,17;
17,18;
18,17;
17,24;
24,17;
18,3;
3,18;
18,4;
4,18;
18,17;
17,18;
18,19;
19,18;
19,4;
4,19;
19,5;
5,19;
19,6;
6,19;
19,18;
18,19;
20,6;
6,20;
20,7;
7,20;
20,8;
8,20;
21,9;
9,21;
21,10;
10,21;
21,11;
11,21;
22,12;
12,22;
22,13;
13,22;
22,23;
23,22;
23,13;
13,23;
23,14;
14,23;
23,22;
22,23;
24,1;
1,24;
24,16;
16,24;
24,17;
17,24;
}
label = {
1,1;
2,1;
3,1;
4,1;
5,1;
6,1;
7,1;
8,1;
9,1;
10,1;
11,1;
12,1;
13,1;
14,1;
15,1;
16,2;
17,2;
18,2;
19,2;
20,2;
21,2;
22,2;
23,2;
24,2;
}