edge = {
1,2;
2,1;
1,3;
3,1;
2,1;
1,2;
2,3;
3,2;
2,17;
17,2;
2,30;
30,2;
3,1;
1,3;
3,2;
2,3;
3,16;
16,3;
3,31;
31,3;
4,5;
5,4;
4,19;
19,4;
4,31;
31,4;
4,32;
32,4;
5,4;
4,5;
5,6;
6,5;
5,18;
18,5;
5,20;
20,5;
5,32;
32,5;
6,5;
5,6;
6,7;
7,6;
6,8;
8,6;
6,19;
19,6;
6,33;
33,6;
7,6;
6,7;
7,8;
8,7;
7,22;
22,7;
7,33;
33,7;
8,6;
6,8;
8,7;
7,8;
8,10;
10,8;
8,21;
21,8;
8,34;
34,8;
9,10;
10,9;
9,34;
34,9;
9,43;
43,9;
10,8;
8,10;
10,9;
9,10;
10,11;
11,10;
10,12;
12,10;
11,10;
10,11;
11,12;
12,11;
11,13;
13,11;
11,35;
35,11;
12,10;
10,12;
12,11;
11,12;
12,13;
13,12;
12,14;
14,12;
12,35;
35,12;
12,36;
36,12;
13,11;
11,13;
13,12;
12,13;
13,14;
14,13;
13,36;
36,13;
14,12;
12,14;
14,13;
13,14;
14,36;
36,14;
15,16;
16,15;
15,17;
17,15;
15,38;
38,15;
15,39;
39,15;
16,3;
3,16;
16,15;
15,16;
16,17;
17,16;
16,39;
39,16;
17,2;
2,17;
17,15;
15,17;
17,16;
16,17;
17,40;
40,17;
18,5;
5,18;
18,19;
19,18;
18,40;
40,18;
18,41;
41,18;
19,4;
4,19;
19,6;
6,19;
19,18;
18,19;
19,20;
20,19;
19,41;
41,19;
20,5;
5,20;
20,19;
19,20;
20,21;
21,20;
20,22;
22,20;
20,42;
42,20;
21,8;
8,21;
21,20;
20,21;
21,22;
22,21;
21,42;
42,21;
22,7;
7,22;
22,20;
20,22;
22,21;
21,22;
22,24;
24,22;
22,43;
43,22;
23,24;
24,23;
23,34;
34,23;
23,43;
43,23;
24,22;
22,24;
24,23;
23,24;
24,25;
25,24;
24,26;
26,24;
25,24;
24,25;
25,26;
26,25;
25,27;
27,25;
25,28;
28,25;
25,44;
44,25;
26,24;
24,26;
26,25;
25,26;
26,27;
27,26;
26,28;
28,26;
26,44;
44,26;
26,45;
45,26;
27,25;
25,27;
27,26;
26,27;
27,28;
28,27;
27,45;
45,27;
28,25;
25,28;
28,26;
26,28;
28,27;
27,28;
29,30;
30,29;
29,37;
37,29;
29,46;
46,29;
30,2;
2,30;
30,29;
29,30;
30,31;
31,30;
30,40;
40,30;
31,3;
3,31;
31,4;
4,31;
31,30;
30,31;
31,32;
32,31;
31,39;
39,31;
31,41;
41,31;
32,4;
4,32;
32,5;
5,32;
32,31;
31,32;
32,33;
33,32;
32,40;
40,32;
32,42;
42,32;
33,6;
6,33;
33,7;
7,33;
33,32;
32,33;
33,41;
41,33;
34,8;
8,34;
34,9;
9,34;
34,23;
23,34;
35,11;
11,35;
35,12;
12,35;
35,36;
36,35;
35,45;
45,35;
36,12;
12,36;
36,13;
13,36;
36,14;
14,36;
36,35;
35,36;
36,44;
44,36;
37,29;
29,37;
37,38;
38,37;
37,46;
46,37;
38,15;
15,38;
38,37;
37,38;
38,46;
46,38;
39,15;
15,39;
39,16;
16,39;
39,31;
31,39;
39,40;
40,39;
40,17;
17,40;
40,18;
18,40;
40,30;
30,40;
40,32;
32,40;
40,39;
39,40;
40,41;
41,40;
41,18;
18,41;
41,19;
19,41;
41,31;
31,41;
41,33;
33,41;
41,40;
40,41;
41,42;
42,41;
42,20;
20,42;
42,21;
21,42;
42,32;
32,42;
42,41;
41,42;
43,9;
9,43;
43,22;
22,43;
43,23;
23,43;
44,25;
25,44;
44,26;
26,44;
44,36;
36,44;
44,45;
45,44;
45,26;
26,45;
45,27;
27,45;
45,35;
35,45;
45,44;
44,45;
46,29;
29,46;
46,37;
37,46;
46,38;
38,46;
}
label = {
1,1;
2,1;
3,1;
4,1;
5,1;
6,1;
7,1;
8,1;
9,1;
10,1;
11,1;
12,1;
13,1;
14,1;
15,1;
16,1;
17,1;
18,1;
19,1;
20,1;
21,1;
22,1;
23,1;
24,1;
25,1;
26,1;
27,1;
28,1;
29,2;
30,2;
31,2;
32,2;
33,2;
34,2;
35,2;
36,2;
37,2;
38,2;
39,2;
40,2;
41,2;
42,2;
43,2;
44,2;
45,2;
46,2;
}