edge = {
1,17;
17,1;
1,18;
18,1;
1,25;
25,1;
2,3;
3,2;
2,18;
18,2;
2,19;
19,2;
3,2;
2,3;
3,18;
18,3;
3,19;
19,3;
4,5;
5,4;
4,19;
19,4;
4,20;
20,4;
5,4;
4,5;
5,6;
6,5;
5,20;
20,5;
5,21;
21,5;
6,5;
5,6;
6,20;
20,6;
6,21;
21,6;
7,8;
8,7;
7,9;
9,7;
7,21;
21,7;
8,7;
7,8;
8,9;
9,8;
8,10;
10,8;
9,7;
7,9;
9,8;
8,9;
9,10;
10,9;
9,11;
11,9;
9,22;
22,9;
10,8;
8,10;
10,9;
9,10;
10,12;
12,10;
10,22;
22,10;
11,9;
9,11;
11,12;
12,11;
11,22;
22,11;
12,10;
10,12;
12,11;
11,12;
12,13;
13,12;
13,12;
12,13;
13,14;
14,13;
13,23;
23,13;
14,13;
13,14;
14,15;
15,14;
14,16;
16,14;
14,23;
23,14;
14,24;
24,14;
15,14;
14,15;
15,16;
16,15;
15,23;
23,15;
15,24;
24,15;
16,14;
14,16;
16,15;
15,16;
17,1;
1,17;
17,18;
18,17;
17,25;
25,17;
18,1;
1,18;
18,2;
2,18;
18,3;
3,18;
18,17;
17,18;
18,19;
19,18;
18,25;
25,18;
19,2;
2,19;
19,3;
3,19;
19,4;
4,19;
19,18;
18,19;
20,4;
4,20;
20,5;
5,20;
20,6;
6,20;
21,5;
5,21;
21,6;
6,21;
21,7;
7,21;
22,9;
9,22;
22,10;
10,22;
22,11;
11,22;
23,13;
13,23;
23,14;
14,23;
23,15;
15,23;
23,24;
24,23;
24,14;
14,24;
24,15;
15,24;
24,23;
23,24;
25,1;
1,25;
25,17;
17,25;
25,18;
18,25;
}
label = {
1,1;
2,1;
3,1;
4,1;
5,1;
6,1;
7,1;
8,1;
9,1;
10,1;
11,1;
12,1;
13,1;
14,1;
15,1;
16,1;
17,2;
18,2;
19,2;
20,2;
21,2;
22,2;
23,2;
24,2;
25,2;
}