edge = {
1,2;
2,1;
1,3;
3,1;
1,17;
17,1;
2,1;
1,2;
2,3;
3,2;
2,18;
18,2;
2,32;
32,2;
3,1;
1,3;
3,2;
2,3;
3,17;
17,3;
3,33;
33,3;
4,5;
5,4;
4,20;
20,4;
4,33;
33,4;
4,34;
34,4;
5,4;
4,5;
5,6;
6,5;
5,19;
19,5;
5,21;
21,5;
5,34;
34,5;
5,43;
43,5;
6,5;
5,6;
6,20;
20,6;
6,22;
22,6;
6,35;
35,6;
7,8;
8,7;
7,35;
35,7;
7,44;
44,7;
8,7;
7,8;
8,9;
9,8;
8,22;
22,8;
8,35;
35,8;
8,44;
44,8;
9,8;
8,9;
9,25;
25,9;
9,36;
36,9;
9,45;
45,9;
10,11;
11,10;
10,36;
36,10;
10,45;
45,10;
11,10;
10,11;
11,12;
12,11;
11,36;
36,11;
11,45;
45,11;
12,11;
11,12;
12,37;
37,12;
12,46;
46,12;
13,14;
14,13;
13,37;
37,13;
13,38;
38,13;
13,46;
46,13;
13,47;
47,13;
14,13;
13,14;
14,15;
15,14;
14,38;
38,14;
15,14;
14,15;
15,38;
38,15;
15,47;
47,15;
16,17;
17,16;
16,18;
18,16;
16,41;
41,16;
16,48;
48,16;
17,1;
1,17;
17,3;
3,17;
17,16;
16,17;
17,18;
18,17;
17,41;
41,17;
18,2;
2,18;
18,16;
16,18;
18,17;
17,18;
18,42;
42,18;
19,5;
5,19;
19,20;
20,19;
19,42;
42,19;
19,43;
43,19;
20,4;
4,20;
20,6;
6,20;
20,19;
19,20;
20,21;
21,20;
20,43;
43,20;
21,5;
5,21;
21,20;
20,21;
21,44;
44,21;
22,6;
6,22;
22,8;
8,22;
22,23;
23,22;
22,44;
44,22;
23,22;
22,23;
23,24;
24,23;
23,25;
25,23;
24,23;
23,24;
24,25;
25,24;
24,26;
26,24;
24,27;
27,24;
24,45;
45,24;
25,9;
9,25;
25,23;
23,25;
25,24;
24,25;
25,26;
26,25;
25,45;
45,25;
26,24;
24,26;
26,25;
25,26;
26,27;
27,26;
27,24;
24,27;
27,26;
26,27;
27,28;
28,27;
27,29;
29,27;
27,30;
30,27;
27,46;
46,27;
28,27;
27,28;
28,29;
29,28;
28,30;
30,28;
28,46;
46,28;
28,47;
47,28;
29,27;
27,29;
29,28;
28,29;
29,30;
30,29;
29,47;
47,29;
30,27;
27,30;
30,28;
28,30;
30,29;
29,30;
31,39;
39,31;
31,48;
48,31;
32,2;
2,32;
32,33;
33,32;
32,39;
39,32;
32,41;
41,32;
32,42;
42,32;
33,3;
3,33;
33,4;
4,33;
33,32;
32,33;
33,41;
41,33;
34,4;
4,34;
34,5;
5,34;
34,42;
42,34;
35,6;
6,35;
35,7;
7,35;
35,8;
8,35;
36,9;
9,36;
36,10;
10,36;
36,11;
11,36;
37,12;
12,37;
37,13;
13,37;
37,38;
38,37;
37,47;
47,37;
38,13;
13,38;
38,14;
14,38;
38,15;
15,38;
38,37;
37,38;
39,31;
31,39;
39,32;
32,39;
39,40;
40,39;
39,48;
48,39;
40,39;
39,40;
40,48;
48,40;
41,16;
16,41;
41,17;
17,41;
41,32;
32,41;
41,33;
33,41;
41,42;
42,41;
42,18;
18,42;
42,19;
19,42;
42,32;
32,42;
42,34;
34,42;
42,41;
41,42;
42,43;
43,42;
43,5;
5,43;
43,19;
19,43;
43,20;
20,43;
43,42;
42,43;
44,7;
7,44;
44,8;
8,44;
44,21;
21,44;
44,22;
22,44;
45,9;
9,45;
45,10;
10,45;
45,11;
11,45;
45,24;
24,45;
45,25;
25,45;
46,12;
12,46;
46,13;
13,46;
46,27;
27,46;
46,28;
28,46;
47,13;
13,47;
47,15;
15,47;
47,28;
28,47;
47,29;
29,47;
47,37;
37,47;
48,16;
16,48;
48,31;
31,48;
48,39;
39,48;
48,40;
40,48;
}
label = {
1,1;
2,1;
3,1;
4,1;
5,1;
6,1;
7,1;
8,1;
9,1;
10,1;
11,1;
12,1;
13,1;
14,1;
15,1;
16,1;
17,1;
18,1;
19,1;
20,1;
21,1;
22,1;
23,1;
24,1;
25,1;
26,1;
27,1;
28,1;
29,1;
30,1;
31,2;
32,2;
33,2;
34,2;
35,2;
36,2;
37,2;
38,2;
39,2;
40,2;
41,2;
42,2;
43,2;
44,2;
45,2;
46,2;
47,2;
48,2;
}