edge = {
1,2;
2,1;
1,16;
16,1;
2,1;
1,2;
2,15;
15,2;
2,31;
31,2;
2,32;
32,2;
3,4;
4,3;
3,18;
18,3;
3,32;
32,3;
3,33;
33,3;
4,3;
3,4;
4,5;
5,4;
4,17;
17,4;
4,19;
19,4;
4,33;
33,4;
5,4;
4,5;
5,18;
18,5;
5,34;
34,5;
6,7;
7,6;
6,19;
19,6;
6,21;
21,6;
6,34;
34,6;
7,6;
6,7;
7,8;
8,7;
7,20;
20,7;
7,22;
22,7;
8,7;
7,8;
8,9;
9,8;
8,23;
23,8;
8,35;
35,8;
9,8;
8,9;
9,10;
10,9;
9,22;
22,9;
9,35;
35,9;
10,9;
9,10;
10,11;
11,10;
10,22;
22,10;
11,10;
10,11;
11,12;
12,11;
11,13;
13,11;
11,36;
36,11;
12,11;
11,12;
12,13;
13,12;
12,14;
14,12;
12,29;
29,12;
12,36;
36,12;
13,11;
11,13;
13,12;
12,13;
13,14;
14,13;
13,28;
28,13;
13,29;
29,13;
14,12;
12,14;
14,13;
13,14;
14,29;
29,14;
15,2;
2,15;
15,16;
16,15;
15,38;
38,15;
15,39;
39,15;
16,1;
1,16;
16,15;
15,16;
16,39;
39,16;
16,40;
40,16;
17,4;
4,17;
17,18;
18,17;
17,40;
40,17;
17,41;
41,17;
18,3;
3,18;
18,5;
5,18;
18,17;
17,18;
18,19;
19,18;
18,41;
41,18;
19,4;
4,19;
19,6;
6,19;
19,18;
18,19;
19,42;
42,19;
20,7;
7,20;
20,21;
21,20;
20,22;
22,20;
20,42;
42,20;
21,6;
6,21;
21,20;
20,21;
21,22;
22,21;
22,7;
7,22;
22,9;
9,22;
22,10;
10,22;
22,20;
20,22;
22,21;
21,22;
22,23;
23,22;
22,24;
24,22;
22,43;
43,22;
23,8;
8,23;
23,22;
22,23;
23,24;
24,23;
23,43;
43,23;
24,22;
22,24;
24,23;
23,24;
24,25;
25,24;
25,24;
24,25;
25,26;
26,25;
25,27;
27,25;
25,44;
44,25;
26,25;
25,26;
26,27;
27,26;
26,28;
28,26;
26,37;
37,26;
26,44;
44,26;
27,25;
25,27;
27,26;
26,27;
27,28;
28,27;
27,37;
37,27;
28,13;
13,28;
28,26;
26,28;
28,27;
27,28;
29,12;
12,29;
29,13;
13,29;
29,14;
14,29;
29,36;
36,29;
29,44;
44,29;
30,31;
31,30;
30,39;
39,30;
31,2;
2,31;
31,30;
30,31;
31,32;
32,31;
31,38;
38,31;
31,40;
40,31;
32,2;
2,32;
32,3;
3,32;
32,31;
31,32;
32,33;
33,32;
32,39;
39,32;
32,41;
41,32;
33,3;
3,33;
33,4;
4,33;
33,32;
32,33;
33,34;
34,33;
33,40;
40,33;
33,42;
42,33;
34,5;
5,34;
34,6;
6,34;
34,33;
33,34;
34,35;
35,34;
34,41;
41,34;
34,43;
43,34;
35,8;
8,35;
35,9;
9,35;
35,34;
34,35;
35,42;
42,35;
36,11;
11,36;
36,12;
12,36;
36,29;
29,36;
36,37;
37,36;
36,44;
44,36;
37,26;
26,37;
37,27;
27,37;
37,36;
36,37;
37,44;
44,37;
38,15;
15,38;
38,31;
31,38;
38,39;
39,38;
39,15;
15,39;
39,16;
16,39;
39,30;
30,39;
39,32;
32,39;
39,38;
38,39;
39,40;
40,39;
40,16;
16,40;
40,17;
17,40;
40,31;
31,40;
40,33;
33,40;
40,39;
39,40;
40,41;
41,40;
41,17;
17,41;
41,18;
18,41;
41,32;
32,41;
41,34;
34,41;
41,40;
40,41;
41,42;
42,41;
42,19;
19,42;
42,20;
20,42;
42,33;
33,42;
42,35;
35,42;
42,41;
41,42;
42,43;
43,42;
43,22;
22,43;
43,23;
23,43;
43,34;
34,43;
43,42;
42,43;
44,25;
25,44;
44,26;
26,44;
44,29;
29,44;
44,36;
36,44;
44,37;
37,44;
}
label = {
1,1;
2,1;
3,1;
4,1;
5,1;
6,1;
7,1;
8,1;
9,1;
10,1;
11,1;
12,1;
13,1;
14,1;
15,1;
16,1;
17,1;
18,1;
19,1;
20,1;
21,1;
22,1;
23,1;
24,1;
25,1;
26,1;
27,1;
28,1;
29,2;
30,2;
31,2;
32,2;
33,2;
34,2;
35,2;
36,2;
37,2;
38,2;
39,2;
40,2;
41,2;
42,2;
43,2;
44,2;
}