edge = {
1,2;
2,1;
1,13;
13,1;
2,1;
1,2;
2,14;
14,2;
3,4;
4,3;
3,15;
15,3;
4,3;
3,4;
4,5;
5,4;
4,14;
14,4;
4,16;
16,4;
5,4;
4,5;
5,6;
6,5;
5,15;
15,5;
5,26;
26,5;
5,27;
27,5;
5,34;
34,5;
5,35;
35,5;
6,5;
5,6;
6,7;
7,6;
6,18;
18,6;
7,6;
6,7;
7,8;
8,7;
7,27;
27,7;
8,7;
7,8;
8,9;
9,8;
8,10;
10,8;
9,8;
8,9;
9,10;
10,9;
9,11;
11,9;
9,29;
29,9;
10,8;
8,10;
10,9;
9,10;
10,11;
11,10;
11,9;
9,11;
11,10;
10,11;
11,30;
30,11;
12,13;
13,12;
12,23;
23,12;
13,1;
1,13;
13,12;
12,13;
13,14;
14,13;
14,2;
2,14;
14,4;
4,14;
14,13;
13,14;
14,15;
15,14;
15,3;
3,15;
15,5;
5,15;
15,14;
14,15;
15,16;
16,15;
15,26;
26,15;
15,34;
34,15;
16,4;
4,16;
16,15;
15,16;
17,18;
18,17;
17,27;
27,17;
17,35;
35,17;
18,6;
6,18;
18,17;
17,18;
18,27;
27,18;
18,28;
28,18;
18,35;
35,18;
18,36;
36,18;
19,20;
20,19;
19,28;
28,19;
19,36;
36,19;
20,19;
19,20;
20,21;
21,20;
20,29;
29,20;
21,20;
20,21;
21,22;
22,21;
21,30;
30,21;
22,21;
21,22;
22,38;
38,22;
23,12;
12,23;
23,24;
24,23;
23,32;
32,23;
24,23;
23,24;
24,25;
25,24;
24,31;
31,24;
24,33;
33,24;
25,24;
24,25;
25,32;
32,25;
26,5;
5,26;
26,15;
15,26;
27,5;
5,27;
27,7;
7,27;
27,17;
17,27;
27,18;
18,27;
28,18;
18,28;
28,19;
19,28;
29,9;
9,29;
29,20;
20,29;
29,30;
30,29;
29,38;
38,29;
30,11;
11,30;
30,21;
21,30;
30,29;
29,30;
30,37;
37,30;
30,38;
38,30;
31,24;
24,31;
31,32;
32,31;
32,23;
23,32;
32,25;
25,32;
32,31;
31,32;
32,33;
33,32;
33,24;
24,33;
33,32;
32,33;
34,5;
5,34;
34,15;
15,34;
35,5;
5,35;
35,17;
17,35;
35,18;
18,35;
36,18;
18,36;
36,19;
19,36;
37,30;
30,37;
37,38;
38,37;
38,22;
22,38;
38,29;
29,38;
38,30;
30,38;
38,37;
37,38;
}
label = {
1,1;
2,1;
3,1;
4,1;
5,1;
6,1;
7,1;
8,1;
9,1;
10,1;
11,1;
12,1;
13,1;
14,1;
15,1;
16,1;
17,1;
18,1;
19,1;
20,1;
21,1;
22,1;
23,2;
24,2;
25,2;
26,2;
27,2;
28,2;
29,2;
30,2;
31,2;
32,2;
33,2;
34,2;
35,2;
36,2;
37,2;
38,2;
}