edge = {
1,2;
2,1;
1,15;
15,1;
2,1;
1,2;
2,14;
14,2;
2,29;
29,2;
2,30;
30,2;
3,4;
4,3;
3,17;
17,3;
3,30;
30,3;
3,31;
31,3;
4,3;
3,4;
4,5;
5,4;
4,16;
16,4;
4,18;
18,4;
4,31;
31,4;
5,4;
4,5;
5,17;
17,5;
5,31;
31,5;
5,32;
32,5;
5,38;
38,5;
5,39;
39,5;
6,7;
7,6;
6,8;
8,6;
6,32;
32,6;
7,6;
6,7;
7,8;
8,7;
7,32;
32,7;
7,39;
39,7;
8,6;
6,8;
8,7;
7,8;
8,33;
33,8;
8,40;
40,8;
9,10;
10,9;
9,21;
21,9;
9,33;
33,9;
9,40;
40,9;
10,9;
9,10;
10,11;
11,10;
10,41;
41,10;
11,10;
10,11;
11,12;
12,11;
11,13;
13,11;
11,27;
27,11;
11,34;
34,11;
11,41;
41,11;
12,11;
11,12;
12,13;
13,12;
12,26;
26,12;
12,27;
27,12;
13,11;
11,13;
13,12;
12,13;
13,25;
25,13;
14,2;
2,14;
14,15;
15,14;
14,35;
35,14;
14,36;
36,14;
15,1;
1,15;
15,14;
14,15;
15,36;
36,15;
15,37;
37,15;
16,4;
4,16;
16,17;
17,16;
16,37;
37,16;
16,38;
38,16;
17,3;
3,17;
17,5;
5,17;
17,16;
16,17;
17,18;
18,17;
17,38;
38,17;
18,4;
4,18;
18,17;
17,18;
18,19;
19,18;
18,20;
20,18;
18,39;
39,18;
19,18;
18,19;
19,20;
20,19;
19,39;
39,19;
20,18;
18,20;
20,19;
19,20;
20,21;
21,20;
20,22;
22,20;
20,40;
40,20;
21,9;
9,21;
21,20;
20,21;
21,22;
22,21;
21,23;
23,21;
21,40;
40,21;
22,20;
20,22;
22,21;
21,22;
22,23;
23,22;
23,21;
21,23;
23,22;
22,23;
23,24;
24,23;
23,41;
41,23;
24,23;
23,24;
24,25;
25,24;
24,26;
26,24;
24,34;
34,24;
24,41;
41,24;
25,13;
13,25;
25,24;
24,25;
25,26;
26,25;
25,34;
34,25;
26,12;
12,26;
26,24;
24,26;
26,25;
25,26;
27,11;
11,27;
27,12;
12,27;
27,34;
34,27;
27,41;
41,27;
28,29;
29,28;
28,35;
35,28;
28,36;
36,28;
29,2;
2,29;
29,28;
28,29;
29,30;
30,29;
29,35;
35,29;
29,37;
37,29;
30,2;
2,30;
30,3;
3,30;
30,29;
29,30;
30,31;
31,30;
30,36;
36,30;
30,38;
38,30;
31,3;
3,31;
31,4;
4,31;
31,5;
5,31;
31,30;
30,31;
32,5;
5,32;
32,6;
6,32;
32,7;
7,32;
33,8;
8,33;
33,9;
9,33;
33,40;
40,33;
34,11;
11,34;
34,24;
24,34;
34,25;
25,34;
34,27;
27,34;
34,41;
41,34;
35,14;
14,35;
35,28;
28,35;
35,29;
29,35;
35,36;
36,35;
36,14;
14,36;
36,15;
15,36;
36,28;
28,36;
36,30;
30,36;
36,35;
35,36;
36,37;
37,36;
37,15;
15,37;
37,16;
16,37;
37,29;
29,37;
37,36;
36,37;
38,5;
5,38;
38,16;
16,38;
38,17;
17,38;
38,30;
30,38;
39,5;
5,39;
39,7;
7,39;
39,18;
18,39;
39,19;
19,39;
40,8;
8,40;
40,9;
9,40;
40,20;
20,40;
40,21;
21,40;
40,33;
33,40;
41,10;
10,41;
41,11;
11,41;
41,23;
23,41;
41,24;
24,41;
41,27;
27,41;
41,34;
34,41;
}
label = {
1,1;
2,1;
3,1;
4,1;
5,1;
6,1;
7,1;
8,1;
9,1;
10,1;
11,1;
12,1;
13,1;
14,1;
15,1;
16,1;
17,1;
18,1;
19,1;
20,1;
21,1;
22,1;
23,1;
24,1;
25,1;
26,1;
27,2;
28,2;
29,2;
30,2;
31,2;
32,2;
33,2;
34,2;
35,2;
36,2;
37,2;
38,2;
39,2;
40,2;
41,2;
}