edge = {
1,2;
2,1;
1,14;
14,1;
2,1;
1,2;
2,3;
3,2;
2,13;
13,2;
2,26;
26,2;
2,27;
27,2;
3,2;
2,3;
3,4;
4,3;
3,16;
16,3;
3,27;
27,3;
3,28;
28,3;
4,3;
3,4;
4,5;
5,4;
4,15;
15,4;
4,17;
17,4;
4,28;
28,4;
5,4;
4,5;
5,6;
6,5;
5,7;
7,5;
5,16;
16,5;
5,29;
29,5;
6,5;
5,6;
6,7;
7,6;
6,19;
19,6;
6,29;
29,6;
7,5;
5,7;
7,6;
6,7;
7,8;
8,7;
7,18;
18,7;
7,30;
30,7;
8,7;
7,8;
8,9;
9,8;
8,10;
10,8;
8,30;
30,8;
9,8;
8,9;
9,10;
10,9;
9,11;
11,9;
9,12;
12,9;
9,31;
31,9;
10,8;
8,10;
10,9;
9,10;
10,11;
11,10;
10,12;
12,10;
10,31;
31,10;
10,32;
32,10;
11,9;
9,11;
11,10;
10,11;
11,12;
12,11;
11,32;
32,11;
12,9;
9,12;
12,10;
10,12;
12,11;
11,12;
13,2;
2,13;
13,14;
14,13;
13,35;
35,13;
13,42;
42,13;
14,1;
1,14;
14,13;
13,14;
14,15;
15,14;
14,35;
35,14;
14,36;
36,14;
15,4;
4,15;
15,14;
14,15;
15,16;
16,15;
15,36;
36,15;
15,37;
37,15;
16,3;
3,16;
16,5;
5,16;
16,15;
15,16;
16,17;
17,16;
16,37;
37,16;
17,4;
4,17;
17,16;
16,17;
17,18;
18,17;
17,19;
19,17;
17,38;
38,17;
18,7;
7,18;
18,17;
17,18;
18,19;
19,18;
18,38;
38,18;
19,6;
6,19;
19,17;
17,19;
19,18;
18,19;
19,20;
20,19;
19,39;
39,19;
20,19;
19,20;
20,21;
21,20;
20,22;
22,20;
20,39;
39,20;
21,20;
20,21;
21,22;
22,21;
21,23;
23,21;
21,24;
24,21;
21,40;
40,21;
22,20;
20,22;
22,21;
21,22;
22,23;
23,22;
22,24;
24,22;
22,40;
40,22;
22,41;
41,22;
23,21;
21,23;
23,22;
22,23;
23,24;
24,23;
23,41;
41,23;
24,21;
21,24;
24,22;
22,24;
24,23;
23,24;
25,33;
33,25;
25,42;
42,25;
26,2;
2,26;
26,27;
27,26;
26,33;
33,26;
26,36;
36,26;
27,2;
2,27;
27,3;
3,27;
27,26;
26,27;
27,28;
28,27;
27,35;
35,27;
27,37;
37,27;
28,3;
3,28;
28,4;
4,28;
28,27;
27,28;
28,29;
29,28;
28,36;
36,28;
28,38;
38,28;
29,5;
5,29;
29,6;
6,29;
29,28;
28,29;
29,30;
30,29;
29,37;
37,29;
29,39;
39,29;
30,7;
7,30;
30,8;
8,30;
30,29;
29,30;
30,38;
38,30;
31,9;
9,31;
31,10;
10,31;
31,32;
32,31;
31,41;
41,31;
32,10;
10,32;
32,11;
11,32;
32,31;
31,32;
32,40;
40,32;
33,25;
25,33;
33,26;
26,33;
33,34;
34,33;
33,42;
42,33;
34,33;
33,34;
34,42;
42,34;
35,13;
13,35;
35,14;
14,35;
35,27;
27,35;
35,36;
36,35;
36,14;
14,36;
36,15;
15,36;
36,26;
26,36;
36,28;
28,36;
36,35;
35,36;
36,37;
37,36;
37,15;
15,37;
37,16;
16,37;
37,27;
27,37;
37,29;
29,37;
37,36;
36,37;
37,38;
38,37;
38,17;
17,38;
38,18;
18,38;
38,28;
28,38;
38,30;
30,38;
38,37;
37,38;
38,39;
39,38;
39,19;
19,39;
39,20;
20,39;
39,29;
29,39;
39,38;
38,39;
40,21;
21,40;
40,22;
22,40;
40,32;
32,40;
40,41;
41,40;
41,22;
22,41;
41,23;
23,41;
41,31;
31,41;
41,40;
40,41;
42,13;
13,42;
42,25;
25,42;
42,33;
33,42;
42,34;
34,42;
}
label = {
1,1;
2,1;
3,1;
4,1;
5,1;
6,1;
7,1;
8,1;
9,1;
10,1;
11,1;
12,1;
13,1;
14,1;
15,1;
16,1;
17,1;
18,1;
19,1;
20,1;
21,1;
22,1;
23,1;
24,1;
25,2;
26,2;
27,2;
28,2;
29,2;
30,2;
31,2;
32,2;
33,2;
34,2;
35,2;
36,2;
37,2;
38,2;
39,2;
40,2;
41,2;
42,2;
}