edge = {
1,2;
2,1;
1,13;
13,1;
2,1;
1,2;
2,12;
12,2;
2,24;
24,2;
2,25;
25,2;
3,4;
4,3;
3,14;
14,3;
3,15;
15,3;
3,25;
25,3;
3,26;
26,3;
4,3;
3,4;
4,5;
5,4;
4,14;
14,4;
4,16;
16,4;
4,26;
26,4;
5,4;
4,5;
5,6;
6,5;
5,7;
7,5;
5,15;
15,5;
5,27;
27,5;
6,5;
5,6;
6,7;
7,6;
6,18;
18,6;
6,27;
27,6;
7,5;
5,7;
7,6;
6,7;
7,8;
8,7;
7,17;
17,7;
7,28;
28,7;
8,7;
7,8;
8,9;
9,8;
8,10;
10,8;
8,28;
28,8;
9,8;
8,9;
9,10;
10,9;
9,11;
11,9;
9,29;
29,9;
10,8;
8,10;
10,9;
9,10;
10,11;
11,10;
10,22;
22,10;
10,29;
29,10;
10,30;
30,10;
11,9;
9,11;
11,10;
10,11;
11,22;
22,11;
11,30;
30,11;
12,2;
2,12;
12,13;
13,12;
12,32;
32,12;
12,33;
33,12;
13,1;
1,13;
13,12;
12,13;
13,14;
14,13;
13,33;
33,13;
13,34;
34,13;
14,3;
3,14;
14,4;
4,14;
14,13;
13,14;
14,15;
15,14;
14,34;
34,14;
14,35;
35,14;
15,3;
3,15;
15,5;
5,15;
15,14;
14,15;
15,16;
16,15;
15,35;
35,15;
16,4;
4,16;
16,15;
15,16;
16,17;
17,16;
16,18;
18,16;
16,36;
36,16;
17,7;
7,17;
17,16;
16,17;
17,18;
18,17;
17,36;
36,17;
18,6;
6,18;
18,16;
16,18;
18,17;
17,18;
18,19;
19,18;
18,37;
37,18;
19,18;
18,19;
19,20;
20,19;
19,21;
21,19;
19,37;
37,19;
20,19;
19,20;
20,21;
21,20;
20,29;
29,20;
20,38;
38,20;
21,19;
19,21;
21,20;
20,21;
21,22;
22,21;
21,38;
38,21;
21,39;
39,21;
22,10;
10,22;
22,11;
11,22;
22,21;
21,22;
22,39;
39,22;
23,31;
31,23;
23,40;
40,23;
24,2;
2,24;
24,25;
25,24;
24,34;
34,24;
24,40;
40,24;
25,2;
2,25;
25,3;
3,25;
25,24;
24,25;
25,26;
26,25;
25,33;
33,25;
25,35;
35,25;
26,3;
3,26;
26,4;
4,26;
26,25;
25,26;
26,27;
27,26;
26,34;
34,26;
26,36;
36,26;
27,5;
5,27;
27,6;
6,27;
27,26;
26,27;
27,28;
28,27;
27,35;
35,27;
27,37;
37,27;
28,7;
7,28;
28,8;
8,28;
28,27;
27,28;
28,36;
36,28;
28,37;
37,28;
29,9;
9,29;
29,10;
10,29;
29,20;
20,29;
29,30;
30,29;
29,39;
39,29;
30,10;
10,30;
30,11;
11,30;
30,29;
29,30;
30,38;
38,30;
31,23;
23,31;
31,32;
32,31;
31,40;
40,31;
32,12;
12,32;
32,31;
31,32;
32,40;
40,32;
33,12;
12,33;
33,13;
13,33;
33,25;
25,33;
33,34;
34,33;
34,13;
13,34;
34,14;
14,34;
34,24;
24,34;
34,26;
26,34;
34,33;
33,34;
34,35;
35,34;
35,14;
14,35;
35,15;
15,35;
35,25;
25,35;
35,27;
27,35;
35,34;
34,35;
35,36;
36,35;
36,16;
16,36;
36,17;
17,36;
36,26;
26,36;
36,28;
28,36;
36,35;
35,36;
36,37;
37,36;
37,18;
18,37;
37,19;
19,37;
37,27;
27,37;
37,28;
28,37;
37,36;
36,37;
38,20;
20,38;
38,21;
21,38;
38,30;
30,38;
38,39;
39,38;
39,21;
21,39;
39,22;
22,39;
39,29;
29,39;
39,38;
38,39;
40,23;
23,40;
40,24;
24,40;
40,31;
31,40;
40,32;
32,40;
}
label = {
1,1;
2,1;
3,1;
4,1;
5,1;
6,1;
7,1;
8,1;
9,1;
10,1;
11,1;
12,1;
13,1;
14,1;
15,1;
16,1;
17,1;
18,1;
19,1;
20,1;
21,1;
22,1;
23,2;
24,2;
25,2;
26,2;
27,2;
28,2;
29,2;
30,2;
31,2;
32,2;
33,2;
34,2;
35,2;
36,2;
37,2;
38,2;
39,2;
40,2;
}