edge = {
1,2;
2,1;
1,15;
15,1;
2,1;
1,2;
2,14;
14,2;
2,28;
28,2;
2,29;
29,2;
3,4;
4,3;
3,17;
17,3;
3,29;
29,3;
3,30;
30,3;
4,3;
3,4;
4,5;
5,4;
4,16;
16,4;
4,18;
18,4;
4,30;
30,4;
5,4;
4,5;
5,6;
6,5;
5,17;
17,5;
5,31;
31,5;
6,5;
5,6;
6,7;
7,6;
6,8;
8,6;
6,20;
20,6;
6,31;
31,6;
7,6;
6,7;
7,8;
8,7;
7,19;
19,7;
8,6;
6,8;
8,7;
7,8;
8,9;
9,8;
8,10;
10,8;
8,32;
32,8;
9,8;
8,9;
9,10;
10,9;
9,11;
11,9;
9,32;
32,9;
10,8;
8,10;
10,9;
9,10;
10,11;
11,10;
10,33;
33,10;
11,9;
9,11;
11,10;
10,11;
11,12;
12,11;
11,13;
13,11;
11,33;
33,11;
11,34;
34,11;
12,11;
11,12;
12,13;
13,12;
12,26;
26,12;
12,34;
34,12;
13,11;
11,13;
13,12;
12,13;
13,25;
25,13;
14,2;
2,14;
14,15;
15,14;
14,36;
36,14;
14,37;
37,14;
15,1;
1,15;
15,14;
14,15;
15,16;
16,15;
15,37;
37,15;
15,38;
38,15;
16,4;
4,16;
16,15;
15,16;
16,17;
17,16;
16,38;
38,16;
16,39;
39,16;
17,3;
3,17;
17,5;
5,17;
17,16;
16,17;
17,18;
18,17;
17,39;
39,17;
18,4;
4,18;
18,17;
17,18;
18,19;
19,18;
18,40;
40,18;
19,7;
7,19;
19,18;
18,19;
19,20;
20,19;
19,21;
21,19;
19,40;
40,19;
20,6;
6,20;
20,19;
19,20;
20,21;
21,20;
21,19;
19,21;
21,20;
20,21;
21,22;
22,21;
21,32;
32,21;
21,41;
41,21;
22,21;
21,22;
22,23;
23,22;
22,24;
24,22;
22,41;
41,22;
23,22;
22,23;
23,24;
24,23;
23,25;
25,23;
23,42;
42,23;
24,22;
22,24;
24,23;
23,24;
24,25;
25,24;
24,26;
26,24;
24,42;
42,24;
24,43;
43,24;
25,13;
13,25;
25,23;
23,25;
25,24;
24,25;
25,26;
26,25;
25,43;
43,25;
26,12;
12,26;
26,24;
24,26;
26,25;
25,26;
27,28;
28,27;
27,35;
35,27;
27,44;
44,27;
28,2;
2,28;
28,27;
27,28;
28,29;
29,28;
28,38;
38,28;
29,2;
2,29;
29,3;
3,29;
29,28;
28,29;
29,30;
30,29;
29,37;
37,29;
29,39;
39,29;
30,3;
3,30;
30,4;
4,30;
30,29;
29,30;
30,31;
31,30;
30,38;
38,30;
30,40;
40,30;
31,5;
5,31;
31,6;
6,31;
31,30;
30,31;
31,32;
32,31;
31,39;
39,31;
31,41;
41,31;
32,8;
8,32;
32,9;
9,32;
32,21;
21,32;
32,31;
31,32;
32,41;
41,32;
33,10;
10,33;
33,11;
11,33;
33,34;
34,33;
33,43;
43,33;
34,11;
11,34;
34,12;
12,34;
34,33;
33,34;
34,42;
42,34;
35,27;
27,35;
35,36;
36,35;
35,44;
44,35;
36,14;
14,36;
36,35;
35,36;
36,44;
44,36;
37,14;
14,37;
37,15;
15,37;
37,29;
29,37;
37,38;
38,37;
38,15;
15,38;
38,16;
16,38;
38,28;
28,38;
38,30;
30,38;
38,37;
37,38;
38,39;
39,38;
39,16;
16,39;
39,17;
17,39;
39,29;
29,39;
39,31;
31,39;
39,38;
38,39;
39,40;
40,39;
40,18;
18,40;
40,19;
19,40;
40,30;
30,40;
40,39;
39,40;
41,21;
21,41;
41,22;
22,41;
41,31;
31,41;
41,32;
32,41;
42,23;
23,42;
42,24;
24,42;
42,34;
34,42;
42,43;
43,42;
43,24;
24,43;
43,25;
25,43;
43,33;
33,43;
43,42;
42,43;
44,27;
27,44;
44,35;
35,44;
44,36;
36,44;
}
label = {
1,1;
2,1;
3,1;
4,1;
5,1;
6,1;
7,1;
8,1;
9,1;
10,1;
11,1;
12,1;
13,1;
14,1;
15,1;
16,1;
17,1;
18,1;
19,1;
20,1;
21,1;
22,1;
23,1;
24,1;
25,1;
26,1;
27,2;
28,2;
29,2;
30,2;
31,2;
32,2;
33,2;
34,2;
35,2;
36,2;
37,2;
38,2;
39,2;
40,2;
41,2;
42,2;
43,2;
44,2;
}