edge = {
1,2;
2,1;
1,10;
10,1;
1,18;
18,1;
2,1;
1,2;
2,3;
3,2;
2,11;
11,2;
2,12;
12,2;
3,2;
2,3;
3,4;
4,3;
3,5;
5,3;
3,12;
12,3;
3,13;
13,3;
4,3;
3,4;
4,5;
5,4;
4,6;
6,4;
4,13;
13,4;
4,14;
14,4;
5,3;
3,5;
5,4;
4,5;
5,6;
6,5;
5,13;
13,5;
5,14;
14,5;
6,4;
4,6;
6,5;
5,6;
6,7;
7,6;
6,15;
15,6;
7,6;
6,7;
7,8;
8,7;
7,15;
15,7;
7,16;
16,7;
8,7;
7,8;
8,16;
16,8;
8,17;
17,8;
9,19;
19,9;
9,20;
20,9;
10,1;
1,10;
10,11;
11,10;
10,18;
18,10;
11,2;
2,11;
11,10;
10,11;
11,12;
12,11;
11,18;
18,11;
12,2;
2,12;
12,3;
3,12;
12,11;
11,12;
12,13;
13,12;
12,14;
14,12;
13,3;
3,13;
13,4;
4,13;
13,5;
5,13;
13,12;
12,13;
13,14;
14,13;
14,4;
4,14;
14,5;
5,14;
14,12;
12,14;
14,13;
13,14;
14,15;
15,14;
15,6;
6,15;
15,7;
7,15;
15,14;
14,15;
15,16;
16,15;
16,7;
7,16;
16,8;
8,16;
16,15;
15,16;
16,17;
17,16;
17,8;
8,17;
17,16;
16,17;
17,19;
19,17;
17,20;
20,17;
18,1;
1,18;
18,10;
10,18;
18,11;
11,18;
19,9;
9,19;
19,17;
17,19;
19,20;
20,19;
20,9;
9,20;
20,17;
17,20;
20,19;
19,20;
}
label = {
1,1;
2,1;
3,1;
4,1;
5,1;
6,1;
7,1;
8,1;
9,1;
10,2;
11,2;
12,2;
13,2;
14,2;
15,2;
16,2;
17,2;
18,2;
19,2;
20,2;
}