edge = {
1,21;
21,1;
1,29;
29,1;
2,3;
3,2;
2,13;
13,2;
2,22;
22,2;
2,23;
23,2;
3,2;
2,3;
3,4;
4,3;
3,12;
12,3;
3,23;
23,3;
3,24;
24,3;
4,3;
3,4;
4,5;
5,4;
4,24;
24,4;
4,25;
25,4;
5,4;
4,5;
5,6;
6,5;
5,7;
7,5;
5,25;
25,5;
5,26;
26,5;
6,5;
5,6;
6,7;
7,6;
6,8;
8,6;
6,26;
26,6;
7,5;
5,7;
7,6;
6,7;
7,8;
8,7;
7,27;
27,7;
8,6;
6,8;
8,7;
7,8;
8,9;
9,8;
8,27;
27,8;
8,28;
28,8;
9,8;
8,9;
9,10;
10,9;
9,20;
20,9;
9,28;
28,9;
9,30;
30,9;
10,9;
9,10;
10,20;
20,10;
10,31;
31,10;
11,21;
21,11;
11,29;
29,11;
11,33;
33,11;
11,40;
40,11;
12,3;
3,12;
12,13;
13,12;
12,33;
33,12;
12,34;
34,12;
13,2;
2,13;
13,12;
12,13;
13,14;
14,13;
13,34;
34,13;
13,35;
35,13;
14,13;
13,14;
14,15;
15,14;
14,35;
35,14;
14,36;
36,14;
15,14;
14,15;
15,16;
16,15;
15,17;
17,15;
15,36;
36,15;
15,37;
37,15;
16,15;
15,16;
16,17;
17,16;
16,18;
18,16;
16,27;
27,16;
16,37;
37,16;
17,15;
15,17;
17,16;
16,17;
17,18;
18,17;
17,38;
38,17;
18,16;
16,18;
18,17;
17,18;
18,19;
19,18;
18,27;
27,18;
18,38;
38,18;
18,39;
39,18;
19,18;
18,19;
19,20;
20,19;
19,28;
28,19;
19,39;
39,19;
19,41;
41,19;
20,9;
9,20;
20,10;
10,20;
20,19;
19,20;
20,30;
30,20;
20,42;
42,20;
21,1;
1,21;
21,11;
11,21;
21,22;
22,21;
21,29;
29,21;
21,33;
33,21;
21,40;
40,21;
22,2;
2,22;
22,21;
21,22;
22,29;
29,22;
23,2;
2,23;
23,3;
3,23;
23,24;
24,23;
23,35;
35,23;
24,3;
3,24;
24,4;
4,24;
24,23;
23,24;
24,25;
25,24;
24,34;
34,24;
24,36;
36,24;
25,4;
4,25;
25,5;
5,25;
25,24;
24,25;
25,26;
26,25;
25,35;
35,25;
25,37;
37,25;
26,5;
5,26;
26,6;
6,26;
26,25;
25,26;
26,36;
36,26;
27,7;
7,27;
27,8;
8,27;
27,16;
16,27;
27,18;
18,27;
27,28;
28,27;
28,8;
8,28;
28,9;
9,28;
28,19;
19,28;
28,27;
27,28;
28,30;
30,28;
28,38;
38,28;
28,41;
41,28;
29,1;
1,29;
29,11;
11,29;
29,21;
21,29;
29,22;
22,29;
29,32;
32,29;
29,33;
33,29;
30,9;
9,30;
30,20;
20,30;
30,28;
28,30;
30,31;
31,30;
30,39;
39,30;
30,42;
42,30;
31,10;
10,31;
31,30;
30,31;
31,41;
41,31;
31,42;
42,31;
32,29;
29,32;
32,40;
40,32;
33,11;
11,33;
33,12;
12,33;
33,21;
21,33;
33,29;
29,33;
34,12;
12,34;
34,13;
13,34;
34,24;
24,34;
34,35;
35,34;
35,13;
13,35;
35,14;
14,35;
35,23;
23,35;
35,25;
25,35;
35,34;
34,35;
35,36;
36,35;
36,14;
14,36;
36,15;
15,36;
36,24;
24,36;
36,26;
26,36;
36,35;
35,36;
36,37;
37,36;
37,15;
15,37;
37,16;
16,37;
37,25;
25,37;
37,36;
36,37;
38,17;
17,38;
38,18;
18,38;
38,28;
28,38;
39,18;
18,39;
39,19;
19,39;
39,30;
30,39;
39,41;
41,39;
40,11;
11,40;
40,21;
21,40;
40,32;
32,40;
41,19;
19,41;
41,28;
28,41;
41,31;
31,41;
41,39;
39,41;
41,42;
42,41;
42,20;
20,42;
42,30;
30,42;
42,31;
31,42;
42,41;
41,42;
}
label = {
1,1;
2,1;
3,1;
4,1;
5,1;
6,1;
7,1;
8,1;
9,1;
10,1;
11,1;
12,1;
13,1;
14,1;
15,1;
16,1;
17,1;
18,1;
19,1;
20,1;
21,2;
22,2;
23,2;
24,2;
25,2;
26,2;
27,2;
28,2;
29,2;
30,2;
31,2;
32,2;
33,2;
34,2;
35,2;
36,2;
37,2;
38,2;
39,2;
40,2;
41,2;
42,2;
}