edge = {
1,2;
2,1;
1,3;
3,1;
1,22;
22,1;
2,1;
1,2;
2,3;
3,2;
2,22;
22,2;
3,1;
1,3;
3,2;
2,3;
3,4;
4,3;
3,5;
5,3;
3,22;
22,3;
3,23;
23,3;
4,3;
3,4;
4,5;
5,4;
4,23;
23,4;
5,3;
3,5;
5,4;
4,5;
5,23;
23,5;
5,24;
24,5;
6,7;
7,6;
6,24;
24,6;
6,25;
25,6;
7,6;
6,7;
7,8;
8,7;
7,24;
24,7;
7,25;
25,7;
8,7;
7,8;
8,9;
9,8;
8,25;
25,8;
9,8;
8,9;
9,10;
10,9;
9,11;
11,9;
9,26;
26,9;
10,9;
9,10;
10,11;
11,10;
10,12;
12,10;
10,26;
26,10;
11,9;
9,11;
11,10;
10,11;
11,12;
12,11;
11,26;
26,11;
11,27;
27,11;
12,10;
10,12;
12,11;
11,12;
12,26;
26,12;
12,27;
27,12;
13,14;
14,13;
13,21;
21,13;
13,27;
27,13;
14,13;
13,14;
14,15;
15,14;
14,21;
21,14;
15,14;
14,15;
15,16;
16,15;
15,18;
18,15;
16,15;
15,16;
16,17;
17,16;
16,18;
18,16;
16,20;
20,16;
17,16;
16,17;
17,18;
18,17;
17,19;
19,17;
18,15;
15,18;
18,16;
16,18;
18,17;
17,18;
18,19;
19,18;
18,20;
20,18;
19,17;
17,19;
19,18;
18,19;
19,20;
20,19;
20,16;
16,20;
20,18;
18,20;
20,19;
19,20;
21,13;
13,21;
21,14;
14,21;
21,27;
27,21;
22,1;
1,22;
22,2;
2,22;
22,3;
3,22;
23,3;
3,23;
23,4;
4,23;
23,5;
5,23;
24,5;
5,24;
24,6;
6,24;
24,7;
7,24;
25,6;
6,25;
25,7;
7,25;
25,8;
8,25;
26,9;
9,26;
26,10;
10,26;
26,11;
11,26;
26,12;
12,26;
26,27;
27,26;
27,11;
11,27;
27,12;
12,27;
27,13;
13,27;
27,21;
21,27;
27,26;
26,27;
}
label = {
1,1;
2,1;
3,1;
4,1;
5,1;
6,1;
7,1;
8,1;
9,1;
10,1;
11,1;
12,1;
13,1;
14,1;
15,1;
16,1;
17,1;
18,1;
19,1;
20,1;
21,2;
22,2;
23,2;
24,2;
25,2;
26,2;
27,2;
}