edge = {
1,2;
2,1;
1,3;
3,1;
1,17;
17,1;
2,1;
1,2;
2,3;
3,2;
2,4;
4,2;
2,32;
32,2;
3,1;
1,3;
3,2;
2,3;
3,4;
4,3;
3,33;
33,3;
4,2;
2,4;
4,3;
3,4;
4,5;
5,4;
4,33;
33,4;
5,4;
4,5;
5,6;
6,5;
5,34;
34,5;
6,5;
5,6;
6,7;
7,6;
6,34;
34,6;
6,35;
35,6;
7,6;
6,7;
7,8;
8,7;
7,23;
23,7;
7,35;
35,7;
7,36;
36,7;
8,7;
7,8;
8,9;
9,8;
8,22;
22,8;
8,24;
24,8;
8,36;
36,8;
9,8;
8,9;
9,10;
10,9;
9,23;
23,9;
9,37;
37,9;
10,9;
9,10;
10,11;
11,10;
10,37;
37,10;
10,38;
38,10;
11,10;
10,11;
11,12;
12,11;
11,13;
13,11;
11,38;
38,11;
12,11;
11,12;
12,13;
13,12;
12,14;
14,12;
13,11;
11,13;
13,12;
12,13;
13,14;
14,13;
13,15;
15,13;
14,12;
12,14;
14,13;
13,14;
14,15;
15,14;
15,13;
13,15;
15,14;
14,15;
15,30;
30,15;
16,17;
17,16;
16,18;
18,16;
16,32;
32,16;
16,40;
40,16;
16,41;
41,16;
17,1;
1,17;
17,16;
16,17;
17,18;
18,17;
17,19;
19,17;
17,41;
41,17;
18,16;
16,18;
18,17;
17,18;
18,19;
19,18;
18,42;
42,18;
19,17;
17,19;
19,18;
18,19;
19,20;
20,19;
19,42;
42,19;
20,19;
19,20;
20,21;
21,20;
20,43;
43,20;
21,20;
20,21;
21,22;
22,21;
21,43;
43,21;
21,44;
44,21;
22,8;
8,22;
22,21;
21,22;
22,23;
23,22;
22,44;
44,22;
22,45;
45,22;
23,7;
7,23;
23,9;
9,23;
23,22;
22,23;
23,24;
24,23;
23,45;
45,23;
24,8;
8,24;
24,23;
23,24;
24,46;
46,24;
25,26;
26,25;
25,38;
38,25;
25,46;
46,25;
25,47;
47,25;
26,25;
25,26;
26,27;
27,26;
26,38;
38,26;
26,47;
47,26;
27,26;
26,27;
27,28;
28,27;
27,29;
29,27;
27,30;
30,27;
28,27;
27,28;
28,29;
29,28;
28,30;
30,28;
29,27;
27,29;
29,28;
28,29;
29,30;
30,29;
30,15;
15,30;
30,27;
27,30;
30,28;
28,30;
30,29;
29,30;
31,39;
39,31;
31,48;
48,31;
32,2;
2,32;
32,16;
16,32;
32,33;
33,32;
32,39;
39,32;
32,42;
42,32;
33,3;
3,33;
33,4;
4,33;
33,32;
32,33;
33,41;
41,33;
34,5;
5,34;
34,6;
6,34;
34,35;
35,34;
34,44;
44,34;
35,6;
6,35;
35,7;
7,35;
35,34;
34,35;
35,36;
36,35;
35,43;
43,35;
35,45;
45,35;
36,7;
7,36;
36,8;
8,36;
36,35;
35,36;
36,37;
37,36;
36,44;
44,36;
36,46;
46,36;
37,9;
9,37;
37,10;
10,37;
37,36;
36,37;
37,45;
45,37;
38,10;
10,38;
38,11;
11,38;
38,25;
25,38;
38,26;
26,38;
39,31;
31,39;
39,32;
32,39;
39,40;
40,39;
39,48;
48,39;
40,16;
16,40;
40,39;
39,40;
40,48;
48,40;
41,16;
16,41;
41,17;
17,41;
41,33;
33,41;
41,42;
42,41;
42,18;
18,42;
42,19;
19,42;
42,32;
32,42;
42,41;
41,42;
43,20;
20,43;
43,21;
21,43;
43,35;
35,43;
43,44;
44,43;
44,21;
21,44;
44,22;
22,44;
44,34;
34,44;
44,36;
36,44;
44,43;
43,44;
44,45;
45,44;
45,22;
22,45;
45,23;
23,45;
45,35;
35,45;
45,37;
37,45;
45,44;
44,45;
45,46;
46,45;
46,24;
24,46;
46,25;
25,46;
46,36;
36,46;
46,45;
45,46;
47,25;
25,47;
47,26;
26,47;
48,31;
31,48;
48,39;
39,48;
48,40;
40,48;
}
label = {
1,1;
2,1;
3,1;
4,1;
5,1;
6,1;
7,1;
8,1;
9,1;
10,1;
11,1;
12,1;
13,1;
14,1;
15,1;
16,1;
17,1;
18,1;
19,1;
20,1;
21,1;
22,1;
23,1;
24,1;
25,1;
26,1;
27,1;
28,1;
29,1;
30,1;
31,2;
32,2;
33,2;
34,2;
35,2;
36,2;
37,2;
38,2;
39,2;
40,2;
41,2;
42,2;
43,2;
44,2;
45,2;
46,2;
47,2;
48,2;
}