edge = {
1,2;
2,1;
1,3;
3,1;
1,27;
27,1;
2,1;
1,2;
2,3;
3,2;
2,4;
4,2;
2,27;
27,2;
3,1;
1,3;
3,2;
2,3;
3,4;
4,3;
3,5;
5,3;
3,26;
26,3;
3,27;
27,3;
4,2;
2,4;
4,3;
3,4;
4,5;
5,4;
4,26;
26,4;
5,3;
3,5;
5,4;
4,5;
5,6;
6,5;
5,25;
25,5;
5,26;
26,5;
6,5;
5,6;
6,7;
7,6;
6,25;
25,6;
7,6;
6,7;
7,8;
8,7;
7,24;
24,7;
7,25;
25,7;
8,7;
7,8;
8,9;
9,8;
8,10;
10,8;
8,30;
30,8;
9,8;
8,9;
9,23;
23,9;
9,24;
24,9;
9,30;
30,9;
10,8;
8,10;
10,11;
11,10;
10,12;
12,10;
10,13;
13,10;
10,31;
31,10;
11,10;
10,11;
11,12;
12,11;
11,13;
13,11;
11,22;
22,11;
11,31;
31,11;
12,10;
10,12;
12,11;
11,12;
12,13;
13,12;
12,14;
14,12;
12,22;
22,12;
13,10;
10,13;
13,11;
11,13;
13,12;
12,13;
13,14;
14,13;
13,29;
29,13;
14,12;
12,14;
14,13;
13,14;
14,15;
15,14;
14,28;
28,14;
14,29;
29,14;
15,14;
14,15;
15,16;
16,15;
15,17;
17,15;
15,28;
28,15;
16,15;
15,16;
16,17;
17,16;
16,18;
18,16;
16,19;
19,16;
17,15;
15,17;
17,16;
16,17;
17,18;
18,17;
17,19;
19,17;
17,21;
21,17;
18,16;
16,18;
18,17;
17,18;
18,19;
19,18;
18,20;
20,18;
19,16;
16,19;
19,17;
17,19;
19,18;
18,19;
19,20;
20,19;
19,21;
21,19;
20,18;
18,20;
20,19;
19,20;
20,21;
21,20;
21,17;
17,21;
21,19;
19,21;
21,20;
20,21;
22,11;
11,22;
22,12;
12,22;
22,23;
23,22;
22,29;
29,22;
22,31;
31,22;
23,9;
9,23;
23,22;
22,23;
23,30;
30,23;
23,31;
31,23;
24,7;
7,24;
24,9;
9,24;
24,30;
30,24;
25,5;
5,25;
25,6;
6,25;
25,7;
7,25;
25,26;
26,25;
26,3;
3,26;
26,4;
4,26;
26,5;
5,26;
26,25;
25,26;
26,27;
27,26;
27,1;
1,27;
27,2;
2,27;
27,3;
3,27;
27,26;
26,27;
28,14;
14,28;
28,15;
15,28;
28,29;
29,28;
29,13;
13,29;
29,14;
14,29;
29,22;
22,29;
29,28;
28,29;
29,31;
31,29;
30,8;
8,30;
30,9;
9,30;
30,23;
23,30;
30,24;
24,30;
31,10;
10,31;
31,11;
11,31;
31,22;
22,31;
31,23;
23,31;
31,29;
29,31;
}
label = {
1,1;
2,1;
3,1;
4,1;
5,1;
6,1;
7,1;
8,1;
9,1;
10,1;
11,1;
12,1;
13,1;
14,1;
15,1;
16,1;
17,1;
18,1;
19,1;
20,1;
21,1;
22,2;
23,2;
24,2;
25,2;
26,2;
27,2;
28,2;
29,2;
30,2;
31,2;
}