edge = {
1,2;
2,1;
1,3;
3,1;
1,26;
26,1;
2,1;
1,2;
2,3;
3,2;
2,4;
4,2;
2,26;
26,2;
3,1;
1,3;
3,2;
2,3;
3,4;
4,3;
3,5;
5,3;
3,25;
25,3;
4,2;
2,4;
4,3;
3,4;
4,5;
5,4;
4,6;
6,4;
4,25;
25,4;
5,3;
3,5;
5,4;
4,5;
5,6;
6,5;
5,24;
24,5;
6,4;
4,6;
6,5;
5,6;
6,7;
7,6;
6,24;
24,6;
7,6;
6,7;
7,23;
23,7;
7,24;
24,7;
8,22;
22,8;
8,23;
23,8;
8,29;
29,8;
9,10;
10,9;
9,11;
11,9;
9,12;
12,9;
9,21;
21,9;
9,22;
22,9;
9,30;
30,9;
10,9;
9,10;
10,11;
11,10;
10,12;
12,10;
10,21;
21,10;
10,30;
30,10;
11,9;
9,11;
11,10;
10,11;
11,12;
12,11;
11,21;
21,11;
12,9;
9,12;
12,10;
10,12;
12,11;
11,12;
12,13;
13,12;
12,28;
28,12;
13,12;
12,13;
13,14;
14,13;
13,27;
27,13;
13,28;
28,13;
14,13;
13,14;
14,15;
15,14;
14,27;
27,14;
15,14;
14,15;
15,16;
16,15;
15,17;
17,15;
15,18;
18,15;
16,15;
15,16;
16,17;
17,16;
16,18;
18,16;
16,20;
20,16;
17,15;
15,17;
17,16;
16,17;
17,18;
18,17;
17,19;
19,17;
18,15;
15,18;
18,16;
16,18;
18,17;
17,18;
18,19;
19,18;
18,20;
20,18;
19,17;
17,19;
19,18;
18,19;
19,20;
20,19;
20,16;
16,20;
20,18;
18,20;
20,19;
19,20;
21,9;
9,21;
21,10;
10,21;
21,11;
11,21;
21,22;
22,21;
21,28;
28,21;
21,30;
30,21;
22,8;
8,22;
22,9;
9,22;
22,21;
21,22;
22,29;
29,22;
22,30;
30,22;
23,7;
7,23;
23,8;
8,23;
23,29;
29,23;
24,5;
5,24;
24,6;
6,24;
24,7;
7,24;
24,25;
25,24;
25,3;
3,25;
25,4;
4,25;
25,24;
24,25;
25,26;
26,25;
26,1;
1,26;
26,2;
2,26;
26,25;
25,26;
27,13;
13,27;
27,14;
14,27;
27,28;
28,27;
28,12;
12,28;
28,13;
13,28;
28,21;
21,28;
28,27;
27,28;
29,8;
8,29;
29,22;
22,29;
29,23;
23,29;
30,9;
9,30;
30,10;
10,30;
30,21;
21,30;
30,22;
22,30;
}
label = {
1,1;
2,1;
3,1;
4,1;
5,1;
6,1;
7,1;
8,1;
9,1;
10,1;
11,1;
12,1;
13,1;
14,1;
15,1;
16,1;
17,1;
18,1;
19,1;
20,1;
21,2;
22,2;
23,2;
24,2;
25,2;
26,2;
27,2;
28,2;
29,2;
30,2;
}