edge = {
1,2;
2,1;
1,3;
3,1;
2,1;
1,2;
2,3;
3,2;
2,4;
4,2;
2,21;
21,2;
3,1;
1,3;
3,2;
2,3;
3,4;
4,3;
3,20;
20,3;
3,21;
21,3;
4,2;
2,4;
4,3;
3,4;
4,5;
5,4;
4,19;
19,4;
4,20;
20,4;
5,4;
4,5;
5,6;
6,5;
5,19;
19,5;
5,22;
22,5;
6,5;
5,6;
6,7;
7,6;
6,16;
16,6;
6,23;
23,6;
6,27;
27,6;
7,6;
6,7;
7,8;
8,7;
7,15;
15,7;
7,17;
17,7;
7,23;
23,7;
7,31;
31,7;
8,7;
7,8;
8,9;
9,8;
8,16;
16,8;
8,18;
18,8;
8,29;
29,8;
8,31;
31,8;
9,8;
8,9;
9,17;
17,9;
9,18;
18,9;
9,30;
30,9;
9,32;
32,9;
10,11;
11,10;
10,12;
12,10;
11,10;
10,11;
11,12;
12,11;
11,13;
13,11;
11,35;
35,11;
12,10;
10,12;
12,11;
11,12;
12,13;
13,12;
12,34;
34,12;
12,35;
35,12;
13,11;
11,13;
13,12;
12,13;
13,14;
14,13;
13,33;
33,13;
13,34;
34,13;
14,13;
13,14;
14,15;
15,14;
14,33;
33,14;
14,36;
36,14;
15,7;
7,15;
15,14;
14,15;
15,16;
16,15;
15,37;
37,15;
15,41;
41,15;
16,6;
6,16;
16,8;
8,16;
16,15;
15,16;
16,17;
17,16;
16,37;
37,16;
16,45;
45,16;
17,7;
7,17;
17,9;
9,17;
17,16;
16,17;
17,18;
18,17;
17,43;
43,17;
17,45;
45,17;
18,8;
8,18;
18,9;
9,18;
18,17;
17,18;
18,44;
44,18;
18,46;
46,18;
19,4;
4,19;
19,5;
5,19;
19,20;
20,19;
19,22;
22,19;
19,34;
34,19;
19,36;
36,19;
20,3;
3,20;
20,4;
4,20;
20,19;
19,20;
20,21;
21,20;
20,33;
33,20;
20,35;
35,20;
21,2;
2,21;
21,3;
3,21;
21,20;
20,21;
21,34;
34,21;
22,5;
5,22;
22,19;
19,22;
22,26;
26,22;
22,33;
33,22;
23,6;
6,23;
23,7;
7,23;
23,27;
27,23;
23,31;
31,23;
23,41;
41,23;
23,45;
45,23;
24,25;
25,24;
24,28;
28,24;
24,39;
39,24;
25,24;
24,25;
25,38;
38,25;
26,22;
22,26;
26,27;
27,26;
26,36;
36,26;
26,41;
41,26;
27,6;
6,27;
27,23;
23,27;
27,26;
26,27;
27,37;
37,27;
27,40;
40,27;
28,24;
24,28;
28,32;
32,28;
28,38;
38,28;
28,46;
46,28;
29,8;
8,29;
29,30;
30,29;
29,44;
44,29;
30,9;
9,30;
30,29;
29,30;
30,43;
43,30;
31,7;
7,31;
31,8;
8,31;
31,23;
23,31;
31,37;
37,31;
32,9;
9,32;
32,28;
28,32;
32,42;
42,32;
32,46;
46,32;
33,13;
13,33;
33,14;
14,33;
33,20;
20,33;
33,22;
22,33;
33,34;
34,33;
33,36;
36,33;
34,12;
12,34;
34,13;
13,34;
34,19;
19,34;
34,21;
21,34;
34,33;
33,34;
34,35;
35,34;
35,11;
11,35;
35,12;
12,35;
35,20;
20,35;
35,34;
34,35;
36,14;
14,36;
36,19;
19,36;
36,26;
26,36;
36,33;
33,36;
36,40;
40,36;
37,15;
15,37;
37,16;
16,37;
37,27;
27,37;
37,31;
31,37;
37,41;
41,37;
37,45;
45,37;
38,25;
25,38;
38,28;
28,38;
38,39;
39,38;
38,42;
42,38;
39,24;
24,39;
39,38;
38,39;
40,27;
27,40;
40,36;
36,40;
40,41;
41,40;
41,15;
15,41;
41,23;
23,41;
41,26;
26,41;
41,37;
37,41;
41,40;
40,41;
42,32;
32,42;
42,38;
38,42;
42,46;
46,42;
43,17;
17,43;
43,30;
30,43;
43,44;
44,43;
44,18;
18,44;
44,29;
29,44;
44,43;
43,44;
45,16;
16,45;
45,17;
17,45;
45,23;
23,45;
45,37;
37,45;
46,18;
18,46;
46,28;
28,46;
46,32;
32,46;
46,42;
42,46;
}
label = {
1,1;
2,1;
3,1;
4,1;
5,1;
6,1;
7,1;
8,1;
9,1;
10,1;
11,1;
12,1;
13,1;
14,1;
15,1;
16,1;
17,1;
18,1;
19,2;
20,2;
21,2;
22,2;
23,2;
24,2;
25,2;
26,2;
27,2;
28,2;
29,2;
30,2;
31,2;
32,2;
33,2;
34,2;
35,2;
36,2;
37,2;
38,2;
39,2;
40,2;
41,2;
42,2;
43,2;
44,2;
45,2;
46,2;
}