edge = {
1,2;
2,1;
1,3;
3,1;
1,4;
4,1;
2,1;
1,2;
2,3;
3,2;
2,4;
4,2;
2,22;
22,2;
3,1;
1,3;
3,2;
2,3;
3,4;
4,3;
3,5;
5,3;
3,22;
22,3;
4,1;
1,4;
4,2;
2,4;
4,3;
3,4;
4,5;
5,4;
4,21;
21,4;
5,3;
3,5;
5,4;
4,5;
5,6;
6,5;
5,16;
16,5;
5,21;
21,5;
6,5;
5,6;
6,23;
23,6;
6,34;
34,6;
7,8;
8,7;
7,24;
24,7;
7,28;
28,7;
7,42;
42,7;
8,7;
7,8;
8,9;
9,8;
8,19;
19,8;
8,24;
24,8;
8,32;
32,8;
9,8;
8,9;
9,30;
30,9;
9,32;
32,9;
9,46;
46,9;
10,20;
20,10;
10,31;
31,10;
10,33;
33,10;
10,45;
45,10;
11,12;
12,11;
11,13;
13,11;
11,22;
22,11;
12,11;
11,12;
12,13;
13,12;
12,22;
22,12;
12,36;
36,12;
13,11;
11,13;
13,12;
12,13;
13,14;
14,13;
13,22;
22,13;
13,36;
36,13;
14,13;
13,14;
14,15;
15,14;
14,21;
21,14;
14,35;
35,14;
15,14;
14,15;
15,21;
21,15;
15,34;
34,15;
15,35;
35,15;
16,5;
5,16;
16,23;
23,16;
16,34;
34,16;
16,37;
37,16;
17,24;
24,17;
17,28;
28,17;
17,38;
38,17;
17,42;
42,17;
18,24;
24,18;
18,32;
32,18;
18,38;
38,18;
18,46;
46,18;
19,8;
8,19;
19,32;
32,19;
19,44;
44,19;
19,46;
46,19;
20,10;
10,20;
20,31;
31,20;
20,45;
45,20;
20,47;
47,20;
21,4;
4,21;
21,5;
5,21;
21,14;
14,21;
21,15;
15,21;
21,34;
34,21;
22,2;
2,22;
22,3;
3,22;
22,11;
11,22;
22,12;
12,22;
22,13;
13,22;
23,6;
6,23;
23,16;
16,23;
23,27;
27,23;
23,34;
34,23;
24,7;
7,24;
24,8;
8,24;
24,17;
17,24;
24,18;
18,24;
24,28;
28,24;
25,26;
26,25;
25,29;
29,25;
25,40;
40,25;
26,25;
25,26;
26,39;
39,26;
27,23;
23,27;
27,28;
28,27;
27,37;
37,27;
27,42;
42,27;
28,7;
7,28;
28,17;
17,28;
28,24;
24,28;
28,27;
27,28;
28,38;
38,28;
28,41;
41,28;
29,25;
25,29;
29,33;
33,29;
29,39;
39,29;
29,47;
47,29;
30,9;
9,30;
30,31;
31,30;
30,45;
45,30;
31,10;
10,31;
31,20;
20,31;
31,30;
30,31;
31,44;
44,31;
32,8;
8,32;
32,9;
9,32;
32,18;
18,32;
32,19;
19,32;
33,10;
10,33;
33,29;
29,33;
33,43;
43,33;
33,47;
47,33;
34,6;
6,34;
34,15;
15,34;
34,16;
16,34;
34,21;
21,34;
34,23;
23,34;
34,35;
35,34;
34,37;
37,34;
35,14;
14,35;
35,15;
15,35;
35,34;
34,35;
36,12;
12,36;
36,13;
13,36;
37,16;
16,37;
37,27;
27,37;
37,34;
34,37;
37,41;
41,37;
38,17;
17,38;
38,18;
18,38;
38,28;
28,38;
39,26;
26,39;
39,29;
29,39;
39,40;
40,39;
39,43;
43,39;
40,25;
25,40;
40,39;
39,40;
41,28;
28,41;
41,37;
37,41;
41,42;
42,41;
42,7;
7,42;
42,17;
17,42;
42,27;
27,42;
42,41;
41,42;
43,33;
33,43;
43,39;
39,43;
43,47;
47,43;
44,19;
19,44;
44,31;
31,44;
44,45;
45,44;
45,10;
10,45;
45,20;
20,45;
45,30;
30,45;
45,44;
44,45;
46,9;
9,46;
46,18;
18,46;
46,19;
19,46;
47,20;
20,47;
47,29;
29,47;
47,33;
33,47;
47,43;
43,47;
}
label = {
1,1;
2,1;
3,1;
4,1;
5,1;
6,1;
7,1;
8,1;
9,1;
10,1;
11,1;
12,1;
13,1;
14,1;
15,1;
16,1;
17,1;
18,1;
19,1;
20,1;
21,2;
22,2;
23,2;
24,2;
25,2;
26,2;
27,2;
28,2;
29,2;
30,2;
31,2;
32,2;
33,2;
34,2;
35,2;
36,2;
37,2;
38,2;
39,2;
40,2;
41,2;
42,2;
43,2;
44,2;
45,2;
46,2;
47,2;
}