edge = {
1,2;
2,1;
1,15;
15,1;
2,1;
1,2;
2,3;
3,2;
2,29;
29,2;
2,31;
31,2;
3,2;
2,3;
3,15;
15,3;
3,24;
24,3;
3,31;
31,3;
3,33;
33,3;
4,9;
9,4;
4,32;
32,4;
4,33;
33,4;
5,6;
6,5;
5,10;
10,5;
5,11;
11,5;
5,12;
12,5;
5,13;
13,5;
5,18;
18,5;
5,25;
25,5;
5,32;
32,5;
6,5;
5,6;
6,19;
19,6;
6,26;
26,6;
7,8;
8,7;
7,34;
34,7;
7,35;
35,7;
8,7;
7,8;
8,9;
9,8;
8,34;
34,8;
8,36;
36,8;
9,4;
4,9;
9,8;
8,9;
9,36;
36,9;
9,38;
38,9;
10,5;
5,10;
10,16;
16,10;
10,37;
37,10;
10,38;
38,10;
11,5;
5,11;
11,12;
12,11;
11,18;
18,11;
11,25;
25,11;
11,37;
37,11;
12,5;
5,12;
12,11;
11,12;
12,13;
13,12;
13,5;
5,13;
13,12;
12,13;
14,15;
15,14;
14,41;
41,14;
14,42;
42,14;
15,1;
1,15;
15,3;
3,15;
15,14;
14,15;
15,41;
41,15;
15,43;
43,15;
16,10;
10,16;
16,43;
43,16;
16,45;
45,16;
17,23;
23,17;
17,44;
44,17;
17,45;
45,17;
18,5;
5,18;
18,11;
11,18;
18,19;
19,18;
18,25;
25,18;
18,44;
44,18;
19,6;
6,19;
19,18;
18,19;
19,20;
20,19;
19,25;
25,19;
19,26;
26,19;
20,19;
19,20;
20,26;
26,20;
21,30;
30,21;
21,35;
35,21;
21,42;
42,21;
21,46;
46,21;
21,47;
47,21;
22,29;
29,22;
22,34;
34,22;
22,41;
41,22;
22,46;
46,22;
22,48;
48,22;
23,17;
17,23;
23,24;
24,23;
23,48;
48,23;
23,50;
50,23;
24,3;
3,24;
24,23;
23,24;
24,49;
49,24;
24,50;
50,24;
25,5;
5,25;
25,11;
11,25;
25,18;
18,25;
25,19;
19,25;
25,26;
26,25;
25,49;
49,25;
26,6;
6,26;
26,19;
19,26;
26,20;
20,26;
26,25;
25,26;
27,28;
28,27;
27,30;
30,27;
27,40;
40,27;
28,27;
27,28;
28,35;
35,28;
28,39;
39,28;
29,2;
2,29;
29,22;
22,29;
29,30;
30,29;
30,21;
21,30;
30,27;
27,30;
30,29;
29,30;
31,2;
2,31;
31,3;
3,31;
32,4;
4,32;
32,5;
5,32;
33,3;
3,33;
33,4;
4,33;
33,38;
38,33;
33,50;
50,33;
34,7;
7,34;
34,8;
8,34;
34,22;
22,34;
35,7;
7,35;
35,21;
21,35;
35,28;
28,35;
36,8;
8,36;
36,9;
9,36;
37,10;
10,37;
37,11;
11,37;
38,9;
9,38;
38,10;
10,38;
38,33;
33,38;
38,45;
45,38;
38,50;
50,38;
39,28;
28,39;
39,40;
40,39;
39,42;
42,39;
40,27;
27,40;
40,39;
39,40;
40,47;
47,40;
41,14;
14,41;
41,15;
15,41;
41,22;
22,41;
42,14;
14,42;
42,21;
21,42;
42,39;
39,42;
43,15;
15,43;
43,16;
16,43;
44,17;
17,44;
44,18;
18,44;
45,16;
16,45;
45,17;
17,45;
45,38;
38,45;
45,50;
50,45;
46,21;
21,46;
46,22;
22,46;
47,21;
21,47;
47,40;
40,47;
48,22;
22,48;
48,23;
23,48;
49,24;
24,49;
49,25;
25,49;
50,23;
23,50;
50,24;
24,50;
50,33;
33,50;
50,38;
38,50;
50,45;
45,50;
}
label = {
1,1;
2,1;
3,1;
4,1;
5,1;
6,1;
7,1;
8,1;
9,1;
10,1;
11,1;
12,1;
13,1;
14,1;
15,1;
16,1;
17,1;
18,1;
19,1;
20,1;
21,1;
22,1;
23,1;
24,1;
25,1;
26,1;
27,2;
28,2;
29,2;
30,2;
31,2;
32,2;
33,2;
34,2;
35,2;
36,2;
37,2;
38,2;
39,2;
40,2;
41,2;
42,2;
43,2;
44,2;
45,2;
46,2;
47,2;
48,2;
49,2;
50,2;
}