edge = {
1,7;
7,1;
1,26;
26,1;
1,29;
29,1;
2,15;
15,2;
2,20;
20,2;
2,35;
35,2;
3,22;
22,3;
3,24;
24,3;
3,39;
39,3;
4,11;
11,4;
4,23;
23,4;
4,25;
25,4;
4,38;
38,4;
5,6;
6,5;
5,13;
13,5;
5,28;
28,5;
6,5;
5,6;
6,7;
7,6;
6,13;
13,6;
6,27;
27,6;
6,28;
28,6;
7,1;
1,7;
7,6;
6,7;
7,8;
8,7;
7,26;
26,7;
7,27;
27,7;
8,7;
7,8;
8,26;
26,8;
8,29;
29,8;
9,20;
20,9;
9,30;
30,9;
9,35;
35,9;
10,24;
24,10;
10,37;
37,10;
10,39;
39,10;
11,4;
4,11;
11,23;
23,11;
11,38;
38,11;
11,40;
40,11;
12,13;
13,12;
12,14;
14,12;
12,26;
26,12;
12,27;
27,12;
12,28;
28,12;
13,5;
5,13;
13,6;
6,13;
13,12;
12,13;
13,27;
27,13;
13,28;
28,13;
14,12;
12,14;
14,19;
19,14;
14,26;
26,14;
14,34;
34,14;
15,2;
2,15;
15,18;
18,15;
15,33;
33,15;
16,17;
17,16;
16,21;
21,16;
16,32;
32,16;
17,16;
16,17;
17,31;
31,17;
18,15;
15,18;
18,24;
24,18;
18,30;
30,18;
18,39;
39,18;
19,14;
14,19;
19,20;
20,19;
19,29;
29,19;
19,34;
34,19;
19,35;
35,19;
20,2;
2,20;
20,9;
9,20;
20,19;
19,20;
20,34;
34,20;
21,16;
16,21;
21,25;
25,21;
21,40;
40,21;
22,3;
3,22;
22,23;
23,22;
22,38;
38,22;
23,4;
4,23;
23,11;
11,23;
23,22;
22,23;
23,37;
37,23;
24,3;
3,24;
24,10;
10,24;
24,18;
18,24;
25,4;
4,25;
25,21;
21,25;
25,36;
36,25;
25,40;
40,25;
26,1;
1,26;
26,7;
7,26;
26,8;
8,26;
26,12;
12,26;
26,14;
14,26;
26,27;
27,26;
26,29;
29,26;
27,6;
6,27;
27,7;
7,27;
27,12;
12,27;
27,13;
13,27;
27,26;
26,27;
27,28;
28,27;
28,5;
5,28;
28,6;
6,28;
28,12;
12,28;
28,13;
13,28;
28,27;
27,28;
29,1;
1,29;
29,8;
8,29;
29,19;
19,29;
29,26;
26,29;
29,34;
34,29;
29,35;
35,29;
30,9;
9,30;
30,18;
18,30;
30,33;
33,30;
31,17;
17,31;
31,32;
32,31;
31,36;
36,31;
32,16;
16,32;
32,31;
31,32;
33,15;
15,33;
33,30;
30,33;
33,39;
39,33;
34,14;
14,34;
34,19;
19,34;
34,20;
20,34;
34,29;
29,34;
34,35;
35,34;
35,2;
2,35;
35,9;
9,35;
35,19;
19,35;
35,29;
29,35;
35,34;
34,35;
36,25;
25,36;
36,31;
31,36;
36,40;
40,36;
37,10;
10,37;
37,23;
23,37;
37,38;
38,37;
38,4;
4,38;
38,11;
11,38;
38,22;
22,38;
38,37;
37,38;
39,3;
3,39;
39,10;
10,39;
39,18;
18,39;
39,33;
33,39;
40,11;
11,40;
40,21;
21,40;
40,25;
25,40;
40,36;
36,40;
}
label = {
1,1;
2,1;
3,1;
4,1;
5,1;
6,1;
7,1;
8,1;
9,1;
10,1;
11,1;
12,2;
13,2;
14,2;
15,2;
16,2;
17,2;
18,2;
19,2;
20,2;
21,2;
22,2;
23,2;
24,2;
25,2;
26,2;
27,2;
28,2;
29,2;
30,2;
31,2;
32,2;
33,2;
34,2;
35,2;
36,2;
37,2;
38,2;
39,2;
40,2;
}