edge = {
1,32;
32,1;
1,37;
37,1;
2,31;
31,2;
2,33;
33,2;
3,10;
10,3;
3,33;
33,3;
3,35;
35,3;
4,34;
34,4;
4,35;
35,4;
4,40;
40,4;
5,6;
6,5;
5,24;
24,5;
5,34;
34,5;
5,39;
39,5;
6,5;
5,6;
7,32;
32,7;
7,36;
36,7;
7,37;
37,7;
7,42;
42,7;
8,36;
36,8;
8,38;
38,8;
9,33;
33,9;
9,38;
38,9;
9,40;
40,9;
9,43;
43,9;
10,3;
3,10;
10,35;
35,10;
10,39;
39,10;
10,40;
40,10;
11,12;
12,11;
11,34;
34,11;
11,39;
39,11;
12,11;
11,12;
12,17;
17,12;
12,30;
30,12;
13,41;
41,13;
13,42;
42,13;
14,41;
41,14;
14,43;
43,14;
15,22;
22,15;
15,43;
43,15;
15,45;
45,15;
16,17;
17,16;
16,21;
21,16;
16,44;
44,16;
16,45;
45,16;
17,12;
12,17;
17,16;
16,17;
17,18;
18,17;
17,22;
22,17;
17,44;
44,17;
18,17;
17,18;
19,20;
20,19;
19,46;
46,19;
19,47;
47,19;
20,19;
19,20;
20,21;
21,20;
20,46;
46,20;
20,48;
48,20;
21,16;
16,21;
21,20;
20,21;
21,48;
48,21;
21,50;
50,21;
22,15;
15,22;
22,17;
17,22;
22,23;
23,22;
22,49;
49,22;
22,50;
50,22;
23,22;
22,23;
23,24;
24,23;
23,49;
49,23;
24,5;
5,24;
24,23;
23,24;
25,51;
51,25;
25,52;
52,25;
26,27;
27,26;
26,51;
51,26;
26,53;
53,26;
27,26;
26,27;
27,28;
28,27;
27,53;
53,27;
27,55;
55,27;
28,27;
27,28;
28,29;
29,28;
28,30;
30,28;
28,54;
54,28;
28,55;
55,28;
29,28;
28,29;
29,30;
30,29;
29,54;
54,29;
30,12;
12,30;
30,28;
28,30;
30,29;
29,30;
31,2;
2,31;
31,32;
32,31;
32,1;
1,32;
32,7;
7,32;
32,31;
31,32;
33,2;
2,33;
33,3;
3,33;
33,9;
9,33;
34,4;
4,34;
34,5;
5,34;
34,11;
11,34;
35,3;
3,35;
35,4;
4,35;
35,10;
10,35;
35,55;
55,35;
36,7;
7,36;
36,8;
8,36;
37,1;
1,37;
37,7;
7,37;
38,8;
8,38;
38,9;
9,38;
39,5;
5,39;
39,10;
10,39;
39,11;
11,39;
40,4;
4,40;
40,9;
9,40;
40,10;
10,40;
40,55;
55,40;
41,13;
13,41;
41,14;
14,41;
42,7;
7,42;
42,13;
13,42;
43,9;
9,43;
43,14;
14,43;
43,15;
15,43;
44,16;
16,44;
44,17;
17,44;
45,15;
15,45;
45,16;
16,45;
45,55;
55,45;
46,19;
19,46;
46,20;
20,46;
47,19;
19,47;
48,20;
20,48;
48,21;
21,48;
49,22;
22,49;
49,23;
23,49;
50,21;
21,50;
50,22;
22,50;
51,25;
25,51;
51,26;
26,51;
52,25;
25,52;
53,26;
26,53;
53,27;
27,53;
54,28;
28,54;
54,29;
29,54;
55,27;
27,55;
55,28;
28,55;
55,35;
35,55;
55,40;
40,55;
55,45;
45,55;
}
label = {
1,1;
2,1;
3,1;
4,1;
5,1;
6,1;
7,1;
8,1;
9,1;
10,1;
11,1;
12,1;
13,1;
14,1;
15,1;
16,1;
17,1;
18,1;
19,1;
20,1;
21,1;
22,1;
23,1;
24,1;
25,1;
26,1;
27,1;
28,1;
29,1;
30,1;
31,2;
32,2;
33,2;
34,2;
35,2;
36,2;
37,2;
38,2;
39,2;
40,2;
41,2;
42,2;
43,2;
44,2;
45,2;
46,2;
47,2;
48,2;
49,2;
50,2;
51,2;
52,2;
53,2;
54,2;
55,2;
}