edge = {
1,2;
2,1;
1,3;
3,1;
1,9;
9,1;
2,1;
1,2;
2,3;
3,2;
2,10;
10,2;
2,23;
23,2;
3,1;
1,3;
3,2;
2,3;
3,4;
4,3;
3,9;
9,3;
3,11;
11,3;
3,30;
30,3;
4,3;
3,4;
4,10;
10,4;
4,32;
32,4;
4,34;
34,4;
5,6;
6,5;
5,13;
13,5;
5,37;
37,5;
6,5;
5,6;
6,12;
12,6;
6,36;
36,6;
7,14;
14,7;
7,22;
22,7;
7,35;
35,7;
7,59;
59,7;
8,16;
16,8;
8,28;
28,8;
8,52;
52,8;
8,53;
53,8;
9,1;
1,9;
9,3;
3,9;
9,10;
10,9;
9,47;
47,9;
10,2;
2,10;
10,4;
4,10;
10,9;
9,10;
10,11;
11,10;
10,54;
54,10;
11,3;
3,11;
11,10;
10,11;
11,56;
56,11;
11,58;
58,11;
12,6;
6,12;
12,13;
13,12;
12,37;
37,12;
12,61;
61,12;
13,5;
5,13;
13,12;
12,13;
13,36;
36,13;
13,60;
60,13;
14,7;
7,14;
14,35;
35,14;
14,46;
46,14;
14,59;
59,14;
15,23;
23,15;
15,29;
29,15;
15,53;
53,15;
16,8;
8,16;
16,24;
24,16;
16,28;
28,16;
16,52;
52,16;
17,19;
19,17;
17,25;
25,17;
17,27;
27,17;
17,43;
43,17;
17,51;
51,17;
18,20;
20,18;
18,26;
26,18;
18,50;
50,18;
19,17;
17,19;
19,25;
25,19;
20,18;
18,20;
20,21;
21,20;
20,45;
45,20;
21,20;
20,21;
21,22;
22,21;
21,44;
44,21;
21,46;
46,21;
22,7;
7,22;
22,21;
21,22;
22,45;
45,22;
23,2;
2,23;
23,15;
15,23;
23,29;
29,23;
23,53;
53,23;
24,16;
16,24;
24,28;
28,24;
24,52;
52,24;
25,17;
17,25;
25,19;
19,25;
25,27;
27,25;
25,43;
43,25;
25,51;
51,25;
26,18;
18,26;
26,27;
27,26;
26,42;
42,26;
27,17;
17,27;
27,25;
25,27;
27,26;
26,27;
28,8;
8,28;
28,16;
16,28;
28,24;
24,28;
28,29;
29,28;
29,15;
15,29;
29,23;
23,29;
29,28;
28,29;
30,3;
3,30;
30,34;
34,30;
30,58;
58,30;
31,35;
35,31;
31,38;
38,31;
31,59;
59,31;
31,62;
62,31;
32,4;
4,32;
32,37;
37,32;
32,61;
61,32;
33,36;
36,33;
33,38;
38,33;
33,60;
60,33;
33,62;
62,33;
34,4;
4,34;
34,30;
30,34;
34,54;
54,34;
35,7;
7,35;
35,14;
14,35;
35,31;
31,35;
35,55;
55,35;
36,6;
6,36;
36,13;
13,36;
36,33;
33,36;
36,57;
57,36;
37,5;
5,37;
37,12;
12,37;
37,32;
32,37;
37,56;
56,37;
38,31;
31,38;
38,33;
33,38;
38,55;
55,38;
38,57;
57,38;
38,62;
62,38;
39,47;
47,39;
39,53;
53,39;
40,48;
48,40;
40,52;
52,40;
41,43;
43,41;
41,49;
49,41;
42,26;
26,42;
42,44;
44,42;
42,50;
50,42;
43,17;
17,43;
43,25;
25,43;
43,41;
41,43;
44,21;
21,44;
44,42;
42,44;
44,45;
45,44;
45,20;
20,45;
45,22;
22,45;
45,44;
44,45;
45,46;
46,45;
46,14;
14,46;
46,21;
21,46;
46,45;
45,46;
47,9;
9,47;
47,39;
39,47;
48,40;
40,48;
49,41;
41,49;
49,51;
51,49;
50,18;
18,50;
50,42;
42,50;
50,51;
51,50;
51,17;
17,51;
51,25;
25,51;
51,49;
49,51;
51,50;
50,51;
52,8;
8,52;
52,16;
16,52;
52,24;
24,52;
52,40;
40,52;
53,8;
8,53;
53,15;
15,53;
53,23;
23,53;
53,39;
39,53;
54,10;
10,54;
54,34;
34,54;
54,58;
58,54;
55,35;
35,55;
55,38;
38,55;
55,59;
59,55;
55,62;
62,55;
56,11;
11,56;
56,37;
37,56;
56,61;
61,56;
57,36;
36,57;
57,38;
38,57;
57,60;
60,57;
57,62;
62,57;
58,11;
11,58;
58,30;
30,58;
58,54;
54,58;
59,7;
7,59;
59,14;
14,59;
59,31;
31,59;
59,55;
55,59;
60,13;
13,60;
60,33;
33,60;
60,57;
57,60;
61,12;
12,61;
61,32;
32,61;
61,56;
56,61;
62,31;
31,62;
62,33;
33,62;
62,38;
38,62;
62,55;
55,62;
62,57;
57,62;
}
label = {
1,1;
2,1;
3,1;
4,1;
5,1;
6,1;
7,1;
8,1;
9,1;
10,1;
11,1;
12,1;
13,1;
14,1;
15,2;
16,2;
17,2;
18,2;
19,2;
20,2;
21,2;
22,2;
23,2;
24,2;
25,2;
26,2;
27,2;
28,2;
29,2;
30,2;
31,2;
32,2;
33,2;
34,2;
35,2;
36,2;
37,2;
38,2;
39,2;
40,2;
41,2;
42,2;
43,2;
44,2;
45,2;
46,2;
47,2;
48,2;
49,2;
50,2;
51,2;
52,2;
53,2;
54,2;
55,2;
56,2;
57,2;
58,2;
59,2;
60,2;
61,2;
62,2;
}