edge = {
1,2;
2,1;
1,27;
27,1;
1,28;
28,1;
2,1;
1,2;
2,3;
3,2;
2,4;
4,2;
2,27;
27,2;
2,28;
28,2;
3,2;
2,3;
3,4;
4,3;
3,5;
5,3;
4,2;
2,4;
4,3;
3,4;
4,5;
5,4;
4,6;
6,4;
4,7;
7,4;
4,29;
29,4;
5,3;
3,5;
5,4;
4,5;
5,6;
6,5;
5,7;
7,5;
5,29;
29,5;
6,4;
4,6;
6,5;
5,6;
6,7;
7,6;
7,4;
4,7;
7,5;
5,7;
7,6;
6,7;
7,30;
30,7;
8,9;
9,8;
8,10;
10,8;
8,11;
11,8;
8,31;
31,8;
8,33;
33,8;
9,8;
8,9;
9,10;
10,9;
9,11;
11,9;
9,31;
31,9;
9,34;
34,9;
10,8;
8,10;
10,9;
9,10;
10,11;
11,10;
10,12;
12,10;
10,34;
34,10;
11,8;
8,11;
11,9;
9,11;
11,10;
10,11;
11,35;
35,11;
12,10;
10,12;
12,13;
13,12;
12,14;
14,12;
12,35;
35,12;
13,12;
12,13;
13,14;
14,13;
13,15;
15,13;
14,12;
12,14;
14,13;
13,14;
14,15;
15,14;
14,16;
16,14;
15,13;
13,15;
15,14;
14,15;
15,16;
16,15;
15,17;
17,15;
16,14;
14,16;
16,15;
15,16;
16,17;
17,16;
17,15;
15,17;
17,16;
16,17;
17,18;
18,17;
18,17;
17,18;
18,19;
19,18;
18,20;
20,18;
19,18;
18,19;
19,20;
20,19;
19,21;
21,19;
20,18;
18,20;
20,19;
19,20;
20,21;
21,20;
20,22;
22,20;
21,19;
19,21;
21,20;
20,21;
21,22;
22,21;
22,20;
20,22;
22,21;
21,22;
22,23;
23,22;
23,22;
22,23;
23,24;
24,23;
23,25;
25,23;
23,26;
26,23;
24,23;
23,24;
24,25;
25,24;
24,26;
26,24;
25,23;
23,25;
25,24;
24,25;
25,26;
26,25;
26,23;
23,26;
26,24;
24,26;
26,25;
25,26;
27,1;
1,27;
27,2;
2,27;
27,28;
28,27;
28,1;
1,28;
28,2;
2,28;
28,27;
27,28;
29,4;
4,29;
29,5;
5,29;
29,30;
30,29;
29,32;
32,29;
29,33;
33,29;
30,7;
7,30;
30,29;
29,30;
30,31;
31,30;
30,32;
32,30;
30,33;
33,30;
31,8;
8,31;
31,9;
9,31;
31,30;
30,31;
31,32;
32,31;
31,33;
33,31;
31,34;
34,31;
31,35;
35,31;
32,29;
29,32;
32,30;
30,32;
32,31;
31,32;
32,33;
33,32;
33,8;
8,33;
33,29;
29,33;
33,30;
30,33;
33,31;
31,33;
33,32;
32,33;
33,34;
34,33;
34,9;
9,34;
34,10;
10,34;
34,31;
31,34;
34,33;
33,34;
34,35;
35,34;
35,11;
11,35;
35,12;
12,35;
35,31;
31,35;
35,34;
34,35;
}
label = {
1,1;
2,1;
3,1;
4,1;
5,1;
6,1;
7,1;
8,1;
9,1;
10,1;
11,1;
12,1;
13,1;
14,1;
15,1;
16,1;
17,1;
18,1;
19,1;
20,1;
21,1;
22,1;
23,1;
24,1;
25,1;
26,1;
27,2;
28,2;
29,2;
30,2;
31,2;
32,2;
33,2;
34,2;
35,2;
}