edge = {
1,2;
2,1;
1,4;
4,1;
1,5;
5,1;
2,1;
1,2;
2,3;
3,2;
2,4;
4,2;
2,25;
25,2;
3,2;
2,3;
3,4;
4,3;
3,5;
5,3;
3,6;
6,3;
3,25;
25,3;
4,1;
1,4;
4,2;
2,4;
4,3;
3,4;
4,5;
5,4;
4,6;
6,4;
4,25;
25,4;
5,1;
1,5;
5,3;
3,5;
5,4;
4,5;
5,6;
6,5;
6,3;
3,6;
6,4;
4,6;
6,5;
5,6;
6,7;
7,6;
6,8;
8,6;
6,31;
31,6;
7,6;
6,7;
7,8;
8,7;
7,9;
9,7;
7,30;
30,7;
7,31;
31,7;
8,6;
6,8;
8,7;
7,8;
8,9;
9,8;
8,10;
10,8;
9,7;
7,9;
9,8;
8,9;
9,10;
10,9;
9,30;
30,9;
10,8;
8,10;
10,9;
9,10;
10,11;
11,10;
10,30;
30,10;
10,32;
32,10;
11,10;
10,11;
11,12;
12,11;
11,13;
13,11;
11,32;
32,11;
12,11;
11,12;
12,13;
13,12;
12,33;
33,12;
12,34;
34,12;
13,11;
11,13;
13,12;
12,13;
13,33;
33,13;
13,34;
34,13;
14,15;
15,14;
14,16;
16,14;
14,17;
17,14;
14,34;
34,14;
15,14;
14,15;
15,16;
16,15;
15,17;
17,15;
16,14;
14,16;
16,15;
15,16;
16,17;
17,16;
16,18;
18,16;
17,14;
14,17;
17,15;
15,17;
17,16;
16,17;
17,18;
18,17;
17,28;
28,17;
18,16;
16,18;
18,17;
17,18;
18,19;
19,18;
18,20;
20,18;
18,28;
28,18;
18,29;
29,18;
19,18;
18,19;
19,20;
20,19;
19,21;
21,19;
19,29;
29,19;
20,18;
18,20;
20,19;
19,20;
20,21;
21,20;
20,27;
27,20;
21,19;
19,21;
21,20;
20,21;
21,22;
22,21;
21,26;
26,21;
21,27;
27,21;
22,21;
21,22;
22,23;
23,22;
22,24;
24,22;
22,26;
26,22;
23,22;
22,23;
23,24;
24,23;
23,26;
26,23;
24,22;
22,24;
24,23;
23,24;
24,26;
26,24;
25,2;
2,25;
25,3;
3,25;
25,4;
4,25;
26,21;
21,26;
26,22;
22,26;
26,23;
23,26;
26,24;
24,26;
26,27;
27,26;
27,20;
20,27;
27,21;
21,27;
27,26;
26,27;
27,28;
28,27;
27,29;
29,27;
28,17;
17,28;
28,18;
18,28;
28,27;
27,28;
28,29;
29,28;
29,18;
18,29;
29,19;
19,29;
29,27;
27,29;
29,28;
28,29;
30,7;
7,30;
30,9;
9,30;
30,10;
10,30;
30,31;
31,30;
30,32;
32,30;
31,6;
6,31;
31,7;
7,31;
31,30;
30,31;
32,10;
10,32;
32,11;
11,32;
32,30;
30,32;
32,33;
33,32;
33,12;
12,33;
33,13;
13,33;
33,32;
32,33;
33,34;
34,33;
34,12;
12,34;
34,13;
13,34;
34,14;
14,34;
34,33;
33,34;
}
label = {
1,1;
2,1;
3,1;
4,1;
5,1;
6,1;
7,1;
8,1;
9,1;
10,1;
11,1;
12,1;
13,1;
14,1;
15,1;
16,1;
17,1;
18,1;
19,1;
20,1;
21,1;
22,1;
23,1;
24,1;
25,2;
26,2;
27,2;
28,2;
29,2;
30,2;
31,2;
32,2;
33,2;
34,2;
}