edge = {
1,22;
22,1;
1,23;
23,1;
1,24;
24,1;
2,8;
8,2;
2,16;
16,2;
2,24;
24,2;
2,25;
25,2;
3,4;
4,3;
3,6;
6,3;
3,14;
14,3;
3,27;
27,3;
4,3;
3,4;
4,9;
9,4;
4,17;
17,4;
5,9;
9,5;
5,11;
11,5;
5,17;
17,5;
5,19;
19,5;
6,3;
3,6;
6,14;
14,6;
6,27;
27,6;
7,15;
15,7;
7,25;
25,7;
7,26;
26,7;
8,2;
2,8;
8,16;
16,8;
8,24;
24,8;
9,4;
4,9;
9,5;
5,9;
9,11;
11,9;
9,17;
17,9;
9,19;
19,9;
10,18;
18,10;
10,22;
22,10;
10,23;
23,10;
11,5;
5,11;
11,9;
9,11;
11,19;
19,11;
12,20;
20,12;
12,21;
21,12;
12,29;
29,12;
13,19;
19,13;
13,21;
21,13;
13,28;
28,13;
13,29;
29,13;
14,3;
3,14;
14,6;
6,14;
14,27;
27,14;
15,7;
7,15;
15,25;
25,15;
15,26;
26,15;
15,27;
27,15;
16,2;
2,16;
16,8;
8,16;
16,24;
24,16;
17,4;
4,17;
17,5;
5,17;
17,9;
9,17;
18,10;
10,18;
18,22;
22,18;
18,23;
23,18;
19,5;
5,19;
19,9;
9,19;
19,11;
11,19;
19,13;
13,19;
20,12;
12,20;
20,21;
21,20;
20,29;
29,20;
21,12;
12,21;
21,13;
13,21;
21,20;
20,21;
21,28;
28,21;
21,29;
29,21;
22,1;
1,22;
22,10;
10,22;
22,18;
18,22;
22,23;
23,22;
23,1;
1,23;
23,10;
10,23;
23,18;
18,23;
23,22;
22,23;
23,24;
24,23;
24,1;
1,24;
24,2;
2,24;
24,8;
8,24;
24,16;
16,24;
24,23;
23,24;
25,2;
2,25;
25,7;
7,25;
25,15;
15,25;
25,26;
26,25;
26,7;
7,26;
26,15;
15,26;
26,25;
25,26;
27,3;
3,27;
27,6;
6,27;
27,14;
14,27;
27,15;
15,27;
28,13;
13,28;
28,21;
21,28;
28,29;
29,28;
29,12;
12,29;
29,13;
13,29;
29,20;
20,29;
29,21;
21,29;
29,28;
28,29;
}
label = {
1,1;
2,1;
3,1;
4,1;
5,1;
6,2;
7,2;
8,2;
9,2;
10,2;
11,2;
12,2;
13,2;
14,2;
15,2;
16,2;
17,2;
18,2;
19,2;
20,2;
21,2;
22,3;
23,3;
24,3;
25,3;
26,3;
27,3;
28,3;
29,3;
}