edge = {
1,2;
2,1;
1,10;
10,1;
1,12;
12,1;
1,20;
20,1;
1,24;
24,1;
2,1;
1,2;
2,10;
10,2;
2,18;
18,2;
2,24;
24,2;
3,9;
9,3;
3,10;
10,3;
3,18;
18,3;
4,8;
8,4;
4,11;
11,4;
4,16;
16,4;
5,11;
11,5;
5,13;
13,5;
5,19;
19,5;
5,21;
21,5;
6,7;
7,6;
6,15;
15,6;
6,25;
25,6;
7,6;
6,7;
7,14;
14,7;
7,15;
15,7;
7,22;
22,7;
7,23;
23,7;
8,4;
4,8;
8,9;
9,8;
8,16;
16,8;
8,17;
17,8;
9,3;
3,9;
9,8;
8,9;
9,16;
16,9;
9,17;
17,9;
10,1;
1,10;
10,2;
2,10;
10,3;
3,10;
10,18;
18,10;
11,4;
4,11;
11,5;
5,11;
11,13;
13,11;
11,19;
19,11;
12,1;
1,12;
12,20;
20,12;
12,24;
24,12;
13,5;
5,13;
13,11;
11,13;
13,19;
19,13;
13,21;
21,13;
13,25;
25,13;
14,7;
7,14;
14,22;
22,14;
14,23;
23,14;
15,6;
6,15;
15,7;
7,15;
15,25;
25,15;
16,4;
4,16;
16,8;
8,16;
16,9;
9,16;
16,17;
17,16;
17,8;
8,17;
17,9;
9,17;
17,16;
16,17;
18,2;
2,18;
18,3;
3,18;
18,10;
10,18;
19,5;
5,19;
19,11;
11,19;
19,13;
13,19;
20,1;
1,20;
20,12;
12,20;
20,24;
24,20;
21,5;
5,21;
21,13;
13,21;
21,25;
25,21;
22,7;
7,22;
22,14;
14,22;
22,23;
23,22;
23,7;
7,23;
23,14;
14,23;
23,22;
22,23;
24,1;
1,24;
24,2;
2,24;
24,12;
12,24;
24,20;
20,24;
25,6;
6,25;
25,13;
13,25;
25,15;
15,25;
25,21;
21,25;
}
label = {
1,1;
2,1;
3,1;
4,1;
5,1;
6,1;
7,1;
8,2;
9,2;
10,2;
11,2;
12,2;
13,2;
14,2;
15,2;
16,2;
17,2;
18,2;
19,2;
20,2;
21,2;
22,2;
23,2;
24,2;
25,2;
}