edge = {
1,2;
2,1;
1,3;
3,1;
1,35;
35,1;
1,55;
55,1;
2,1;
1,2;
2,3;
3,2;
2,20;
20,2;
2,40;
40,2;
3,1;
1,3;
3,2;
2,3;
3,4;
4,3;
3,28;
28,3;
4,3;
3,4;
4,5;
5,4;
4,18;
18,4;
4,21;
21,4;
4,27;
27,4;
5,4;
4,5;
5,30;
30,5;
5,32;
32,5;
5,41;
41,5;
5,50;
50,5;
6,7;
7,6;
6,23;
23,6;
6,36;
36,6;
6,56;
56,6;
7,6;
6,7;
7,8;
8,7;
7,25;
25,7;
7,36;
36,7;
7,45;
45,7;
8,7;
7,8;
8,25;
25,8;
8,34;
34,8;
8,45;
45,8;
9,10;
10,9;
9,11;
11,9;
9,35;
35,9;
9,40;
40,9;
9,55;
55,9;
10,9;
9,10;
10,11;
11,10;
10,40;
40,10;
10,49;
49,10;
11,9;
9,11;
11,10;
10,11;
11,12;
12,11;
11,39;
39,11;
12,11;
11,12;
12,13;
13,12;
12,18;
18,12;
12,41;
41,12;
12,47;
47,12;
13,12;
12,13;
13,14;
14,13;
13,41;
41,13;
13,50;
50,13;
13,52;
52,13;
14,13;
13,14;
14,15;
15,14;
14,16;
16,14;
14,43;
43,14;
14,56;
56,14;
15,14;
14,15;
15,16;
16,15;
15,25;
25,15;
15,45;
45,15;
15,56;
56,15;
16,14;
14,16;
16,15;
15,16;
16,45;
45,16;
16,54;
54,16;
17,18;
18,17;
17,26;
26,17;
18,4;
4,18;
18,12;
12,18;
18,17;
17,18;
18,27;
27,18;
19,26;
26,19;
19,28;
28,19;
19,39;
39,19;
19,48;
48,19;
20,2;
2,20;
20,29;
29,20;
20,40;
40,20;
20,49;
49,20;
21,4;
4,21;
21,30;
30,21;
22,31;
31,22;
22,35;
35,22;
22,55;
55,22;
23,6;
6,23;
23,32;
32,23;
24,33;
33,24;
24,34;
34,24;
24,53;
53,24;
24,54;
54,24;
25,7;
7,25;
25,8;
8,25;
25,15;
15,25;
25,56;
56,25;
26,17;
17,26;
26,19;
19,26;
27,4;
4,27;
27,18;
18,27;
28,3;
3,28;
28,19;
19,28;
28,39;
39,28;
28,48;
48,28;
29,20;
20,29;
29,35;
35,29;
29,40;
40,29;
29,49;
49,29;
30,5;
5,30;
30,21;
21,30;
31,22;
22,31;
31,35;
35,31;
31,55;
55,31;
32,5;
5,32;
32,23;
23,32;
33,24;
24,33;
33,34;
34,33;
33,44;
44,33;
33,54;
54,33;
34,8;
8,34;
34,24;
24,34;
34,33;
33,34;
35,1;
1,35;
35,9;
9,35;
35,22;
22,35;
35,29;
29,35;
35,31;
31,35;
36,6;
6,36;
36,7;
7,36;
36,56;
56,36;
37,46;
46,37;
37,48;
48,37;
38,46;
46,38;
38,47;
47,38;
39,11;
11,39;
39,19;
19,39;
39,28;
28,39;
39,48;
48,39;
40,2;
2,40;
40,9;
9,40;
40,10;
10,40;
40,20;
20,40;
40,29;
29,40;
40,49;
49,40;
41,5;
5,41;
41,12;
12,41;
41,13;
13,41;
41,50;
50,41;
42,51;
51,42;
43,14;
14,43;
43,52;
52,43;
44,33;
33,44;
44,53;
53,44;
45,7;
7,45;
45,8;
8,45;
45,15;
15,45;
45,16;
16,45;
45,56;
56,45;
46,37;
37,46;
46,38;
38,46;
47,12;
12,47;
47,38;
38,47;
48,19;
19,48;
48,28;
28,48;
48,37;
37,48;
48,39;
39,48;
49,10;
10,49;
49,20;
20,49;
49,29;
29,49;
49,40;
40,49;
50,5;
5,50;
50,13;
13,50;
50,41;
41,50;
51,42;
42,51;
51,55;
55,51;
52,13;
13,52;
52,43;
43,52;
53,24;
24,53;
53,44;
44,53;
53,54;
54,53;
54,16;
16,54;
54,24;
24,54;
54,33;
33,54;
54,53;
53,54;
55,1;
1,55;
55,9;
9,55;
55,22;
22,55;
55,31;
31,55;
55,51;
51,55;
56,6;
6,56;
56,14;
14,56;
56,15;
15,56;
56,25;
25,56;
56,36;
36,56;
56,45;
45,56;
}
label = {
1,1;
2,1;
3,1;
4,1;
5,1;
6,1;
7,1;
8,1;
9,1;
10,1;
11,1;
12,1;
13,1;
14,1;
15,1;
16,1;
17,2;
18,2;
19,2;
20,2;
21,2;
22,2;
23,2;
24,2;
25,2;
26,2;
27,2;
28,2;
29,2;
30,2;
31,2;
32,2;
33,2;
34,2;
35,2;
36,2;
37,2;
38,2;
39,2;
40,2;
41,2;
42,2;
43,2;
44,2;
45,2;
46,2;
47,2;
48,2;
49,2;
50,2;
51,2;
52,2;
53,2;
54,2;
55,2;
56,2;
}