edge = {
1,2;
2,1;
1,8;
8,1;
2,1;
1,2;
2,3;
3,2;
2,7;
7,2;
2,9;
9,2;
2,15;
15,2;
2,17;
17,2;
3,2;
2,3;
3,8;
8,3;
3,17;
17,3;
3,18;
18,3;
4,5;
5,4;
4,11;
11,4;
4,16;
16,4;
4,19;
19,4;
5,4;
4,5;
5,6;
6,5;
5,11;
11,5;
5,14;
14,5;
5,16;
16,5;
6,5;
5,6;
6,11;
11,6;
6,12;
12,6;
6,14;
14,6;
7,2;
2,7;
7,8;
8,7;
7,21;
21,7;
8,1;
1,8;
8,3;
3,8;
8,7;
7,8;
8,9;
9,8;
8,25;
25,8;
9,2;
2,9;
9,8;
8,9;
9,10;
10,9;
9,25;
25,9;
9,26;
26,9;
10,9;
9,10;
10,11;
11,10;
10,20;
20,10;
10,27;
27,10;
11,4;
4,11;
11,5;
5,11;
11,6;
6,11;
11,10;
10,11;
11,20;
20,11;
11,22;
22,11;
12,6;
6,12;
12,13;
13,12;
12,23;
23,12;
12,24;
24,12;
13,12;
12,13;
13,23;
23,13;
13,24;
24,13;
14,5;
5,14;
14,6;
6,14;
14,16;
16,14;
14,22;
22,14;
15,2;
2,15;
15,17;
17,15;
15,21;
21,15;
15,25;
25,15;
16,4;
4,16;
16,5;
5,16;
16,14;
14,16;
16,19;
19,16;
16,20;
20,16;
16,22;
22,16;
17,2;
2,17;
17,3;
3,17;
17,15;
15,17;
17,18;
18,17;
17,21;
21,17;
17,26;
26,17;
18,3;
3,18;
18,17;
17,18;
18,19;
19,18;
18,25;
25,18;
18,27;
27,18;
19,4;
4,19;
19,16;
16,19;
19,18;
18,19;
19,20;
20,19;
19,26;
26,19;
19,27;
27,19;
20,10;
10,20;
20,11;
11,20;
20,16;
16,20;
20,19;
19,20;
20,22;
22,20;
21,7;
7,21;
21,15;
15,21;
21,17;
17,21;
21,25;
25,21;
22,11;
11,22;
22,14;
14,22;
22,16;
16,22;
22,20;
20,22;
22,24;
24,22;
23,12;
12,23;
23,13;
13,23;
23,24;
24,23;
24,12;
12,24;
24,13;
13,24;
24,22;
22,24;
24,23;
23,24;
25,8;
8,25;
25,9;
9,25;
25,15;
15,25;
25,18;
18,25;
25,21;
21,25;
25,26;
26,25;
26,9;
9,26;
26,17;
17,26;
26,19;
19,26;
26,25;
25,26;
26,27;
27,26;
27,10;
10,27;
27,18;
18,27;
27,19;
19,27;
27,26;
26,27;
}
label = {
1,1;
2,1;
3,1;
4,1;
5,1;
6,1;
7,1;
8,1;
9,1;
10,1;
11,1;
12,2;
13,2;
14,2;
15,2;
16,2;
17,2;
18,2;
19,2;
20,2;
21,2;
22,2;
23,2;
24,2;
25,2;
26,2;
27,2;
}