edge = {
1,9;
9,1;
1,11;
11,1;
1,17;
17,1;
1,19;
19,1;
1,23;
23,1;
2,8;
8,2;
2,9;
9,2;
2,17;
17,2;
3,7;
7,3;
3,10;
10,3;
3,15;
15,3;
4,10;
10,4;
4,12;
12,4;
4,18;
18,4;
4,20;
20,4;
5,6;
6,5;
5,14;
14,5;
5,24;
24,5;
6,5;
5,6;
6,13;
13,6;
6,14;
14,6;
6,21;
21,6;
6,22;
22,6;
7,3;
3,7;
7,8;
8,7;
7,15;
15,7;
7,16;
16,7;
8,2;
2,8;
8,7;
7,8;
8,15;
15,8;
8,16;
16,8;
9,1;
1,9;
9,2;
2,9;
9,17;
17,9;
10,3;
3,10;
10,4;
4,10;
10,12;
12,10;
10,18;
18,10;
11,1;
1,11;
11,19;
19,11;
11,23;
23,11;
12,4;
4,12;
12,10;
10,12;
12,18;
18,12;
12,20;
20,12;
12,24;
24,12;
13,6;
6,13;
13,21;
21,13;
13,22;
22,13;
14,5;
5,14;
14,6;
6,14;
14,24;
24,14;
15,3;
3,15;
15,7;
7,15;
15,8;
8,15;
15,16;
16,15;
16,7;
7,16;
16,8;
8,16;
16,15;
15,16;
17,1;
1,17;
17,2;
2,17;
17,9;
9,17;
17,23;
23,17;
18,4;
4,18;
18,10;
10,18;
18,12;
12,18;
19,1;
1,19;
19,11;
11,19;
19,23;
23,19;
20,4;
4,20;
20,12;
12,20;
20,24;
24,20;
21,6;
6,21;
21,13;
13,21;
21,22;
22,21;
22,6;
6,22;
22,13;
13,22;
22,21;
21,22;
23,1;
1,23;
23,11;
11,23;
23,17;
17,23;
23,19;
19,23;
24,5;
5,24;
24,12;
12,24;
24,14;
14,24;
24,20;
20,24;
}
label = {
1,1;
2,1;
3,1;
4,1;
5,1;
6,1;
7,2;
8,2;
9,2;
10,2;
11,2;
12,2;
13,2;
14,2;
15,2;
16,2;
17,2;
18,2;
19,2;
20,2;
21,2;
22,2;
23,2;
24,2;
}