edge = {
1,2;
2,1;
1,8;
8,1;
1,10;
10,1;
1,16;
16,1;
1,18;
18,1;
1,22;
22,1;
2,1;
1,2;
2,3;
3,2;
2,4;
4,2;
2,8;
8,2;
3,2;
2,3;
3,4;
4,3;
3,7;
7,3;
3,15;
15,3;
4,2;
2,4;
4,3;
3,4;
4,5;
5,4;
4,6;
6,4;
4,9;
9,4;
5,4;
4,5;
5,9;
9,5;
5,17;
17,5;
5,19;
19,5;
6,4;
4,6;
6,7;
7,6;
6,9;
9,6;
6,14;
14,6;
6,15;
15,6;
6,17;
17,6;
7,3;
3,7;
7,6;
6,7;
7,8;
8,7;
7,14;
14,7;
7,15;
15,7;
7,16;
16,7;
8,1;
1,8;
8,2;
2,8;
8,7;
7,8;
8,15;
15,8;
8,16;
16,8;
9,4;
4,9;
9,5;
5,9;
9,6;
6,9;
9,11;
11,9;
9,14;
14,9;
9,17;
17,9;
9,19;
19,9;
10,1;
1,10;
10,18;
18,10;
10,22;
22,10;
11,9;
9,11;
11,19;
19,11;
11,23;
23,11;
12,13;
13,12;
12,20;
20,12;
12,21;
21,12;
13,12;
12,13;
13,20;
20,13;
13,21;
21,13;
13,23;
23,13;
14,6;
6,14;
14,7;
7,14;
14,9;
9,14;
14,15;
15,14;
14,17;
17,14;
15,3;
3,15;
15,6;
6,15;
15,7;
7,15;
15,8;
8,15;
15,14;
14,15;
15,16;
16,15;
16,1;
1,16;
16,7;
7,16;
16,8;
8,16;
16,15;
15,16;
16,22;
22,16;
17,5;
5,17;
17,6;
6,17;
17,9;
9,17;
17,14;
14,17;
18,1;
1,18;
18,10;
10,18;
18,22;
22,18;
19,5;
5,19;
19,9;
9,19;
19,11;
11,19;
19,23;
23,19;
20,12;
12,20;
20,13;
13,20;
20,21;
21,20;
21,12;
12,21;
21,13;
13,21;
21,20;
20,21;
22,1;
1,22;
22,10;
10,22;
22,16;
16,22;
22,18;
18,22;
23,11;
11,23;
23,13;
13,23;
23,19;
19,23;
}
label = {
1,1;
2,1;
3,1;
4,1;
5,1;
6,2;
7,2;
8,2;
9,2;
10,2;
11,2;
12,2;
13,2;
14,2;
15,2;
16,2;
17,2;
18,2;
19,2;
20,2;
21,2;
22,2;
23,2;
}