edge = {
1,2;
2,1;
1,3;
3,1;
1,36;
36,1;
1,56;
56,1;
2,1;
1,2;
2,3;
3,2;
2,4;
4,2;
2,21;
21,2;
3,1;
1,3;
3,2;
2,3;
3,4;
4,3;
4,2;
2,4;
4,3;
3,4;
4,5;
5,4;
4,20;
20,4;
5,4;
4,5;
5,6;
6,5;
5,19;
19,5;
5,22;
22,5;
5,28;
28,5;
6,5;
5,6;
6,31;
31,6;
6,33;
33,6;
6,42;
42,6;
6,51;
51,6;
7,8;
8,7;
7,24;
24,7;
7,37;
37,7;
7,57;
57,7;
8,7;
7,8;
8,9;
9,8;
8,26;
26,8;
8,37;
37,8;
8,46;
46,8;
9,8;
8,9;
9,26;
26,9;
9,35;
35,9;
9,46;
46,9;
10,11;
11,10;
10,12;
12,10;
10,36;
36,10;
10,41;
41,10;
10,56;
56,10;
11,10;
10,11;
11,12;
12,11;
11,41;
41,11;
11,50;
50,11;
12,10;
10,12;
12,11;
11,12;
12,13;
13,12;
12,40;
40,12;
13,12;
12,13;
13,14;
14,13;
13,19;
19,13;
13,42;
42,13;
13,48;
48,13;
14,13;
13,14;
14,15;
15,14;
14,42;
42,14;
14,51;
51,14;
14,53;
53,14;
15,14;
14,15;
15,16;
16,15;
15,17;
17,15;
15,44;
44,15;
15,57;
57,15;
16,15;
15,16;
16,17;
17,16;
16,26;
26,16;
16,46;
46,16;
16,57;
57,16;
17,15;
15,17;
17,16;
16,17;
17,46;
46,17;
17,55;
55,17;
18,27;
27,18;
18,29;
29,18;
19,5;
5,19;
19,13;
13,19;
19,27;
27,19;
19,28;
28,19;
20,4;
4,20;
20,29;
29,20;
20,40;
40,20;
20,49;
49,20;
21,2;
2,21;
21,30;
30,21;
21,41;
41,21;
21,50;
50,21;
22,5;
5,22;
22,31;
31,22;
23,32;
32,23;
23,36;
36,23;
23,56;
56,23;
24,7;
7,24;
24,33;
33,24;
25,34;
34,25;
25,35;
35,25;
25,54;
54,25;
25,55;
55,25;
26,8;
8,26;
26,9;
9,26;
26,16;
16,26;
26,57;
57,26;
27,18;
18,27;
27,19;
19,27;
28,5;
5,28;
28,19;
19,28;
29,18;
18,29;
29,20;
20,29;
29,40;
40,29;
29,49;
49,29;
30,21;
21,30;
30,36;
36,30;
30,41;
41,30;
30,50;
50,30;
31,6;
6,31;
31,22;
22,31;
32,23;
23,32;
32,36;
36,32;
32,56;
56,32;
33,6;
6,33;
33,24;
24,33;
34,25;
25,34;
34,35;
35,34;
34,45;
45,34;
34,55;
55,34;
35,9;
9,35;
35,25;
25,35;
35,34;
34,35;
36,1;
1,36;
36,10;
10,36;
36,23;
23,36;
36,30;
30,36;
36,32;
32,36;
37,7;
7,37;
37,8;
8,37;
37,57;
57,37;
38,47;
47,38;
38,49;
49,38;
39,47;
47,39;
39,48;
48,39;
40,12;
12,40;
40,20;
20,40;
40,29;
29,40;
40,49;
49,40;
41,10;
10,41;
41,11;
11,41;
41,21;
21,41;
41,30;
30,41;
41,50;
50,41;
42,6;
6,42;
42,13;
13,42;
42,14;
14,42;
42,51;
51,42;
43,52;
52,43;
44,15;
15,44;
44,53;
53,44;
45,34;
34,45;
45,54;
54,45;
46,8;
8,46;
46,9;
9,46;
46,16;
16,46;
46,17;
17,46;
46,57;
57,46;
47,38;
38,47;
47,39;
39,47;
48,13;
13,48;
48,39;
39,48;
49,20;
20,49;
49,29;
29,49;
49,38;
38,49;
49,40;
40,49;
50,11;
11,50;
50,21;
21,50;
50,30;
30,50;
50,41;
41,50;
51,6;
6,51;
51,14;
14,51;
51,42;
42,51;
52,43;
43,52;
52,56;
56,52;
53,14;
14,53;
53,44;
44,53;
54,25;
25,54;
54,45;
45,54;
54,55;
55,54;
55,17;
17,55;
55,25;
25,55;
55,34;
34,55;
55,54;
54,55;
56,1;
1,56;
56,10;
10,56;
56,23;
23,56;
56,32;
32,56;
56,52;
52,56;
57,7;
7,57;
57,15;
15,57;
57,16;
16,57;
57,26;
26,57;
57,37;
37,57;
57,46;
46,57;
}
label = {
1,1;
2,1;
3,1;
4,1;
5,1;
6,1;
7,1;
8,1;
9,1;
10,1;
11,1;
12,1;
13,1;
14,1;
15,1;
16,1;
17,1;
18,2;
19,2;
20,2;
21,2;
22,2;
23,2;
24,2;
25,2;
26,2;
27,2;
28,2;
29,2;
30,2;
31,2;
32,2;
33,2;
34,2;
35,2;
36,2;
37,2;
38,2;
39,2;
40,2;
41,2;
42,2;
43,2;
44,2;
45,2;
46,2;
47,2;
48,2;
49,2;
50,2;
51,2;
52,2;
53,2;
54,2;
55,2;
56,2;
57,2;
}