edge = {
1,2;
2,1;
1,21;
21,1;
1,22;
22,1;
2,1;
1,2;
2,3;
3,2;
2,4;
4,2;
2,21;
21,2;
2,22;
22,2;
3,2;
2,3;
3,4;
4,3;
3,5;
5,3;
3,22;
22,3;
4,2;
2,4;
4,3;
3,4;
4,5;
5,4;
4,6;
6,4;
4,22;
22,4;
4,23;
23,4;
5,3;
3,5;
5,4;
4,5;
5,6;
6,5;
5,7;
7,5;
5,23;
23,5;
6,4;
4,6;
6,5;
5,6;
6,7;
7,6;
6,23;
23,6;
7,5;
5,7;
7,6;
6,7;
7,8;
8,7;
7,24;
24,7;
8,7;
7,8;
8,9;
9,8;
8,10;
10,8;
8,24;
24,8;
8,25;
25,8;
9,8;
8,9;
9,10;
10,9;
9,11;
11,9;
9,26;
26,9;
9,27;
27,9;
10,8;
8,10;
10,9;
9,10;
10,11;
11,10;
10,12;
12,10;
10,27;
27,10;
11,9;
9,11;
11,10;
10,11;
11,12;
12,11;
11,28;
28,11;
12,10;
10,12;
12,11;
11,12;
12,13;
13,12;
12,14;
14,12;
12,28;
28,12;
13,12;
12,13;
13,14;
14,13;
13,15;
15,13;
13,28;
28,13;
14,12;
12,14;
14,13;
13,14;
14,15;
15,14;
15,13;
13,15;
15,14;
14,15;
15,29;
29,15;
16,17;
17,16;
16,39;
39,16;
16,40;
40,16;
17,16;
16,17;
17,35;
35,17;
17,40;
40,17;
17,41;
41,17;
18,19;
19,18;
18,20;
20,18;
18,33;
33,18;
18,34;
34,18;
19,18;
18,19;
19,20;
20,19;
19,34;
34,19;
20,18;
18,20;
20,19;
19,20;
20,30;
30,20;
20,34;
34,20;
21,1;
1,21;
21,2;
2,21;
21,22;
22,21;
22,1;
1,22;
22,2;
2,22;
22,3;
3,22;
22,4;
4,22;
22,21;
21,22;
22,23;
23,22;
23,4;
4,23;
23,5;
5,23;
23,6;
6,23;
23,22;
22,23;
23,24;
24,23;
24,7;
7,24;
24,8;
8,24;
24,23;
23,24;
24,25;
25,24;
24,26;
26,24;
25,8;
8,25;
25,24;
24,25;
25,26;
26,25;
25,27;
27,25;
26,9;
9,26;
26,24;
24,26;
26,25;
25,26;
26,27;
27,26;
26,28;
28,26;
27,9;
9,27;
27,10;
10,27;
27,25;
25,27;
27,26;
26,27;
27,28;
28,27;
28,11;
11,28;
28,12;
12,28;
28,13;
13,28;
28,26;
26,28;
28,27;
27,28;
29,15;
15,29;
29,36;
36,29;
29,39;
39,29;
29,40;
40,29;
30,20;
20,30;
30,31;
31,30;
30,32;
32,30;
30,34;
34,30;
31,30;
30,31;
31,32;
32,31;
31,34;
34,31;
32,30;
30,32;
32,31;
31,32;
32,34;
34,32;
33,18;
18,33;
33,34;
34,33;
33,37;
37,33;
33,38;
38,33;
34,18;
18,34;
34,19;
19,34;
34,20;
20,34;
34,30;
30,34;
34,31;
31,34;
34,32;
32,34;
34,33;
33,34;
35,17;
17,35;
35,39;
39,35;
35,40;
40,35;
35,41;
41,35;
36,29;
29,36;
36,39;
39,36;
36,40;
40,36;
37,33;
33,37;
37,38;
38,37;
37,41;
41,37;
37,42;
42,37;
38,33;
33,38;
38,37;
37,38;
38,41;
41,38;
38,42;
42,38;
39,16;
16,39;
39,29;
29,39;
39,35;
35,39;
39,36;
36,39;
39,40;
40,39;
40,16;
16,40;
40,17;
17,40;
40,29;
29,40;
40,35;
35,40;
40,36;
36,40;
40,39;
39,40;
41,17;
17,41;
41,35;
35,41;
41,37;
37,41;
41,38;
38,41;
41,42;
42,41;
42,37;
37,42;
42,38;
38,42;
42,41;
41,42;
}
label = {
1,1;
2,1;
3,1;
4,1;
5,1;
6,1;
7,1;
8,1;
9,1;
10,1;
11,1;
12,1;
13,1;
14,1;
15,1;
16,1;
17,1;
18,1;
19,1;
20,1;
21,2;
22,2;
23,2;
24,2;
25,2;
26,2;
27,2;
28,2;
29,2;
30,2;
31,2;
32,2;
33,2;
34,2;
35,2;
36,2;
37,2;
38,2;
39,2;
40,2;
41,2;
42,2;
}