edge = {
1,2;
2,1;
1,3;
3,1;
1,6;
6,1;
2,1;
1,2;
2,3;
3,2;
2,7;
7,2;
2,13;
13,2;
2,15;
15,2;
3,1;
1,3;
3,2;
2,3;
3,6;
6,3;
3,15;
15,3;
3,16;
16,3;
4,5;
5,4;
4,9;
9,4;
4,14;
14,4;
4,17;
17,4;
5,4;
4,5;
5,8;
8,5;
5,9;
9,5;
5,12;
12,5;
5,14;
14,5;
6,1;
1,6;
6,3;
3,6;
6,7;
7,6;
6,21;
21,6;
6,23;
23,6;
7,2;
2,7;
7,6;
6,7;
7,8;
8,7;
7,23;
23,7;
7,24;
24,7;
8,5;
5,8;
8,7;
7,8;
8,9;
9,8;
8,22;
22,8;
8,25;
25,8;
9,4;
4,9;
9,5;
5,9;
9,8;
8,9;
9,20;
20,9;
9,22;
22,9;
10,11;
11,10;
10,12;
12,10;
10,19;
19,10;
11,10;
10,11;
11,18;
18,11;
11,19;
19,11;
12,5;
5,12;
12,10;
10,12;
12,14;
14,12;
12,22;
22,12;
13,2;
2,13;
13,15;
15,13;
13,23;
23,13;
14,4;
4,14;
14,5;
5,14;
14,12;
12,14;
14,20;
20,14;
14,22;
22,14;
15,2;
2,15;
15,3;
3,15;
15,13;
13,15;
15,16;
16,15;
15,21;
21,15;
15,23;
23,15;
15,24;
24,15;
16,3;
3,16;
16,15;
15,16;
16,17;
17,16;
16,23;
23,16;
16,25;
25,16;
17,4;
4,17;
17,16;
16,17;
17,24;
24,17;
17,25;
25,17;
18,11;
11,18;
18,19;
19,18;
18,20;
20,18;
19,10;
10,19;
19,11;
11,19;
19,18;
18,19;
20,9;
9,20;
20,14;
14,20;
20,18;
18,20;
20,22;
22,20;
21,6;
6,21;
21,15;
15,21;
21,23;
23,21;
22,8;
8,22;
22,9;
9,22;
22,12;
12,22;
22,14;
14,22;
22,20;
20,22;
23,6;
6,23;
23,7;
7,23;
23,13;
13,23;
23,15;
15,23;
23,16;
16,23;
23,21;
21,23;
23,24;
24,23;
24,7;
7,24;
24,15;
15,24;
24,17;
17,24;
24,23;
23,24;
24,25;
25,24;
25,8;
8,25;
25,16;
16,25;
25,17;
17,25;
25,24;
24,25;
}
label = {
1,1;
2,1;
3,1;
4,1;
5,1;
6,1;
7,1;
8,1;
9,1;
10,2;
11,2;
12,2;
13,2;
14,2;
15,2;
16,2;
17,2;
18,2;
19,2;
20,2;
21,2;
22,2;
23,2;
24,2;
25,2;
}