edge = {
1,2;
2,1;
1,12;
12,1;
1,14;
14,1;
1,19;
19,1;
1,21;
21,1;
2,1;
1,2;
2,14;
14,2;
2,15;
15,2;
2,21;
21,2;
3,13;
13,3;
3,15;
15,3;
3,20;
20,3;
3,23;
23,3;
4,7;
7,4;
4,8;
8,4;
4,11;
11,4;
4,13;
13,4;
4,20;
20,4;
5,6;
6,5;
5,14;
14,5;
5,19;
19,5;
5,21;
21,5;
6,5;
5,6;
6,14;
14,6;
6,21;
21,6;
6,22;
22,6;
7,4;
4,7;
7,8;
8,7;
7,20;
20,7;
7,23;
23,7;
8,4;
4,8;
8,7;
7,8;
8,13;
13,8;
8,18;
18,8;
8,20;
20,8;
9,10;
10,9;
9,11;
11,9;
9,17;
17,9;
10,9;
9,10;
10,16;
16,10;
11,4;
4,11;
11,9;
9,11;
11,13;
13,11;
11,20;
20,11;
12,1;
1,12;
12,14;
14,12;
12,21;
21,12;
13,3;
3,13;
13,4;
4,13;
13,8;
8,13;
13,11;
11,13;
13,18;
18,13;
13,20;
20,13;
14,1;
1,14;
14,2;
2,14;
14,5;
5,14;
14,6;
6,14;
14,12;
12,14;
14,15;
15,14;
14,22;
22,14;
15,2;
2,15;
15,3;
3,15;
15,14;
14,15;
15,21;
21,15;
15,22;
22,15;
15,23;
23,15;
16,10;
10,16;
16,17;
17,16;
16,18;
18,16;
17,9;
9,17;
17,16;
16,17;
18,8;
8,18;
18,13;
13,18;
18,16;
16,18;
18,20;
20,18;
19,1;
1,19;
19,5;
5,19;
19,21;
21,19;
20,3;
3,20;
20,4;
4,20;
20,7;
7,20;
20,8;
8,20;
20,11;
11,20;
20,13;
13,20;
20,18;
18,20;
21,1;
1,21;
21,2;
2,21;
21,5;
5,21;
21,6;
6,21;
21,12;
12,21;
21,15;
15,21;
21,19;
19,21;
21,22;
22,21;
22,6;
6,22;
22,14;
14,22;
22,15;
15,22;
22,21;
21,22;
22,23;
23,22;
23,3;
3,23;
23,7;
7,23;
23,15;
15,23;
23,22;
22,23;
}
label = {
1,1;
2,1;
3,1;
4,1;
5,1;
6,1;
7,1;
8,1;
9,2;
10,2;
11,2;
12,2;
13,2;
14,2;
15,2;
16,2;
17,2;
18,2;
19,2;
20,2;
21,2;
22,2;
23,2;
}