edge = {
1,27;
27,1;
1,38;
38,1;
2,11;
11,2;
2,27;
27,2;
2,28;
28,2;
3,9;
9,3;
3,29;
29,3;
3,30;
30,3;
3,31;
31,3;
4,8;
8,4;
4,12;
12,4;
4,32;
32,4;
4,33;
33,4;
5,26;
26,5;
5,27;
27,5;
5,38;
38,5;
5,39;
39,5;
6,19;
19,6;
6,27;
27,6;
6,28;
28,6;
6,39;
39,6;
6,40;
40,6;
7,17;
17,7;
7,41;
41,7;
7,42;
42,7;
7,43;
43,7;
8,4;
4,8;
8,20;
20,8;
8,30;
30,8;
8,31;
31,8;
8,44;
44,8;
8,45;
45,8;
9,3;
3,9;
9,10;
10,9;
9,18;
18,9;
9,20;
20,9;
9,29;
29,9;
10,9;
9,10;
10,11;
11,10;
10,17;
17,10;
10,19;
19,10;
10,28;
28,10;
10,29;
29,10;
11,2;
2,11;
11,10;
10,11;
11,13;
13,11;
11,18;
18,11;
11,19;
19,11;
11,21;
21,11;
11,27;
27,11;
12,4;
4,12;
12,14;
14,12;
12,22;
22,12;
12,31;
31,12;
13,11;
11,13;
13,19;
19,13;
13,25;
25,13;
14,12;
12,14;
14,20;
20,14;
14,33;
33,14;
14,34;
34,14;
15,16;
16,15;
15,24;
24,15;
15,36;
36,15;
16,15;
15,16;
16,23;
23,16;
16,24;
24,16;
16,35;
35,16;
16,36;
36,16;
17,7;
7,17;
17,10;
10,17;
17,18;
18,17;
17,20;
20,17;
17,41;
41,17;
18,9;
9,18;
18,11;
11,18;
18,17;
17,18;
18,19;
19,18;
18,40;
40,18;
18,41;
41,18;
19,6;
6,19;
19,10;
10,19;
19,11;
11,19;
19,13;
13,19;
19,18;
18,19;
19,21;
21,19;
19,39;
39,19;
20,8;
8,20;
20,9;
9,20;
20,14;
14,20;
20,17;
17,20;
20,22;
22,20;
20,43;
43,20;
21,11;
11,21;
21,19;
19,21;
21,37;
37,21;
22,12;
12,22;
22,20;
20,22;
22,45;
45,22;
22,46;
46,22;
23,16;
16,23;
23,24;
24,23;
23,48;
48,23;
24,15;
15,24;
24,16;
16,24;
24,23;
23,24;
24,47;
47,24;
24,48;
48,24;
25,13;
13,25;
25,26;
26,25;
25,38;
38,25;
26,5;
5,26;
26,25;
25,26;
26,27;
27,26;
26,37;
37,26;
27,1;
1,27;
27,2;
2,27;
27,5;
5,27;
27,6;
6,27;
27,11;
11,27;
27,26;
26,27;
28,2;
2,28;
28,6;
6,28;
28,10;
10,28;
28,29;
29,28;
29,3;
3,29;
29,9;
9,29;
29,10;
10,29;
29,28;
28,29;
29,30;
30,29;
30,3;
3,30;
30,8;
8,30;
30,29;
29,30;
30,31;
31,30;
30,43;
43,30;
31,3;
3,31;
31,8;
8,31;
31,12;
12,31;
31,30;
30,31;
31,44;
44,31;
31,45;
45,31;
32,4;
4,32;
32,33;
33,32;
33,4;
4,33;
33,14;
14,33;
33,32;
32,33;
33,44;
44,33;
34,14;
14,34;
34,35;
35,34;
34,36;
36,34;
35,16;
16,35;
35,34;
34,35;
35,36;
36,35;
35,46;
46,35;
36,15;
15,36;
36,16;
16,36;
36,34;
34,36;
36,35;
35,36;
36,47;
47,36;
36,48;
48,36;
37,21;
21,37;
37,26;
26,37;
37,38;
38,37;
38,1;
1,38;
38,5;
5,38;
38,25;
25,38;
38,37;
37,38;
39,5;
5,39;
39,6;
6,39;
39,19;
19,39;
39,40;
40,39;
40,6;
6,40;
40,18;
18,40;
40,39;
39,40;
40,41;
41,40;
41,7;
7,41;
41,17;
17,41;
41,18;
18,41;
41,40;
40,41;
41,42;
42,41;
42,7;
7,42;
42,41;
41,42;
42,43;
43,42;
43,7;
7,43;
43,20;
20,43;
43,30;
30,43;
43,42;
42,43;
44,8;
8,44;
44,31;
31,44;
44,33;
33,44;
44,45;
45,44;
45,8;
8,45;
45,22;
22,45;
45,31;
31,45;
45,44;
44,45;
46,22;
22,46;
46,35;
35,46;
46,47;
47,46;
46,48;
48,46;
47,24;
24,47;
47,36;
36,47;
47,46;
46,47;
47,48;
48,47;
48,23;
23,48;
48,24;
24,48;
48,36;
36,48;
48,46;
46,48;
48,47;
47,48;
}
label = {
1,1;
2,1;
3,1;
4,1;
5,1;
6,1;
7,1;
8,1;
9,2;
10,2;
11,2;
12,2;
13,2;
14,2;
15,2;
16,2;
17,2;
18,2;
19,2;
20,2;
21,2;
22,2;
23,2;
24,2;
25,3;
26,3;
27,3;
28,3;
29,3;
30,3;
31,3;
32,3;
33,3;
34,3;
35,3;
36,3;
37,3;
38,3;
39,3;
40,3;
41,3;
42,3;
43,3;
44,3;
45,3;
46,3;
47,3;
48,3;
}