edge = {
1,7;
7,1;
1,9;
9,1;
1,13;
13,1;
1,14;
14,1;
1,15;
15,1;
2,7;
7,2;
2,15;
15,2;
2,16;
16,2;
3,5;
5,3;
3,19;
19,3;
3,20;
20,3;
4,8;
8,4;
4,10;
10,4;
4,20;
20,4;
4,21;
21,4;
4,22;
22,4;
5,3;
3,5;
5,18;
18,5;
5,19;
19,5;
6,16;
16,6;
6,17;
17,6;
6,18;
18,6;
7,1;
1,7;
7,2;
2,7;
7,15;
15,7;
8,4;
4,8;
8,20;
20,8;
8,21;
21,8;
9,1;
1,9;
9,13;
13,9;
9,14;
14,9;
10,4;
4,10;
10,21;
21,10;
10,22;
22,10;
10,23;
23,10;
11,25;
25,11;
11,26;
26,11;
11,27;
27,11;
12,23;
23,12;
12,24;
24,12;
12,25;
25,12;
13,1;
1,13;
13,9;
9,13;
13,14;
14,13;
14,1;
1,14;
14,9;
9,14;
14,13;
13,14;
14,15;
15,14;
15,1;
1,15;
15,2;
2,15;
15,7;
7,15;
15,14;
14,15;
16,2;
2,16;
16,6;
6,16;
16,17;
17,16;
17,6;
6,17;
17,16;
16,17;
17,18;
18,17;
18,5;
5,18;
18,6;
6,18;
18,17;
17,18;
18,19;
19,18;
19,3;
3,19;
19,5;
5,19;
19,18;
18,19;
20,3;
3,20;
20,4;
4,20;
20,8;
8,20;
21,4;
4,21;
21,8;
8,21;
21,10;
10,21;
21,22;
22,21;
22,4;
4,22;
22,10;
10,22;
22,21;
21,22;
23,10;
10,23;
23,12;
12,23;
23,24;
24,23;
23,25;
25,23;
24,12;
12,24;
24,23;
23,24;
24,25;
25,24;
25,11;
11,25;
25,12;
12,25;
25,23;
23,25;
25,24;
24,25;
25,26;
26,25;
25,27;
27,25;
26,11;
11,26;
26,25;
25,26;
26,27;
27,26;
27,11;
11,27;
27,25;
25,27;
27,26;
26,27;
}
label = {
1,1;
2,1;
3,1;
4,1;
5,2;
6,2;
7,2;
8,2;
9,2;
10,2;
11,2;
12,2;
13,3;
14,3;
15,3;
16,3;
17,3;
18,3;
19,3;
20,3;
21,3;
22,3;
23,3;
24,3;
25,3;
26,3;
27,3;
}