edge = {
1,2;
2,1;
1,3;
3,1;
1,11;
11,1;
2,1;
1,2;
2,3;
3,2;
2,4;
4,2;
2,11;
11,2;
2,13;
13,2;
3,1;
1,3;
3,2;
2,3;
3,4;
4,3;
3,13;
13,3;
3,14;
14,3;
4,2;
2,4;
4,3;
3,4;
4,5;
5,4;
4,6;
6,4;
4,12;
12,4;
4,15;
15,4;
5,4;
4,5;
5,6;
6,5;
5,7;
7,5;
5,10;
10,5;
5,12;
12,5;
6,4;
4,6;
6,5;
5,6;
6,7;
7,6;
6,10;
10,6;
7,5;
5,7;
7,6;
6,7;
7,8;
8,7;
7,9;
9,7;
8,7;
7,8;
8,9;
9,8;
8,10;
10,8;
9,7;
7,9;
9,8;
8,9;
9,10;
10,9;
10,5;
5,10;
10,6;
6,10;
10,8;
8,10;
10,9;
9,10;
10,12;
12,10;
10,15;
15,10;
11,1;
1,11;
11,2;
2,11;
11,13;
13,11;
11,14;
14,11;
12,4;
4,12;
12,5;
5,12;
12,10;
10,12;
12,14;
14,12;
12,15;
15,12;
13,2;
2,13;
13,3;
3,13;
13,11;
11,13;
13,14;
14,13;
13,15;
15,13;
14,3;
3,14;
14,11;
11,14;
14,12;
12,14;
14,13;
13,14;
14,15;
15,14;
15,4;
4,15;
15,10;
10,15;
15,12;
12,15;
15,13;
13,15;
15,14;
14,15;
}
label = {
1,1;
2,1;
3,1;
4,1;
5,1;
6,1;
7,1;
8,2;
9,2;
10,2;
11,2;
12,2;
13,2;
14,2;
15,2;
}