edge = {
1,2;
2,1;
1,25;
25,1;
2,1;
1,2;
2,3;
3,2;
2,15;
15,2;
2,27;
27,2;
2,28;
28,2;
3,2;
2,3;
3,4;
4,3;
3,27;
27,3;
3,29;
29,3;
4,3;
3,4;
4,5;
5,4;
4,17;
17,4;
4,18;
18,4;
4,29;
29,4;
5,4;
4,5;
5,6;
6,5;
5,7;
7,5;
5,16;
16,5;
5,18;
18,5;
6,5;
5,6;
6,7;
7,6;
6,16;
16,6;
6,17;
17,6;
6,19;
19,6;
7,5;
5,7;
7,6;
6,7;
7,18;
18,7;
7,31;
31,7;
8,9;
9,8;
8,21;
21,8;
8,30;
30,8;
8,31;
31,8;
9,8;
8,9;
9,10;
10,9;
9,20;
20,9;
9,30;
30,9;
9,32;
32,9;
10,9;
9,10;
10,11;
11,10;
10,21;
21,10;
10,32;
32,10;
10,33;
33,10;
11,10;
10,11;
11,12;
12,11;
11,23;
23,11;
11,26;
26,11;
11,33;
33,11;
12,11;
11,12;
12,23;
23,12;
12,24;
24,12;
12,26;
26,12;
13,25;
25,13;
13,28;
28,13;
13,34;
34,13;
13,37;
37,13;
14,27;
27,14;
14,28;
28,14;
14,36;
36,14;
14,37;
37,14;
15,2;
2,15;
15,27;
27,15;
15,29;
29,15;
15,36;
36,15;
15,38;
38,15;
16,5;
5,16;
16,6;
6,16;
16,17;
17,16;
16,38;
38,16;
17,4;
4,17;
17,6;
6,17;
17,16;
16,17;
17,18;
18,17;
17,19;
19,17;
18,4;
4,18;
18,5;
5,18;
18,7;
7,18;
18,17;
17,18;
18,19;
19,18;
19,6;
6,19;
19,17;
17,19;
19,18;
18,19;
19,40;
40,19;
20,9;
9,20;
20,21;
21,20;
20,39;
39,20;
20,40;
40,20;
21,8;
8,21;
21,10;
10,21;
21,20;
20,21;
21,22;
22,21;
21,39;
39,21;
21,41;
41,21;
22,21;
21,22;
22,33;
33,22;
22,41;
41,22;
22,42;
42,22;
23,11;
11,23;
23,12;
12,23;
23,24;
24,23;
23,26;
26,23;
23,35;
35,23;
23,44;
44,23;
24,12;
12,24;
24,23;
23,24;
24,26;
26,24;
24,35;
35,24;
25,1;
1,25;
25,13;
13,25;
25,28;
28,25;
26,11;
11,26;
26,12;
12,26;
26,23;
23,26;
26,24;
24,26;
26,44;
44,26;
27,2;
2,27;
27,3;
3,27;
27,14;
14,27;
27,15;
15,27;
27,28;
28,27;
27,29;
29,27;
27,37;
37,27;
27,38;
38,27;
28,2;
2,28;
28,13;
13,28;
28,14;
14,28;
28,25;
25,28;
28,27;
27,28;
28,34;
34,28;
29,3;
3,29;
29,4;
4,29;
29,15;
15,29;
29,27;
27,29;
30,8;
8,30;
30,9;
9,30;
30,31;
31,30;
30,32;
32,30;
30,40;
40,30;
30,41;
41,30;
31,7;
7,31;
31,8;
8,31;
31,30;
30,31;
31,39;
39,31;
32,9;
9,32;
32,10;
10,32;
32,30;
30,32;
32,39;
39,32;
33,10;
10,33;
33,11;
11,33;
33,22;
22,33;
33,42;
42,33;
33,43;
43,33;
33,44;
44,33;
34,13;
13,34;
34,28;
28,34;
35,23;
23,35;
35,24;
24,35;
35,44;
44,35;
36,14;
14,36;
36,15;
15,36;
37,13;
13,37;
37,14;
14,37;
37,27;
27,37;
38,15;
15,38;
38,16;
16,38;
38,27;
27,38;
39,20;
20,39;
39,21;
21,39;
39,31;
31,39;
39,32;
32,39;
39,40;
40,39;
39,41;
41,39;
40,19;
19,40;
40,20;
20,40;
40,30;
30,40;
40,39;
39,40;
41,21;
21,41;
41,22;
22,41;
41,30;
30,41;
41,39;
39,41;
42,22;
22,42;
42,33;
33,42;
42,43;
43,42;
42,44;
44,42;
43,33;
33,43;
43,42;
42,43;
43,44;
44,43;
44,23;
23,44;
44,26;
26,44;
44,33;
33,44;
44,35;
35,44;
44,42;
42,44;
44,43;
43,44;
}
label = {
1,1;
2,1;
3,1;
4,1;
5,1;
6,1;
7,1;
8,1;
9,1;
10,1;
11,1;
12,1;
13,1;
14,1;
15,1;
16,1;
17,1;
18,1;
19,1;
20,1;
21,1;
22,1;
23,1;
24,1;
25,2;
26,2;
27,2;
28,2;
29,2;
30,2;
31,2;
32,2;
33,2;
34,2;
35,2;
36,2;
37,2;
38,2;
39,2;
40,2;
41,2;
42,2;
43,2;
44,2;
}