edge = {
1,2;
2,1;
1,12;
12,1;
1,13;
13,1;
2,1;
1,2;
2,3;
3,2;
2,4;
4,2;
2,11;
11,2;
2,12;
12,2;
3,2;
2,3;
3,4;
4,3;
3,5;
5,3;
3,14;
14,3;
3,19;
19,3;
4,2;
2,4;
4,3;
3,4;
4,5;
5,4;
4,14;
14,4;
4,15;
15,4;
5,3;
3,5;
5,4;
4,5;
5,6;
6,5;
5,7;
7,5;
5,15;
15,5;
5,16;
16,5;
6,5;
5,6;
6,7;
7,6;
6,8;
8,6;
6,9;
9,6;
6,17;
17,6;
7,5;
5,7;
7,6;
6,7;
7,8;
8,7;
7,9;
9,7;
7,17;
17,7;
8,6;
6,8;
8,7;
7,8;
8,9;
9,8;
9,6;
6,9;
9,7;
7,9;
9,8;
8,9;
9,26;
26,9;
10,22;
22,10;
10,28;
28,10;
10,29;
29,10;
11,2;
2,11;
11,12;
12,11;
11,13;
13,11;
11,14;
14,11;
11,18;
18,11;
11,19;
19,11;
12,1;
1,12;
12,2;
2,12;
12,11;
11,12;
12,13;
13,12;
12,18;
18,12;
13,1;
1,13;
13,11;
11,13;
13,12;
12,13;
14,3;
3,14;
14,4;
4,14;
14,11;
11,14;
14,15;
15,14;
14,16;
16,14;
14,18;
18,14;
14,19;
19,14;
15,4;
4,15;
15,5;
5,15;
15,14;
14,15;
15,16;
16,15;
15,17;
17,15;
15,19;
19,15;
16,5;
5,16;
16,14;
14,16;
16,15;
15,16;
16,17;
17,16;
17,6;
6,17;
17,7;
7,17;
17,15;
15,17;
17,16;
16,17;
18,11;
11,18;
18,12;
12,18;
18,14;
14,18;
18,19;
19,18;
19,3;
3,19;
19,11;
11,19;
19,14;
14,19;
19,15;
15,19;
19,18;
18,19;
20,21;
21,20;
20,26;
26,20;
20,27;
27,20;
21,20;
20,21;
21,25;
25,21;
21,26;
26,21;
21,27;
27,21;
22,10;
10,22;
22,23;
23,22;
22,24;
24,22;
22,28;
28,22;
22,29;
29,22;
23,22;
22,23;
23,24;
24,23;
23,25;
25,23;
23,28;
28,23;
23,29;
29,23;
24,22;
22,24;
24,23;
23,24;
24,25;
25,24;
25,21;
21,25;
25,23;
23,25;
25,24;
24,25;
25,27;
27,25;
26,9;
9,26;
26,20;
20,26;
26,21;
21,26;
26,27;
27,26;
27,20;
20,27;
27,21;
21,27;
27,25;
25,27;
27,26;
26,27;
28,10;
10,28;
28,22;
22,28;
28,23;
23,28;
28,29;
29,28;
29,10;
10,29;
29,22;
22,29;
29,23;
23,29;
29,28;
28,29;
}
label = {
1,1;
2,1;
3,1;
4,1;
5,1;
6,1;
7,1;
8,1;
9,1;
10,1;
11,2;
12,2;
13,2;
14,2;
15,2;
16,2;
17,2;
18,2;
19,2;
20,2;
21,2;
22,2;
23,2;
24,2;
25,2;
26,2;
27,2;
28,2;
29,2;
}