edge = {
1,2;
2,1;
1,22;
22,1;
1,23;
23,1;
2,1;
1,2;
2,3;
3,2;
2,4;
4,2;
2,22;
22,2;
2,23;
23,2;
3,2;
2,3;
3,4;
4,3;
3,5;
5,3;
3,23;
23,3;
4,2;
2,4;
4,3;
3,4;
4,5;
5,4;
4,6;
6,4;
4,23;
23,4;
4,24;
24,4;
5,3;
3,5;
5,4;
4,5;
5,6;
6,5;
5,7;
7,5;
5,24;
24,5;
6,4;
4,6;
6,5;
5,6;
6,7;
7,6;
6,24;
24,6;
7,5;
5,7;
7,6;
6,7;
7,8;
8,7;
7,25;
25,7;
8,7;
7,8;
8,9;
9,8;
8,10;
10,8;
8,25;
25,8;
8,26;
26,8;
9,8;
8,9;
9,10;
10,9;
9,11;
11,9;
9,27;
27,9;
9,28;
28,9;
10,8;
8,10;
10,9;
9,10;
10,11;
11,10;
10,12;
12,10;
10,28;
28,10;
11,9;
9,11;
11,10;
10,11;
11,12;
12,11;
11,29;
29,11;
12,10;
10,12;
12,11;
11,12;
12,13;
13,12;
12,14;
14,12;
12,29;
29,12;
13,12;
12,13;
13,14;
14,13;
13,15;
15,13;
13,29;
29,13;
14,12;
12,14;
14,13;
13,14;
14,15;
15,14;
15,13;
13,15;
15,14;
14,15;
15,33;
33,15;
16,17;
17,16;
16,33;
33,16;
16,36;
36,16;
16,37;
37,16;
17,16;
16,17;
17,30;
30,17;
17,34;
34,17;
17,37;
37,17;
18,19;
19,18;
18,20;
20,18;
18,21;
21,18;
18,35;
35,18;
18,39;
39,18;
19,18;
18,19;
19,20;
20,19;
19,21;
21,19;
19,39;
39,19;
20,18;
18,20;
20,19;
19,20;
20,21;
21,20;
20,38;
38,20;
21,18;
18,21;
21,19;
19,21;
21,20;
20,21;
21,38;
38,21;
21,40;
40,21;
21,41;
41,21;
22,1;
1,22;
22,2;
2,22;
22,23;
23,22;
23,1;
1,23;
23,2;
2,23;
23,3;
3,23;
23,4;
4,23;
23,22;
22,23;
23,24;
24,23;
24,4;
4,24;
24,5;
5,24;
24,6;
6,24;
24,23;
23,24;
24,25;
25,24;
25,7;
7,25;
25,8;
8,25;
25,24;
24,25;
25,26;
26,25;
25,27;
27,25;
26,8;
8,26;
26,25;
25,26;
26,27;
27,26;
26,28;
28,26;
27,9;
9,27;
27,25;
25,27;
27,26;
26,27;
27,28;
28,27;
27,29;
29,27;
28,9;
9,28;
28,10;
10,28;
28,26;
26,28;
28,27;
27,28;
28,29;
29,28;
29,11;
11,29;
29,12;
12,29;
29,13;
13,29;
29,27;
27,29;
29,28;
28,29;
30,17;
17,30;
30,31;
31,30;
30,32;
32,30;
30,34;
34,30;
31,30;
30,31;
31,32;
32,31;
31,34;
34,31;
32,30;
30,32;
32,31;
31,32;
32,35;
35,32;
32,39;
39,32;
33,15;
15,33;
33,16;
16,33;
33,36;
36,33;
33,37;
37,33;
34,17;
17,34;
34,30;
30,34;
34,31;
31,34;
34,36;
36,34;
34,37;
37,34;
35,18;
18,35;
35,32;
32,35;
35,38;
38,35;
35,39;
39,35;
36,16;
16,36;
36,33;
33,36;
36,34;
34,36;
36,37;
37,36;
37,16;
16,37;
37,17;
17,37;
37,33;
33,37;
37,34;
34,37;
37,36;
36,37;
38,20;
20,38;
38,21;
21,38;
38,35;
35,38;
38,39;
39,38;
38,40;
40,38;
38,41;
41,38;
39,18;
18,39;
39,19;
19,39;
39,32;
32,39;
39,35;
35,39;
39,38;
38,39;
40,21;
21,40;
40,38;
38,40;
40,41;
41,40;
41,21;
21,41;
41,38;
38,41;
41,40;
40,41;
}
label = {
1,1;
2,1;
3,1;
4,1;
5,1;
6,1;
7,1;
8,1;
9,1;
10,1;
11,1;
12,1;
13,1;
14,1;
15,1;
16,1;
17,1;
18,1;
19,1;
20,1;
21,1;
22,2;
23,2;
24,2;
25,2;
26,2;
27,2;
28,2;
29,2;
30,2;
31,2;
32,2;
33,2;
34,2;
35,2;
36,2;
37,2;
38,2;
39,2;
40,2;
41,2;
}