edge = {
1,2;
2,1;
1,3;
3,1;
1,11;
11,1;
2,1;
1,2;
2,3;
3,2;
2,11;
11,2;
2,20;
20,2;
3,1;
1,3;
3,2;
2,3;
3,4;
4,3;
3,11;
11,3;
3,19;
19,3;
3,20;
20,3;
4,3;
3,4;
4,5;
5,4;
4,19;
19,4;
4,21;
21,4;
5,4;
4,5;
5,6;
6,5;
5,21;
21,5;
6,5;
5,6;
6,7;
7,6;
6,21;
21,6;
7,6;
6,7;
7,8;
8,7;
7,15;
15,7;
8,7;
7,8;
8,15;
15,8;
8,16;
16,8;
8,17;
17,8;
9,13;
13,9;
9,14;
14,9;
9,17;
17,9;
9,18;
18,9;
10,12;
12,10;
10,13;
13,10;
10,14;
14,10;
11,1;
1,11;
11,2;
2,11;
11,3;
3,11;
11,20;
20,11;
12,10;
10,12;
12,13;
13,12;
12,14;
14,12;
13,9;
9,13;
13,10;
10,13;
13,12;
12,13;
13,14;
14,13;
14,9;
9,14;
14,10;
10,14;
14,12;
12,14;
14,13;
13,14;
14,18;
18,14;
15,7;
7,15;
15,8;
8,15;
15,16;
16,15;
15,17;
17,15;
16,8;
8,16;
16,15;
15,16;
16,17;
17,16;
16,18;
18,16;
17,8;
8,17;
17,9;
9,17;
17,15;
15,17;
17,16;
16,17;
17,18;
18,17;
18,9;
9,18;
18,14;
14,18;
18,16;
16,18;
18,17;
17,18;
19,3;
3,19;
19,4;
4,19;
19,20;
20,19;
19,21;
21,19;
20,2;
2,20;
20,3;
3,20;
20,11;
11,20;
20,19;
19,20;
21,4;
4,21;
21,5;
5,21;
21,6;
6,21;
21,19;
19,21;
}
label = {
1,1;
2,1;
3,1;
4,1;
5,1;
6,1;
7,1;
8,1;
9,1;
10,1;
11,2;
12,2;
13,2;
14,2;
15,2;
16,2;
17,2;
18,2;
19,2;
20,2;
21,2;
}