edge = {
1,2;
2,1;
1,14;
14,1;
2,1;
1,2;
2,13;
13,2;
2,26;
26,2;
3,4;
4,3;
3,26;
26,3;
3,31;
31,3;
4,3;
3,4;
4,27;
27,4;
4,32;
32,4;
5,6;
6,5;
5,16;
16,5;
5,18;
18,5;
5,27;
27,5;
6,5;
5,6;
6,27;
27,6;
6,29;
29,6;
7,8;
8,7;
7,20;
20,7;
7,28;
28,7;
7,29;
29,7;
7,33;
33,7;
7,34;
34,7;
8,7;
7,8;
8,19;
19,8;
8,28;
28,8;
8,29;
29,8;
8,33;
33,8;
8,34;
34,8;
9,10;
10,9;
9,25;
25,9;
9,28;
28,9;
9,30;
30,9;
10,9;
9,10;
10,11;
11,10;
10,25;
25,10;
10,30;
30,10;
11,10;
10,11;
11,12;
12,11;
11,24;
24,11;
12,11;
11,12;
12,23;
23,12;
12,24;
24,12;
13,2;
2,13;
13,14;
14,13;
14,1;
1,14;
14,13;
13,14;
14,26;
26,14;
14,31;
31,14;
15,16;
16,15;
15,26;
26,15;
15,31;
31,15;
16,5;
5,16;
16,15;
15,16;
16,27;
27,16;
16,32;
32,16;
17,18;
18,17;
17,27;
27,17;
17,32;
32,17;
18,5;
5,18;
18,17;
17,18;
18,27;
27,18;
18,32;
32,18;
18,34;
34,18;
19,8;
8,19;
19,20;
20,19;
19,29;
29,19;
19,34;
34,19;
20,7;
7,20;
20,19;
19,20;
20,33;
33,20;
21,22;
22,21;
21,25;
25,21;
21,30;
30,21;
21,33;
33,21;
22,21;
21,22;
22,23;
23,22;
22,25;
25,22;
23,12;
12,23;
23,22;
22,23;
23,24;
24,23;
24,11;
11,24;
24,12;
12,24;
24,23;
23,24;
25,9;
9,25;
25,10;
10,25;
25,21;
21,25;
25,22;
22,25;
26,2;
2,26;
26,3;
3,26;
26,14;
14,26;
26,15;
15,26;
27,4;
4,27;
27,5;
5,27;
27,6;
6,27;
27,16;
16,27;
27,17;
17,27;
27,18;
18,27;
28,7;
7,28;
28,8;
8,28;
28,9;
9,28;
29,6;
6,29;
29,7;
7,29;
29,8;
8,29;
29,19;
19,29;
29,34;
34,29;
30,9;
9,30;
30,10;
10,30;
30,21;
21,30;
31,3;
3,31;
31,14;
14,31;
31,15;
15,31;
32,4;
4,32;
32,16;
16,32;
32,17;
17,32;
32,18;
18,32;
33,7;
7,33;
33,8;
8,33;
33,20;
20,33;
33,21;
21,33;
34,7;
7,34;
34,8;
8,34;
34,18;
18,34;
34,19;
19,34;
34,29;
29,34;
}
label = {
1,1;
2,1;
3,1;
4,1;
5,1;
6,1;
7,1;
8,1;
9,1;
10,1;
11,1;
12,1;
13,1;
14,1;
15,1;
16,1;
17,1;
18,1;
19,1;
20,1;
21,1;
22,1;
23,1;
24,1;
25,2;
26,2;
27,2;
28,2;
29,2;
30,2;
31,2;
32,2;
33,2;
34,2;
}