edge = {
1,2;
2,1;
1,13;
13,1;
2,1;
1,2;
2,3;
3,2;
2,4;
4,2;
2,12;
12,2;
3,2;
2,3;
3,13;
13,3;
3,15;
15,3;
3,16;
16,3;
3,23;
23,3;
4,2;
2,4;
4,5;
5,4;
4,14;
14,4;
4,23;
23,4;
5,4;
4,5;
5,14;
14,5;
5,17;
17,5;
5,24;
24,5;
6,7;
7,6;
6,16;
16,6;
6,24;
24,6;
7,6;
6,7;
7,8;
8,7;
7,19;
19,7;
8,7;
7,8;
8,9;
9,8;
8,18;
18,8;
8,26;
26,8;
9,8;
8,9;
9,10;
10,9;
9,25;
25,9;
9,26;
26,9;
10,9;
9,10;
10,11;
11,10;
10,22;
22,10;
10,25;
25,10;
11,10;
10,11;
11,21;
21,11;
11,22;
22,11;
12,2;
2,12;
12,13;
13,12;
13,1;
1,13;
13,3;
3,13;
13,12;
12,13;
13,14;
14,13;
14,4;
4,14;
14,5;
5,14;
14,13;
13,14;
14,15;
15,14;
14,27;
27,14;
15,3;
3,15;
15,14;
14,15;
15,16;
16,15;
15,27;
27,15;
16,3;
3,16;
16,6;
6,16;
16,15;
15,16;
16,28;
28,16;
17,5;
5,17;
17,18;
18,17;
17,28;
28,17;
18,8;
8,18;
18,17;
17,18;
18,19;
19,18;
19,7;
7,19;
19,18;
18,19;
19,20;
20,19;
19,30;
30,19;
20,19;
19,20;
20,21;
21,20;
20,29;
29,20;
20,30;
30,20;
21,11;
11,21;
21,20;
20,21;
21,22;
22,21;
21,29;
29,21;
22,10;
10,22;
22,11;
11,22;
22,21;
21,22;
23,3;
3,23;
23,4;
4,23;
23,24;
24,23;
23,28;
28,23;
24,5;
5,24;
24,6;
6,24;
24,23;
23,24;
24,27;
27,24;
25,9;
9,25;
25,10;
10,25;
25,26;
26,25;
25,30;
30,25;
26,8;
8,26;
26,9;
9,26;
26,25;
25,26;
26,29;
29,26;
26,30;
30,26;
27,14;
14,27;
27,15;
15,27;
27,24;
24,27;
27,28;
28,27;
28,16;
16,28;
28,17;
17,28;
28,23;
23,28;
28,27;
27,28;
29,20;
20,29;
29,21;
21,29;
29,26;
26,29;
29,30;
30,29;
30,19;
19,30;
30,20;
20,30;
30,25;
25,30;
30,26;
26,30;
30,29;
29,30;
}
label = {
1,1;
2,1;
3,1;
4,1;
5,1;
6,1;
7,1;
8,1;
9,1;
10,1;
11,1;
12,1;
13,1;
14,1;
15,1;
16,1;
17,1;
18,1;
19,1;
20,1;
21,1;
22,1;
23,2;
24,2;
25,2;
26,2;
27,2;
28,2;
29,2;
30,2;
}