edge = {
1,2;
2,1;
1,3;
3,1;
1,26;
26,1;
2,1;
1,2;
2,3;
3,2;
2,13;
13,2;
2,37;
37,2;
2,38;
38,2;
3,1;
1,3;
3,2;
2,3;
3,4;
4,3;
3,37;
37,3;
3,39;
39,3;
4,3;
3,4;
4,5;
5,4;
4,6;
6,4;
4,39;
39,4;
4,40;
40,4;
5,4;
4,5;
5,6;
6,5;
5,7;
7,5;
5,40;
40,5;
6,4;
4,6;
6,5;
5,6;
6,7;
7,6;
6,41;
41,6;
7,5;
5,7;
7,6;
6,7;
7,8;
8,7;
7,41;
41,7;
8,7;
7,8;
8,9;
9,8;
8,10;
10,8;
9,8;
8,9;
9,10;
10,9;
9,11;
11,9;
9,42;
42,9;
10,8;
8,10;
10,9;
9,10;
10,11;
11,10;
10,23;
23,10;
10,42;
42,10;
11,9;
9,11;
11,10;
10,11;
11,12;
12,11;
12,11;
11,12;
12,36;
36,12;
13,2;
2,13;
13,14;
14,13;
13,15;
15,13;
13,26;
26,13;
13,44;
44,13;
14,13;
13,14;
14,15;
15,14;
14,43;
43,14;
15,13;
13,15;
15,14;
14,15;
15,16;
16,15;
15,43;
43,15;
15,45;
45,15;
16,15;
15,16;
16,17;
17,16;
16,18;
18,16;
16,45;
45,16;
16,46;
46,16;
17,16;
16,17;
17,18;
18,17;
17,19;
19,17;
17,46;
46,17;
18,16;
16,18;
18,17;
17,18;
18,19;
19,18;
18,47;
47,18;
19,17;
17,19;
19,18;
18,19;
19,20;
20,19;
19,32;
32,19;
19,47;
47,19;
20,19;
19,20;
20,21;
21,20;
20,22;
22,20;
21,20;
20,21;
21,22;
22,21;
21,23;
23,21;
21,42;
42,21;
21,48;
48,21;
21,54;
54,21;
22,20;
20,22;
22,21;
21,22;
22,23;
23,22;
22,48;
48,22;
23,10;
10,23;
23,21;
21,23;
23,22;
22,23;
23,24;
24,23;
24,23;
23,24;
24,36;
36,24;
25,26;
26,25;
25,27;
27,25;
25,50;
50,25;
26,1;
1,26;
26,13;
13,26;
26,25;
25,26;
26,27;
27,26;
26,49;
49,26;
27,25;
25,27;
27,26;
26,27;
27,28;
28,27;
27,49;
49,27;
27,51;
51,27;
28,27;
27,28;
28,29;
29,28;
28,30;
30,28;
28,51;
51,28;
28,52;
52,28;
29,28;
28,29;
29,30;
30,29;
29,31;
31,29;
29,52;
52,29;
30,28;
28,30;
30,29;
29,30;
30,31;
31,30;
30,53;
53,30;
31,29;
29,31;
31,30;
30,31;
31,32;
32,31;
31,53;
53,31;
32,19;
19,32;
32,31;
31,32;
32,33;
33,32;
32,34;
34,32;
33,32;
32,33;
33,34;
34,33;
33,35;
35,33;
33,54;
54,33;
34,32;
32,34;
34,33;
33,34;
34,35;
35,34;
34,54;
54,34;
35,33;
33,35;
35,34;
34,35;
35,36;
36,35;
36,12;
12,36;
36,24;
24,36;
36,35;
35,36;
37,2;
2,37;
37,3;
3,37;
37,38;
38,37;
37,44;
44,37;
37,50;
50,37;
38,2;
2,38;
38,37;
37,38;
38,43;
43,38;
38,49;
49,38;
39,3;
3,39;
39,4;
4,39;
39,40;
40,39;
40,4;
4,40;
40,5;
5,40;
40,39;
39,40;
40,41;
41,40;
40,45;
45,40;
40,47;
47,40;
40,51;
51,40;
40,53;
53,40;
41,6;
6,41;
41,7;
7,41;
41,40;
40,41;
41,46;
46,41;
41,52;
52,41;
42,9;
9,42;
42,10;
10,42;
42,21;
21,42;
42,54;
54,42;
43,14;
14,43;
43,15;
15,43;
43,38;
38,43;
44,13;
13,44;
44,37;
37,44;
45,15;
15,45;
45,16;
16,45;
45,40;
40,45;
46,16;
16,46;
46,17;
17,46;
46,41;
41,46;
47,18;
18,47;
47,19;
19,47;
47,40;
40,47;
48,21;
21,48;
48,22;
22,48;
48,54;
54,48;
49,26;
26,49;
49,27;
27,49;
49,38;
38,49;
50,25;
25,50;
50,37;
37,50;
51,27;
27,51;
51,28;
28,51;
51,40;
40,51;
52,28;
28,52;
52,29;
29,52;
52,41;
41,52;
53,30;
30,53;
53,31;
31,53;
53,40;
40,53;
54,21;
21,54;
54,33;
33,54;
54,34;
34,54;
54,42;
42,54;
54,48;
48,54;
}
label = {
1,1;
2,1;
3,1;
4,1;
5,1;
6,1;
7,1;
8,1;
9,1;
10,1;
11,1;
12,1;
13,1;
14,1;
15,1;
16,1;
17,1;
18,1;
19,1;
20,1;
21,1;
22,1;
23,1;
24,1;
25,1;
26,1;
27,1;
28,1;
29,1;
30,1;
31,1;
32,1;
33,1;
34,1;
35,1;
36,1;
37,2;
38,2;
39,2;
40,2;
41,2;
42,2;
43,2;
44,2;
45,2;
46,2;
47,2;
48,2;
49,2;
50,2;
51,2;
52,2;
53,2;
54,2;
}