edge = {
1,2;
2,1;
1,3;
3,1;
1,15;
15,1;
2,1;
1,2;
2,3;
3,2;
2,15;
15,2;
3,1;
1,3;
3,2;
2,3;
3,4;
4,3;
3,14;
14,3;
4,3;
3,4;
4,5;
5,4;
4,6;
6,4;
4,14;
14,4;
5,4;
4,5;
5,6;
6,5;
5,7;
7,5;
5,13;
13,5;
6,4;
4,6;
6,5;
5,6;
6,7;
7,6;
6,8;
8,6;
6,13;
13,6;
7,5;
5,7;
7,6;
6,7;
7,8;
8,7;
7,13;
13,7;
7,16;
16,7;
8,6;
6,8;
8,7;
7,8;
8,9;
9,8;
8,16;
16,8;
9,8;
8,9;
9,10;
10,9;
9,16;
16,9;
10,9;
9,10;
10,11;
11,10;
10,12;
12,10;
10,17;
17,10;
10,18;
18,10;
11,10;
10,11;
11,12;
12,11;
11,17;
17,11;
11,18;
18,11;
12,10;
10,12;
12,11;
11,12;
12,18;
18,12;
13,5;
5,13;
13,6;
6,13;
13,7;
7,13;
13,14;
14,13;
13,16;
16,13;
14,3;
3,14;
14,4;
4,14;
14,13;
13,14;
14,15;
15,14;
15,1;
1,15;
15,2;
2,15;
15,14;
14,15;
16,7;
7,16;
16,8;
8,16;
16,9;
9,16;
16,13;
13,16;
17,10;
10,17;
17,11;
11,17;
17,18;
18,17;
18,10;
10,18;
18,11;
11,18;
18,12;
12,18;
18,17;
17,18;
}
label = {
1,1;
2,1;
3,1;
4,1;
5,1;
6,1;
7,1;
8,1;
9,1;
10,1;
11,1;
12,1;
13,2;
14,2;
15,2;
16,2;
17,2;
18,2;
}