edge = {
1,2;
2,1;
1,3;
3,1;
1,14;
14,1;
2,1;
1,2;
2,3;
3,2;
2,4;
4,2;
2,27;
27,2;
3,1;
1,3;
3,2;
2,3;
3,4;
4,3;
3,26;
26,3;
4,2;
2,4;
4,3;
3,4;
4,5;
5,4;
4,6;
6,4;
4,7;
7,4;
4,26;
26,4;
5,4;
4,5;
5,6;
6,5;
5,7;
7,5;
5,25;
25,5;
6,4;
4,6;
6,5;
5,6;
6,7;
7,6;
6,25;
25,6;
7,4;
4,7;
7,5;
5,7;
7,6;
6,7;
7,8;
8,7;
7,9;
9,7;
7,18;
18,7;
7,28;
28,7;
8,7;
7,8;
8,9;
9,8;
8,10;
10,8;
8,28;
28,8;
9,7;
7,9;
9,8;
8,9;
9,10;
10,9;
10,8;
8,10;
10,9;
9,10;
10,11;
11,10;
10,12;
12,10;
10,29;
29,10;
11,10;
10,11;
11,12;
12,11;
11,29;
29,11;
11,30;
30,11;
12,10;
10,12;
12,11;
11,12;
12,23;
23,12;
12,30;
30,12;
13,14;
14,13;
13,27;
27,13;
13,33;
33,13;
14,1;
1,14;
14,13;
13,14;
14,15;
15,14;
14,27;
27,14;
14,33;
33,14;
15,14;
14,15;
15,26;
26,15;
15,27;
27,15;
15,32;
32,15;
15,33;
33,15;
16,17;
17,16;
16,18;
18,16;
16,19;
19,16;
16,26;
26,16;
16,32;
32,16;
17,16;
16,17;
17,18;
18,17;
17,19;
19,17;
17,31;
31,17;
18,7;
7,18;
18,16;
16,18;
18,17;
17,18;
18,19;
19,18;
18,31;
31,18;
19,16;
16,19;
19,17;
17,19;
19,18;
18,19;
19,20;
20,19;
19,21;
21,19;
19,34;
34,19;
20,19;
19,20;
20,21;
21,20;
20,22;
22,20;
20,34;
34,20;
21,19;
19,21;
21,20;
20,21;
21,22;
22,21;
22,20;
20,22;
22,21;
21,22;
22,29;
29,22;
22,35;
35,22;
23,12;
12,23;
23,24;
24,23;
23,30;
30,23;
23,35;
35,23;
23,36;
36,23;
24,23;
23,24;
24,36;
36,24;
25,5;
5,25;
25,6;
6,25;
25,28;
28,25;
25,34;
34,25;
26,3;
3,26;
26,4;
4,26;
26,15;
15,26;
26,16;
16,26;
27,2;
2,27;
27,13;
13,27;
27,14;
14,27;
27,15;
15,27;
28,7;
7,28;
28,8;
8,28;
28,25;
25,28;
28,31;
31,28;
29,10;
10,29;
29,11;
11,29;
29,22;
22,29;
29,30;
30,29;
30,11;
11,30;
30,12;
12,30;
30,23;
23,30;
30,29;
29,30;
30,35;
35,30;
30,36;
36,30;
31,17;
17,31;
31,18;
18,31;
31,28;
28,31;
31,34;
34,31;
32,15;
15,32;
32,16;
16,32;
33,13;
13,33;
33,14;
14,33;
33,15;
15,33;
34,19;
19,34;
34,20;
20,34;
34,25;
25,34;
34,31;
31,34;
35,22;
22,35;
35,23;
23,35;
35,30;
30,35;
36,23;
23,36;
36,24;
24,36;
36,30;
30,36;
}
label = {
1,1;
2,1;
3,1;
4,1;
5,1;
6,1;
7,1;
8,1;
9,1;
10,1;
11,1;
12,1;
13,1;
14,1;
15,1;
16,1;
17,1;
18,1;
19,1;
20,1;
21,1;
22,1;
23,1;
24,1;
25,2;
26,2;
27,2;
28,2;
29,2;
30,2;
31,2;
32,2;
33,2;
34,2;
35,2;
36,2;
}