edge = {
1,2;
2,1;
1,3;
3,1;
1,13;
13,1;
2,1;
1,2;
2,3;
3,2;
2,12;
12,2;
2,14;
14,2;
2,28;
28,2;
3,1;
1,3;
3,2;
2,3;
3,4;
4,3;
3,29;
29,3;
4,3;
3,4;
4,5;
5,4;
4,16;
16,4;
4,29;
29,4;
5,4;
4,5;
5,6;
6,5;
5,7;
7,5;
5,17;
17,5;
5,30;
30,5;
6,5;
5,6;
6,7;
7,6;
6,8;
8,6;
6,30;
30,6;
7,5;
5,7;
7,6;
6,7;
7,8;
8,7;
7,9;
9,7;
7,27;
27,7;
8,6;
6,8;
8,7;
7,8;
8,9;
9,8;
8,27;
27,8;
9,7;
7,9;
9,8;
8,9;
9,10;
10,9;
9,11;
11,9;
9,26;
26,9;
10,9;
9,10;
10,11;
11,10;
10,25;
25,10;
10,26;
26,10;
11,9;
9,11;
11,10;
10,11;
11,22;
22,11;
11,25;
25,11;
12,2;
2,12;
12,13;
13,12;
12,14;
14,12;
12,31;
31,12;
12,35;
35,12;
13,1;
1,13;
13,12;
12,13;
13,14;
14,13;
13,35;
35,13;
14,2;
2,14;
14,12;
12,14;
14,13;
13,14;
14,36;
36,14;
15,16;
16,15;
15,17;
17,15;
15,36;
36,15;
16,4;
4,16;
16,15;
15,16;
16,17;
17,16;
16,18;
18,16;
16,37;
37,16;
17,5;
5,17;
17,15;
15,17;
17,16;
16,17;
17,18;
18,17;
17,19;
19,17;
17,37;
37,17;
18,16;
16,18;
18,17;
17,18;
18,19;
19,18;
18,20;
20,18;
18,34;
34,18;
19,17;
17,19;
19,18;
18,19;
19,20;
20,19;
19,34;
34,19;
20,18;
18,20;
20,19;
19,20;
20,21;
21,20;
20,22;
22,20;
20,33;
33,20;
21,20;
20,21;
21,22;
22,21;
21,25;
25,21;
21,32;
32,21;
21,33;
33,21;
22,11;
11,22;
22,20;
20,22;
22,21;
21,22;
22,32;
32,22;
23,24;
24,23;
23,28;
28,23;
23,31;
31,23;
24,23;
23,24;
24,28;
28,24;
24,35;
35,24;
25,10;
10,25;
25,11;
11,25;
25,21;
21,25;
25,26;
26,25;
25,33;
33,25;
26,9;
9,26;
26,10;
10,26;
26,25;
25,26;
26,32;
32,26;
27,7;
7,27;
27,8;
8,27;
27,30;
30,27;
27,37;
37,27;
28,2;
2,28;
28,23;
23,28;
28,24;
24,28;
28,31;
31,28;
29,3;
3,29;
29,4;
4,29;
29,30;
30,29;
29,37;
37,29;
30,5;
5,30;
30,6;
6,30;
30,27;
27,30;
30,29;
29,30;
30,34;
34,30;
30,36;
36,30;
30,37;
37,30;
31,12;
12,31;
31,23;
23,31;
31,28;
28,31;
31,35;
35,31;
32,21;
21,32;
32,22;
22,32;
32,26;
26,32;
32,33;
33,32;
33,20;
20,33;
33,21;
21,33;
33,25;
25,33;
33,32;
32,33;
34,18;
18,34;
34,19;
19,34;
34,30;
30,34;
34,37;
37,34;
35,12;
12,35;
35,13;
13,35;
35,24;
24,35;
35,31;
31,35;
36,14;
14,36;
36,15;
15,36;
36,30;
30,36;
36,37;
37,36;
37,16;
16,37;
37,17;
17,37;
37,27;
27,37;
37,29;
29,37;
37,30;
30,37;
37,34;
34,37;
37,36;
36,37;
}
label = {
1,1;
2,1;
3,1;
4,1;
5,1;
6,1;
7,1;
8,1;
9,1;
10,1;
11,1;
12,1;
13,1;
14,1;
15,1;
16,1;
17,1;
18,1;
19,1;
20,1;
21,1;
22,1;
23,2;
24,2;
25,2;
26,2;
27,2;
28,2;
29,2;
30,2;
31,2;
32,2;
33,2;
34,2;
35,2;
36,2;
37,2;
}