edge = {
1,2;
2,1;
1,3;
3,1;
1,11;
11,1;
2,1;
1,2;
2,3;
3,2;
2,10;
10,2;
2,12;
12,2;
2,25;
25,2;
3,1;
1,3;
3,2;
2,3;
3,4;
4,3;
3,26;
26,3;
4,3;
3,4;
4,5;
5,4;
4,6;
6,4;
4,14;
14,4;
4,26;
26,4;
5,4;
4,5;
5,6;
6,5;
5,7;
7,5;
5,13;
13,5;
5,14;
14,5;
5,27;
27,5;
6,4;
4,6;
6,5;
5,6;
6,7;
7,6;
6,24;
24,6;
6,27;
27,6;
7,5;
5,7;
7,6;
6,7;
7,8;
8,7;
7,16;
16,7;
7,23;
23,7;
7,24;
24,7;
8,7;
7,8;
8,9;
9,8;
8,22;
22,8;
8,23;
23,8;
9,8;
8,9;
9,18;
18,9;
9,19;
19,9;
9,22;
22,9;
10,2;
2,10;
10,11;
11,10;
10,12;
12,10;
10,28;
28,10;
10,32;
32,10;
11,1;
1,11;
11,10;
10,11;
11,12;
12,11;
11,32;
32,11;
12,2;
2,12;
12,10;
10,12;
12,11;
11,12;
12,33;
33,12;
13,5;
5,13;
13,14;
14,13;
13,15;
15,13;
13,33;
33,13;
14,4;
4,14;
14,5;
5,14;
14,13;
13,14;
14,15;
15,14;
14,34;
34,14;
15,13;
13,15;
15,14;
14,15;
15,16;
16,15;
15,31;
31,15;
15,34;
34,15;
16,7;
7,16;
16,15;
15,16;
16,17;
17,16;
16,31;
31,16;
17,16;
16,17;
17,18;
18,17;
17,19;
19,17;
17,30;
30,17;
18,9;
9,18;
18,17;
17,18;
18,19;
19,18;
18,22;
22,18;
18,29;
29,18;
18,30;
30,18;
19,9;
9,19;
19,17;
17,19;
19,18;
18,19;
19,29;
29,19;
20,21;
21,20;
20,25;
25,20;
20,28;
28,20;
21,20;
20,21;
21,25;
25,21;
21,32;
32,21;
22,8;
8,22;
22,9;
9,22;
22,18;
18,22;
22,23;
23,22;
22,30;
30,22;
23,7;
7,23;
23,8;
8,23;
23,22;
22,23;
23,29;
29,23;
24,6;
6,24;
24,7;
7,24;
24,27;
27,24;
24,34;
34,24;
25,2;
2,25;
25,20;
20,25;
25,21;
21,25;
25,28;
28,25;
26,3;
3,26;
26,4;
4,26;
26,27;
27,26;
26,34;
34,26;
27,5;
5,27;
27,6;
6,27;
27,24;
24,27;
27,26;
26,27;
27,31;
31,27;
27,33;
33,27;
27,34;
34,27;
28,10;
10,28;
28,20;
20,28;
28,25;
25,28;
28,32;
32,28;
29,18;
18,29;
29,19;
19,29;
29,23;
23,29;
29,30;
30,29;
30,17;
17,30;
30,18;
18,30;
30,22;
22,30;
30,29;
29,30;
31,15;
15,31;
31,16;
16,31;
31,27;
27,31;
31,34;
34,31;
32,10;
10,32;
32,11;
11,32;
32,21;
21,32;
32,28;
28,32;
33,12;
12,33;
33,13;
13,33;
33,27;
27,33;
33,34;
34,33;
34,14;
14,34;
34,15;
15,34;
34,24;
24,34;
34,26;
26,34;
34,27;
27,34;
34,31;
31,34;
34,33;
33,34;
}
label = {
1,1;
2,1;
3,1;
4,1;
5,1;
6,1;
7,1;
8,1;
9,1;
10,1;
11,1;
12,1;
13,1;
14,1;
15,1;
16,1;
17,1;
18,1;
19,1;
20,2;
21,2;
22,2;
23,2;
24,2;
25,2;
26,2;
27,2;
28,2;
29,2;
30,2;
31,2;
32,2;
33,2;
34,2;
}