edge = {
1,2;
2,1;
1,11;
11,1;
1,14;
14,1;
2,1;
1,2;
2,3;
3,2;
2,4;
4,2;
2,20;
20,2;
2,21;
21,2;
3,2;
2,3;
3,4;
4,3;
3,5;
5,3;
3,20;
20,3;
4,2;
2,4;
4,3;
3,4;
4,5;
5,4;
4,19;
19,4;
5,3;
3,5;
5,4;
4,5;
5,6;
6,5;
5,7;
7,5;
5,8;
8,5;
5,18;
18,5;
5,22;
22,5;
6,5;
5,6;
6,7;
7,6;
6,8;
8,6;
6,22;
22,6;
7,5;
5,7;
7,6;
6,7;
7,8;
8,7;
8,5;
5,8;
8,6;
6,8;
8,7;
7,8;
8,23;
23,8;
9,10;
10,9;
9,12;
12,9;
9,13;
13,9;
9,14;
14,9;
10,9;
9,10;
10,12;
12,10;
10,13;
13,10;
10,14;
14,10;
11,1;
1,11;
11,14;
14,11;
11,15;
15,11;
11,16;
16,11;
11,17;
17,11;
12,9;
9,12;
12,10;
10,12;
12,13;
13,12;
13,9;
9,13;
13,10;
10,13;
13,12;
12,13;
14,1;
1,14;
14,9;
9,14;
14,10;
10,14;
14,11;
11,14;
15,11;
11,15;
15,16;
16,15;
15,17;
17,15;
15,21;
21,15;
16,11;
11,16;
16,15;
15,16;
16,17;
17,16;
16,21;
21,16;
17,11;
11,17;
17,15;
15,17;
17,16;
16,17;
17,20;
20,17;
17,21;
21,17;
18,5;
5,18;
18,19;
19,18;
18,20;
20,18;
18,22;
22,18;
18,23;
23,18;
19,4;
4,19;
19,18;
18,19;
19,20;
20,19;
19,22;
22,19;
19,23;
23,19;
20,2;
2,20;
20,3;
3,20;
20,17;
17,20;
20,18;
18,20;
20,19;
19,20;
20,21;
21,20;
21,2;
2,21;
21,15;
15,21;
21,16;
16,21;
21,17;
17,21;
21,20;
20,21;
22,5;
5,22;
22,6;
6,22;
22,18;
18,22;
22,19;
19,22;
22,23;
23,22;
23,8;
8,23;
23,18;
18,23;
23,19;
19,23;
23,22;
22,23;
}
label = {
1,1;
2,1;
3,1;
4,1;
5,1;
6,1;
7,1;
8,1;
9,2;
10,2;
11,2;
12,2;
13,2;
14,2;
15,2;
16,2;
17,2;
18,2;
19,2;
20,2;
21,2;
22,2;
23,2;
}