edge = {
1,2;
2,1;
1,17;
17,1;
1,18;
18,1;
2,1;
1,2;
2,3;
3,2;
2,17;
17,2;
2,18;
18,2;
3,2;
2,3;
3,4;
4,3;
3,5;
5,3;
3,18;
18,3;
3,19;
19,3;
4,3;
3,4;
4,5;
5,4;
4,6;
6,4;
4,19;
19,4;
4,20;
20,4;
5,3;
3,5;
5,4;
4,5;
5,6;
6,5;
5,20;
20,5;
6,4;
4,6;
6,5;
5,6;
6,7;
7,6;
6,21;
21,6;
7,6;
6,7;
7,8;
8,7;
7,9;
9,7;
7,21;
21,7;
7,22;
22,7;
8,7;
7,8;
8,9;
9,8;
8,10;
10,8;
8,23;
23,8;
8,24;
24,8;
9,7;
7,9;
9,8;
8,9;
9,10;
10,9;
9,11;
11,9;
9,24;
24,9;
10,8;
8,10;
10,9;
9,10;
10,11;
11,10;
10,25;
25,10;
11,9;
9,11;
11,10;
10,11;
11,12;
12,11;
11,13;
13,11;
11,25;
25,11;
12,11;
11,12;
12,13;
13,12;
12,14;
14,12;
13,11;
11,13;
13,12;
12,13;
13,14;
14,13;
14,12;
12,14;
14,13;
13,14;
14,26;
26,14;
15,33;
33,15;
15,36;
36,15;
15,39;
39,15;
16,27;
27,16;
16,28;
28,16;
16,31;
31,16;
17,1;
1,17;
17,2;
2,17;
17,18;
18,17;
17,19;
19,17;
18,1;
1,18;
18,2;
2,18;
18,3;
3,18;
18,17;
17,18;
18,19;
19,18;
18,20;
20,18;
19,3;
3,19;
19,4;
4,19;
19,17;
17,19;
19,18;
18,19;
19,20;
20,19;
20,4;
4,20;
20,5;
5,20;
20,18;
18,20;
20,19;
19,20;
20,21;
21,20;
21,6;
6,21;
21,7;
7,21;
21,20;
20,21;
21,22;
22,21;
21,23;
23,21;
22,7;
7,22;
22,21;
21,22;
22,23;
23,22;
22,24;
24,22;
23,8;
8,23;
23,21;
21,23;
23,22;
22,23;
23,24;
24,23;
23,25;
25,23;
24,8;
8,24;
24,9;
9,24;
24,22;
22,24;
24,23;
23,24;
24,25;
25,24;
25,10;
10,25;
25,11;
11,25;
25,23;
23,25;
25,24;
24,25;
26,14;
14,26;
26,32;
32,26;
26,35;
35,26;
26,38;
38,26;
27,16;
16,27;
27,28;
28,27;
27,29;
29,27;
27,31;
31,27;
28,16;
16,28;
28,27;
27,28;
28,29;
29,28;
28,31;
31,28;
29,27;
27,29;
29,28;
28,29;
29,31;
31,29;
30,31;
31,30;
30,34;
34,30;
30,37;
37,30;
31,16;
16,31;
31,27;
27,31;
31,28;
28,31;
31,29;
29,31;
31,30;
30,31;
31,37;
37,31;
32,26;
26,32;
32,35;
35,32;
32,38;
38,32;
33,15;
15,33;
33,34;
34,33;
33,36;
36,33;
33,37;
37,33;
34,30;
30,34;
34,33;
33,34;
34,37;
37,34;
35,26;
26,35;
35,32;
32,35;
35,38;
38,35;
35,39;
39,35;
36,15;
15,36;
36,33;
33,36;
36,38;
38,36;
36,39;
39,36;
37,30;
30,37;
37,31;
31,37;
37,33;
33,37;
37,34;
34,37;
38,26;
26,38;
38,32;
32,38;
38,35;
35,38;
38,36;
36,38;
38,39;
39,38;
39,15;
15,39;
39,35;
35,39;
39,36;
36,39;
39,38;
38,39;
}
label = {
1,1;
2,1;
3,1;
4,1;
5,1;
6,1;
7,1;
8,1;
9,1;
10,1;
11,1;
12,1;
13,1;
14,1;
15,1;
16,1;
17,2;
18,2;
19,2;
20,2;
21,2;
22,2;
23,2;
24,2;
25,2;
26,2;
27,2;
28,2;
29,2;
30,2;
31,2;
32,2;
33,2;
34,2;
35,2;
36,2;
37,2;
38,2;
39,2;
}