edge = {
1,18;
18,1;
1,19;
19,1;
1,24;
24,1;
2,3;
3,2;
2,4;
4,2;
2,5;
5,2;
2,16;
16,2;
2,20;
20,2;
3,2;
2,3;
3,4;
4,3;
3,5;
5,3;
3,21;
21,3;
4,2;
2,4;
4,3;
3,4;
4,5;
5,4;
4,29;
29,4;
5,2;
2,5;
5,3;
3,5;
5,4;
4,5;
5,6;
6,5;
5,7;
7,5;
5,28;
28,5;
5,29;
29,5;
6,5;
5,6;
6,7;
7,6;
6,8;
8,6;
6,28;
28,6;
7,5;
5,7;
7,6;
6,7;
7,8;
8,7;
7,27;
27,7;
8,6;
6,8;
8,7;
7,8;
8,9;
9,8;
8,27;
27,8;
8,30;
30,8;
9,8;
8,9;
9,10;
10,9;
9,30;
30,9;
9,31;
31,9;
10,9;
9,10;
10,11;
11,10;
10,12;
12,10;
10,31;
31,10;
10,32;
32,10;
11,10;
10,11;
11,12;
12,11;
11,13;
13,11;
11,32;
32,11;
12,10;
10,12;
12,11;
11,12;
12,13;
13,12;
12,26;
26,12;
13,11;
11,13;
13,12;
12,13;
13,25;
25,13;
13,26;
26,13;
14,15;
15,14;
14,19;
19,14;
14,24;
24,14;
15,14;
14,15;
15,19;
19,15;
15,24;
24,15;
16,2;
2,16;
16,17;
17,16;
16,20;
20,16;
16,21;
21,16;
16,29;
29,16;
17,16;
16,17;
17,18;
18,17;
17,20;
20,17;
17,21;
21,17;
17,22;
22,17;
17,23;
23,17;
18,1;
1,18;
18,17;
17,18;
18,19;
19,18;
18,22;
22,18;
18,23;
23,18;
19,1;
1,19;
19,14;
14,19;
19,15;
15,19;
19,18;
18,19;
19,24;
24,19;
20,2;
2,20;
20,16;
16,20;
20,17;
17,20;
20,21;
21,20;
21,3;
3,21;
21,16;
16,21;
21,17;
17,21;
21,20;
20,21;
21,29;
29,21;
22,17;
17,22;
22,18;
18,22;
22,23;
23,22;
23,17;
17,23;
23,18;
18,23;
23,22;
22,23;
24,1;
1,24;
24,14;
14,24;
24,15;
15,24;
24,19;
19,24;
25,13;
13,25;
25,26;
26,25;
25,32;
32,25;
26,12;
12,26;
26,13;
13,26;
26,25;
25,26;
26,32;
32,26;
27,7;
7,27;
27,8;
8,27;
27,28;
28,27;
27,30;
30,27;
28,5;
5,28;
28,6;
6,28;
28,27;
27,28;
28,29;
29,28;
29,4;
4,29;
29,5;
5,29;
29,16;
16,29;
29,21;
21,29;
29,28;
28,29;
30,8;
8,30;
30,9;
9,30;
30,27;
27,30;
30,31;
31,30;
31,9;
9,31;
31,10;
10,31;
31,30;
30,31;
31,32;
32,31;
32,10;
10,32;
32,11;
11,32;
32,25;
25,32;
32,26;
26,32;
32,31;
31,32;
}
label = {
1,1;
2,1;
3,1;
4,1;
5,1;
6,1;
7,1;
8,1;
9,1;
10,1;
11,1;
12,1;
13,1;
14,2;
15,2;
16,2;
17,2;
18,2;
19,2;
20,2;
21,2;
22,2;
23,2;
24,2;
25,2;
26,2;
27,2;
28,2;
29,2;
30,2;
31,2;
32,2;
}