edge = {
1,2;
2,1;
1,21;
21,1;
1,22;
22,1;
2,1;
1,2;
2,3;
3,2;
2,4;
4,2;
2,22;
22,2;
2,23;
23,2;
3,2;
2,3;
3,4;
4,3;
3,5;
5,3;
3,30;
30,3;
4,2;
2,4;
4,3;
3,4;
4,5;
5,4;
4,6;
6,4;
4,24;
24,4;
5,3;
3,5;
5,4;
4,5;
5,6;
6,5;
5,7;
7,5;
5,31;
31,5;
6,4;
4,6;
6,5;
5,6;
6,7;
7,6;
6,8;
8,6;
6,32;
32,6;
7,5;
5,7;
7,6;
6,7;
7,8;
8,7;
7,32;
32,7;
7,33;
33,7;
8,6;
6,8;
8,7;
7,8;
8,9;
9,8;
8,25;
25,8;
8,33;
33,8;
9,8;
8,9;
9,10;
10,9;
9,11;
11,9;
9,25;
25,9;
10,9;
9,10;
10,11;
11,10;
10,12;
12,10;
11,9;
9,11;
11,10;
10,11;
11,12;
12,11;
11,13;
13,11;
11,14;
14,11;
12,10;
10,12;
12,11;
11,12;
12,13;
13,12;
12,14;
14,12;
12,26;
26,12;
13,11;
11,13;
13,12;
12,13;
13,14;
14,13;
13,26;
26,13;
14,11;
11,14;
14,12;
12,14;
14,13;
13,14;
14,15;
15,14;
14,27;
27,14;
15,14;
14,15;
15,16;
16,15;
15,17;
17,15;
15,27;
27,15;
15,28;
28,15;
16,15;
15,16;
16,17;
17,16;
16,18;
18,16;
16,28;
28,16;
16,29;
29,16;
17,15;
15,17;
17,16;
16,17;
17,18;
18,17;
17,19;
19,17;
17,20;
20,17;
17,29;
29,17;
18,16;
16,18;
18,17;
17,18;
18,19;
19,18;
18,20;
20,18;
19,17;
17,19;
19,18;
18,19;
19,20;
20,19;
20,17;
17,20;
20,18;
18,20;
20,19;
19,20;
21,1;
1,21;
21,22;
22,21;
21,23;
23,21;
21,30;
30,21;
22,1;
1,22;
22,2;
2,22;
22,21;
21,22;
22,23;
23,22;
22,30;
30,22;
23,2;
2,23;
23,21;
21,23;
23,22;
22,23;
23,24;
24,23;
23,30;
30,23;
24,4;
4,24;
24,23;
23,24;
24,30;
30,24;
24,31;
31,24;
24,32;
32,24;
25,8;
8,25;
25,9;
9,25;
25,26;
26,25;
25,32;
32,25;
25,33;
33,25;
26,12;
12,26;
26,13;
13,26;
26,25;
25,26;
26,27;
27,26;
27,14;
14,27;
27,15;
15,27;
27,26;
26,27;
27,28;
28,27;
27,29;
29,27;
28,15;
15,28;
28,16;
16,28;
28,27;
27,28;
28,29;
29,28;
29,16;
16,29;
29,17;
17,29;
29,27;
27,29;
29,28;
28,29;
30,3;
3,30;
30,21;
21,30;
30,22;
22,30;
30,23;
23,30;
30,24;
24,30;
30,31;
31,30;
31,5;
5,31;
31,24;
24,31;
31,30;
30,31;
31,32;
32,31;
31,33;
33,31;
32,6;
6,32;
32,7;
7,32;
32,24;
24,32;
32,25;
25,32;
32,31;
31,32;
32,33;
33,32;
33,7;
7,33;
33,8;
8,33;
33,25;
25,33;
33,31;
31,33;
33,32;
32,33;
}
label = {
1,1;
2,1;
3,1;
4,1;
5,1;
6,1;
7,1;
8,1;
9,1;
10,1;
11,1;
12,1;
13,1;
14,1;
15,1;
16,1;
17,1;
18,1;
19,1;
20,1;
21,2;
22,2;
23,2;
24,2;
25,2;
26,2;
27,2;
28,2;
29,2;
30,2;
31,2;
32,2;
33,2;
}