edge = {
1,2;
2,1;
1,14;
14,1;
1,31;
31,1;
1,36;
36,1;
2,1;
1,2;
2,3;
3,2;
2,4;
4,2;
2,30;
30,2;
3,2;
2,3;
3,4;
4,3;
3,5;
5,3;
4,2;
2,4;
4,3;
3,4;
4,5;
5,4;
4,32;
32,4;
5,3;
3,5;
5,4;
4,5;
5,6;
6,5;
5,32;
32,5;
6,5;
5,6;
6,7;
7,6;
6,33;
33,6;
6,38;
38,6;
7,6;
6,7;
7,8;
8,7;
7,33;
33,7;
8,7;
7,8;
8,22;
22,8;
8,23;
23,8;
8,34;
34,8;
9,10;
10,9;
9,26;
26,9;
9,34;
34,9;
10,9;
9,10;
10,11;
11,10;
10,25;
25,10;
11,10;
10,11;
11,12;
12,11;
11,13;
13,11;
11,26;
26,11;
11,28;
28,11;
11,29;
29,11;
12,11;
11,12;
12,13;
13,12;
12,26;
26,12;
13,11;
11,13;
13,12;
12,13;
13,26;
26,13;
14,1;
1,14;
14,30;
30,14;
14,31;
31,14;
14,35;
35,14;
14,36;
36,14;
15,16;
16,15;
15,30;
30,15;
15,35;
35,15;
16,15;
15,16;
16,17;
17,16;
16,18;
18,16;
17,16;
16,17;
17,18;
18,17;
17,19;
19,17;
18,16;
16,18;
18,17;
17,18;
18,19;
19,18;
19,17;
17,19;
19,18;
18,19;
19,20;
20,19;
19,32;
32,19;
19,37;
37,19;
20,19;
19,20;
20,21;
21,20;
20,32;
32,20;
20,37;
37,20;
21,20;
20,21;
21,33;
33,21;
21,38;
38,21;
22,8;
8,22;
22,23;
23,22;
22,33;
33,22;
22,38;
38,22;
23,8;
8,23;
23,22;
22,23;
23,24;
24,23;
23,33;
33,23;
24,23;
23,24;
24,34;
34,24;
24,39;
39,24;
25,10;
10,25;
25,26;
26,25;
25,39;
39,25;
26,9;
9,26;
26,11;
11,26;
26,12;
12,26;
26,13;
13,26;
26,25;
25,26;
26,27;
27,26;
26,34;
34,26;
26,39;
39,26;
27,26;
26,27;
27,28;
28,27;
27,29;
29,27;
28,11;
11,28;
28,27;
27,28;
28,29;
29,28;
29,11;
11,29;
29,27;
27,29;
29,28;
28,29;
30,2;
2,30;
30,14;
14,30;
30,15;
15,30;
30,31;
31,30;
31,1;
1,31;
31,14;
14,31;
31,30;
30,31;
32,4;
4,32;
32,5;
5,32;
32,19;
19,32;
32,20;
20,32;
33,6;
6,33;
33,7;
7,33;
33,21;
21,33;
33,22;
22,33;
33,23;
23,33;
34,8;
8,34;
34,9;
9,34;
34,24;
24,34;
34,26;
26,34;
34,39;
39,34;
35,14;
14,35;
35,15;
15,35;
36,1;
1,36;
36,14;
14,36;
37,19;
19,37;
37,20;
20,37;
38,6;
6,38;
38,21;
21,38;
38,22;
22,38;
39,24;
24,39;
39,25;
25,39;
39,26;
26,39;
39,34;
34,39;
}
label = {
1,1;
2,1;
3,1;
4,1;
5,1;
6,1;
7,1;
8,1;
9,1;
10,1;
11,1;
12,1;
13,1;
14,1;
15,1;
16,1;
17,1;
18,1;
19,1;
20,1;
21,1;
22,1;
23,1;
24,1;
25,1;
26,1;
27,1;
28,1;
29,1;
30,2;
31,2;
32,2;
33,2;
34,2;
35,2;
36,2;
37,2;
38,2;
39,2;
}