edge = {
1,2;
2,1;
1,3;
3,1;
1,14;
14,1;
2,1;
1,2;
2,3;
3,2;
2,13;
13,2;
2,15;
15,2;
2,25;
25,2;
3,1;
1,3;
3,2;
2,3;
3,4;
4,3;
3,13;
13,3;
3,14;
14,3;
3,16;
16,3;
4,3;
3,4;
4,5;
5,4;
4,17;
17,4;
5,4;
4,5;
5,6;
6,5;
5,16;
16,5;
5,27;
27,5;
5,32;
32,5;
6,5;
5,6;
6,7;
7,6;
6,19;
19,6;
6,27;
27,6;
7,6;
6,7;
7,8;
8,7;
7,27;
27,7;
7,28;
28,7;
7,32;
32,7;
7,33;
33,7;
8,7;
7,8;
8,9;
9,8;
8,19;
19,8;
8,21;
21,8;
8,28;
28,8;
9,8;
8,9;
9,10;
10,9;
9,20;
20,9;
9,21;
21,9;
9,22;
22,9;
10,9;
9,10;
10,11;
11,10;
10,21;
21,10;
10,29;
29,10;
10,34;
34,10;
11,10;
10,11;
11,12;
12,11;
11,24;
24,11;
11,29;
29,11;
11,34;
34,11;
12,11;
11,12;
12,24;
24,12;
12,29;
29,12;
13,2;
2,13;
13,3;
3,13;
13,14;
14,13;
13,30;
30,13;
13,31;
31,13;
14,1;
1,14;
14,3;
3,14;
14,13;
13,14;
14,15;
15,14;
14,30;
30,14;
15,2;
2,15;
15,14;
14,15;
15,16;
16,15;
16,3;
3,16;
16,5;
5,16;
16,15;
15,16;
16,17;
17,16;
17,4;
4,17;
17,16;
16,17;
17,18;
18,17;
17,32;
32,17;
18,17;
17,18;
18,19;
19,18;
18,32;
32,18;
19,6;
6,19;
19,8;
8,19;
19,18;
18,19;
19,20;
20,19;
19,33;
33,19;
20,9;
9,20;
20,19;
19,20;
20,21;
21,20;
20,28;
28,20;
20,33;
33,20;
21,8;
8,21;
21,9;
9,21;
21,10;
10,21;
21,20;
20,21;
21,22;
22,21;
21,23;
23,21;
22,9;
9,22;
22,21;
21,22;
22,23;
23,22;
22,34;
34,22;
23,21;
21,23;
23,22;
22,23;
23,24;
24,23;
23,34;
34,23;
24,11;
11,24;
24,12;
12,24;
24,23;
23,24;
25,2;
2,25;
25,26;
26,25;
25,31;
31,25;
26,25;
25,26;
26,30;
30,26;
27,5;
5,27;
27,6;
6,27;
27,7;
7,27;
28,7;
7,28;
28,8;
8,28;
28,20;
20,28;
29,10;
10,29;
29,11;
11,29;
29,12;
12,29;
29,34;
34,29;
30,13;
13,30;
30,14;
14,30;
30,26;
26,30;
30,31;
31,30;
31,13;
13,31;
31,25;
25,31;
31,30;
30,31;
32,5;
5,32;
32,7;
7,32;
32,17;
17,32;
32,18;
18,32;
33,7;
7,33;
33,19;
19,33;
33,20;
20,33;
34,10;
10,34;
34,11;
11,34;
34,22;
22,34;
34,23;
23,34;
34,29;
29,34;
}
label = {
1,1;
2,1;
3,1;
4,1;
5,1;
6,1;
7,1;
8,1;
9,1;
10,1;
11,1;
12,1;
13,1;
14,1;
15,1;
16,1;
17,1;
18,1;
19,1;
20,1;
21,1;
22,1;
23,1;
24,1;
25,2;
26,2;
27,2;
28,2;
29,2;
30,2;
31,2;
32,2;
33,2;
34,2;
}