edge = {
1,2;
2,1;
1,15;
15,1;
2,1;
1,2;
2,3;
3,2;
2,14;
14,2;
3,2;
2,3;
3,17;
17,3;
3,30;
30,3;
3,33;
33,3;
4,5;
5,4;
4,16;
16,4;
4,30;
30,4;
5,4;
4,5;
5,19;
19,5;
5,29;
29,5;
5,34;
34,5;
6,7;
7,6;
6,18;
18,6;
6,20;
20,6;
6,29;
29,6;
6,34;
34,6;
7,6;
6,7;
7,19;
19,7;
7,27;
27,7;
8,9;
9,8;
8,27;
27,8;
8,36;
36,8;
9,8;
8,9;
9,27;
27,9;
9,28;
28,9;
9,35;
35,9;
9,36;
36,9;
10,11;
11,10;
10,28;
28,10;
10,31;
31,10;
10,32;
32,10;
11,10;
10,11;
11,12;
12,11;
11,31;
31,11;
11,32;
32,11;
12,11;
11,12;
12,13;
13,12;
12,26;
26,12;
13,12;
12,13;
13,25;
25,13;
13,26;
26,13;
14,2;
2,14;
14,15;
15,14;
15,1;
1,15;
15,14;
14,15;
15,16;
16,15;
16,4;
4,16;
16,15;
15,16;
16,30;
30,16;
16,33;
33,16;
17,3;
3,17;
17,18;
18,17;
17,30;
30,17;
17,33;
33,17;
18,6;
6,18;
18,17;
17,18;
18,29;
29,18;
18,34;
34,18;
19,5;
5,19;
19,7;
7,19;
19,20;
20,19;
19,29;
29,19;
19,34;
34,19;
20,6;
6,20;
20,19;
19,20;
20,36;
36,20;
21,22;
22,21;
21,27;
27,21;
21,36;
36,21;
22,21;
21,22;
22,27;
27,22;
22,28;
28,22;
22,35;
35,22;
22,36;
36,22;
23,24;
24,23;
23,31;
31,23;
23,32;
32,23;
23,35;
35,23;
24,23;
23,24;
24,25;
25,24;
24,31;
31,24;
24,32;
32,24;
25,13;
13,25;
25,24;
24,25;
25,26;
26,25;
26,12;
12,26;
26,13;
13,26;
26,25;
25,26;
27,7;
7,27;
27,8;
8,27;
27,9;
9,27;
27,21;
21,27;
27,22;
22,27;
27,36;
36,27;
28,9;
9,28;
28,10;
10,28;
28,22;
22,28;
28,35;
35,28;
29,5;
5,29;
29,6;
6,29;
29,18;
18,29;
29,19;
19,29;
29,34;
34,29;
30,3;
3,30;
30,4;
4,30;
30,16;
16,30;
30,17;
17,30;
30,33;
33,30;
31,10;
10,31;
31,11;
11,31;
31,23;
23,31;
31,24;
24,31;
31,32;
32,31;
32,10;
10,32;
32,11;
11,32;
32,23;
23,32;
32,24;
24,32;
32,31;
31,32;
33,3;
3,33;
33,16;
16,33;
33,17;
17,33;
33,30;
30,33;
34,5;
5,34;
34,6;
6,34;
34,18;
18,34;
34,19;
19,34;
34,29;
29,34;
35,9;
9,35;
35,22;
22,35;
35,23;
23,35;
35,28;
28,35;
36,8;
8,36;
36,9;
9,36;
36,20;
20,36;
36,21;
21,36;
36,22;
22,36;
36,27;
27,36;
}
label = {
1,1;
2,1;
3,1;
4,1;
5,1;
6,1;
7,1;
8,1;
9,1;
10,1;
11,1;
12,1;
13,1;
14,1;
15,1;
16,1;
17,1;
18,1;
19,1;
20,1;
21,1;
22,1;
23,1;
24,1;
25,1;
26,1;
27,2;
28,2;
29,2;
30,2;
31,2;
32,2;
33,2;
34,2;
35,2;
36,2;
}