edge = {
1,2;
2,1;
1,3;
3,1;
1,11;
11,1;
2,1;
1,2;
2,3;
3,2;
2,4;
4,2;
2,5;
5,2;
3,1;
1,3;
3,2;
2,3;
3,4;
4,3;
3,5;
5,3;
4,2;
2,4;
4,3;
3,4;
4,5;
5,4;
5,2;
2,5;
5,3;
3,5;
5,4;
4,5;
6,13;
13,6;
6,14;
14,6;
6,18;
18,6;
7,8;
8,7;
7,9;
9,7;
7,19;
19,7;
8,7;
7,8;
8,9;
9,8;
8,20;
20,8;
9,7;
7,9;
9,8;
8,9;
9,21;
21,9;
10,11;
11,10;
10,16;
16,10;
11,1;
1,11;
11,10;
10,11;
11,15;
15,11;
12,13;
13,12;
12,18;
18,12;
13,6;
6,13;
13,12;
12,13;
13,14;
14,13;
13,17;
17,13;
13,18;
18,13;
14,6;
6,14;
14,13;
13,14;
14,18;
18,14;
14,19;
19,14;
14,20;
20,14;
14,21;
21,14;
15,11;
11,15;
15,16;
16,15;
16,10;
10,16;
16,15;
15,16;
17,13;
13,17;
17,18;
18,17;
18,6;
6,18;
18,12;
12,18;
18,13;
13,18;
18,14;
14,18;
18,17;
17,18;
19,7;
7,19;
19,14;
14,19;
19,20;
20,19;
19,21;
21,19;
20,8;
8,20;
20,14;
14,20;
20,19;
19,20;
20,21;
21,20;
21,9;
9,21;
21,14;
14,21;
21,19;
19,21;
21,20;
20,21;
}
label = {
1,1;
2,1;
3,1;
4,1;
5,1;
6,1;
7,1;
8,1;
9,1;
10,2;
11,2;
12,2;
13,2;
14,2;
15,2;
16,2;
17,2;
18,2;
19,2;
20,2;
21,2;
}