edge = {
1,2;
2,1;
1,15;
15,1;
1,19;
19,1;
2,1;
1,2;
2,3;
3,2;
2,15;
15,2;
2,17;
17,2;
2,21;
21,2;
3,2;
2,3;
3,4;
4,3;
3,5;
5,3;
3,16;
16,3;
3,18;
18,3;
4,3;
3,4;
4,5;
5,4;
4,6;
6,4;
4,7;
7,4;
4,16;
16,4;
5,3;
3,5;
5,4;
4,5;
5,6;
6,5;
5,7;
7,5;
5,16;
16,5;
6,4;
4,6;
6,5;
5,6;
6,7;
7,6;
7,4;
4,7;
7,5;
5,7;
7,6;
6,7;
8,9;
9,8;
8,15;
15,8;
8,19;
19,8;
9,8;
8,9;
9,17;
17,9;
9,21;
21,9;
10,11;
11,10;
10,12;
12,10;
10,16;
16,10;
10,20;
20,10;
10,22;
22,10;
11,10;
10,11;
11,12;
12,11;
11,13;
13,11;
11,14;
14,11;
11,16;
16,11;
11,20;
20,11;
12,10;
10,12;
12,11;
11,12;
12,13;
13,12;
12,14;
14,12;
12,16;
16,12;
12,20;
20,12;
13,11;
11,13;
13,12;
12,13;
13,14;
14,13;
14,11;
11,14;
14,12;
12,14;
14,13;
13,14;
15,1;
1,15;
15,2;
2,15;
15,8;
8,15;
15,17;
17,15;
15,21;
21,15;
16,3;
3,16;
16,4;
4,16;
16,5;
5,16;
16,10;
10,16;
16,11;
11,16;
16,12;
12,16;
16,18;
18,16;
17,2;
2,17;
17,9;
9,17;
17,15;
15,17;
17,18;
18,17;
17,19;
19,17;
17,22;
22,17;
18,3;
3,18;
18,16;
16,18;
18,17;
17,18;
18,20;
20,18;
18,21;
21,18;
18,22;
22,18;
19,1;
1,19;
19,8;
8,19;
19,17;
17,19;
19,21;
21,19;
20,10;
10,20;
20,11;
11,20;
20,12;
12,20;
20,18;
18,20;
21,2;
2,21;
21,9;
9,21;
21,15;
15,21;
21,18;
18,21;
21,19;
19,21;
21,22;
22,21;
22,10;
10,22;
22,17;
17,22;
22,18;
18,22;
22,21;
21,22;
}
label = {
1,1;
2,1;
3,1;
4,1;
5,1;
6,1;
7,1;
8,1;
9,1;
10,1;
11,1;
12,1;
13,1;
14,1;
15,2;
16,2;
17,2;
18,2;
19,2;
20,2;
21,2;
22,2;
}