edge = {
1,9;
9,1;
1,10;
10,1;
1,14;
14,1;
2,3;
3,2;
2,12;
12,2;
2,13;
13,2;
2,17;
17,2;
2,18;
18,2;
3,2;
2,3;
3,4;
4,3;
3,6;
6,3;
3,8;
8,3;
3,11;
11,3;
3,13;
13,3;
3,18;
18,3;
4,3;
3,4;
4,8;
8,4;
4,11;
11,4;
5,6;
6,5;
5,9;
9,5;
5,14;
14,5;
5,17;
17,5;
6,3;
3,6;
6,5;
5,6;
6,7;
7,6;
6,8;
8,6;
6,17;
17,6;
6,18;
18,6;
7,6;
6,7;
7,8;
8,7;
7,16;
16,7;
7,18;
18,7;
8,3;
3,8;
8,4;
4,8;
8,6;
6,8;
8,7;
7,8;
8,16;
16,8;
9,1;
1,9;
9,5;
5,9;
9,10;
10,9;
9,12;
12,9;
9,15;
15,9;
10,1;
1,10;
10,9;
9,10;
10,14;
14,10;
11,3;
3,11;
11,4;
4,11;
11,13;
13,11;
11,18;
18,11;
12,2;
2,12;
12,9;
9,12;
12,13;
13,12;
13,2;
2,13;
13,3;
3,13;
13,11;
11,13;
13,12;
12,13;
13,16;
16,13;
13,17;
17,13;
13,18;
18,13;
14,1;
1,14;
14,5;
5,14;
14,10;
10,14;
14,15;
15,14;
15,9;
9,15;
15,14;
14,15;
16,7;
7,16;
16,8;
8,16;
16,13;
13,16;
16,18;
18,16;
17,2;
2,17;
17,5;
5,17;
17,6;
6,17;
17,13;
13,17;
18,2;
2,18;
18,3;
3,18;
18,6;
6,18;
18,7;
7,18;
18,11;
11,18;
18,13;
13,18;
18,16;
16,18;
}
label = {
1,1;
2,1;
3,1;
4,1;
5,1;
6,1;
7,1;
8,1;
9,2;
10,2;
11,2;
12,2;
13,2;
14,2;
15,2;
16,2;
17,2;
18,2;
}