edge = {
1,2;
2,1;
1,21;
21,1;
1,22;
22,1;
2,1;
1,2;
2,3;
3,2;
2,22;
22,2;
2,25;
25,2;
3,2;
2,3;
3,4;
4,3;
3,5;
5,3;
3,25;
25,3;
4,3;
3,4;
4,5;
5,4;
4,6;
6,4;
4,7;
7,4;
5,3;
3,5;
5,4;
4,5;
5,6;
6,5;
5,7;
7,5;
5,26;
26,5;
6,4;
4,6;
6,5;
5,6;
6,7;
7,6;
7,4;
4,7;
7,5;
5,7;
7,6;
6,7;
7,26;
26,7;
8,9;
9,8;
8,10;
10,8;
8,11;
11,8;
8,26;
26,8;
9,8;
8,9;
9,10;
10,9;
9,11;
11,9;
9,26;
26,9;
10,8;
8,10;
10,9;
9,10;
10,11;
11,10;
10,12;
12,10;
11,8;
8,11;
11,9;
9,11;
11,10;
10,11;
11,12;
12,11;
12,10;
10,12;
12,11;
11,12;
12,13;
13,12;
12,14;
14,12;
13,12;
12,13;
13,14;
14,13;
13,15;
15,13;
14,12;
12,14;
14,13;
13,14;
14,15;
15,14;
14,16;
16,14;
15,13;
13,15;
15,14;
14,15;
15,16;
16,15;
16,14;
14,16;
16,15;
15,16;
16,17;
17,16;
16,24;
24,16;
17,16;
16,17;
17,18;
18,17;
17,19;
19,17;
17,23;
23,17;
17,30;
30,17;
18,17;
17,18;
18,19;
19,18;
18,20;
20,18;
19,17;
17,19;
19,18;
18,19;
19,20;
20,19;
19,28;
28,19;
20,18;
18,20;
20,19;
19,20;
20,28;
28,20;
20,31;
31,20;
21,1;
1,21;
21,22;
22,21;
21,25;
25,21;
22,1;
1,22;
22,2;
2,22;
22,21;
21,22;
22,25;
25,22;
23,17;
17,23;
23,24;
24,23;
23,29;
29,23;
23,30;
30,23;
24,16;
16,24;
24,23;
23,24;
24,29;
29,24;
24,30;
30,24;
25,2;
2,25;
25,3;
3,25;
25,21;
21,25;
25,22;
22,25;
26,5;
5,26;
26,7;
7,26;
26,8;
8,26;
26,9;
9,26;
27,28;
28,27;
27,31;
31,27;
27,32;
32,27;
28,19;
19,28;
28,20;
20,28;
28,27;
27,28;
28,31;
31,28;
28,32;
32,28;
29,23;
23,29;
29,24;
24,29;
29,30;
30,29;
30,17;
17,30;
30,23;
23,30;
30,24;
24,30;
30,29;
29,30;
31,20;
20,31;
31,27;
27,31;
31,28;
28,31;
31,32;
32,31;
32,27;
27,32;
32,28;
28,32;
32,31;
31,32;
}
label = {
1,1;
2,1;
3,1;
4,1;
5,1;
6,1;
7,1;
8,1;
9,1;
10,1;
11,1;
12,1;
13,1;
14,1;
15,1;
16,1;
17,1;
18,1;
19,1;
20,1;
21,2;
22,2;
23,2;
24,2;
25,2;
26,2;
27,2;
28,2;
29,2;
30,2;
31,2;
32,2;
}