edge = {
1,2;
2,1;
1,22;
22,1;
1,23;
23,1;
2,1;
1,2;
2,3;
3,2;
2,23;
23,2;
2,26;
26,2;
3,2;
2,3;
3,4;
4,3;
3,5;
5,3;
3,26;
26,3;
4,3;
3,4;
4,5;
5,4;
4,6;
6,4;
4,7;
7,4;
5,3;
3,5;
5,4;
4,5;
5,6;
6,5;
5,7;
7,5;
5,27;
27,5;
6,4;
4,6;
6,5;
5,6;
6,7;
7,6;
7,4;
4,7;
7,5;
5,7;
7,6;
6,7;
7,27;
27,7;
8,9;
9,8;
8,10;
10,8;
8,11;
11,8;
8,27;
27,8;
9,8;
8,9;
9,10;
10,9;
9,11;
11,9;
9,27;
27,9;
10,8;
8,10;
10,9;
9,10;
10,11;
11,10;
10,12;
12,10;
11,8;
8,11;
11,9;
9,11;
11,10;
10,11;
11,12;
12,11;
12,10;
10,12;
12,11;
11,12;
12,13;
13,12;
13,12;
12,13;
13,14;
14,13;
13,15;
15,13;
14,13;
13,14;
14,15;
15,14;
14,16;
16,14;
15,13;
13,15;
15,14;
14,15;
15,16;
16,15;
15,17;
17,15;
16,14;
14,16;
16,15;
15,16;
16,17;
17,16;
17,15;
15,17;
17,16;
16,17;
17,18;
18,17;
17,25;
25,17;
18,17;
17,18;
18,19;
19,18;
18,20;
20,18;
18,24;
24,18;
18,31;
31,18;
19,18;
18,19;
19,20;
20,19;
19,21;
21,19;
20,18;
18,20;
20,19;
19,20;
20,21;
21,20;
20,29;
29,20;
21,19;
19,21;
21,20;
20,21;
21,29;
29,21;
21,32;
32,21;
22,1;
1,22;
22,23;
23,22;
22,26;
26,22;
23,1;
1,23;
23,2;
2,23;
23,22;
22,23;
23,26;
26,23;
24,18;
18,24;
24,25;
25,24;
24,30;
30,24;
24,31;
31,24;
25,17;
17,25;
25,24;
24,25;
25,30;
30,25;
25,31;
31,25;
26,2;
2,26;
26,3;
3,26;
26,22;
22,26;
26,23;
23,26;
27,5;
5,27;
27,7;
7,27;
27,8;
8,27;
27,9;
9,27;
28,29;
29,28;
28,32;
32,28;
28,33;
33,28;
29,20;
20,29;
29,21;
21,29;
29,28;
28,29;
29,32;
32,29;
29,33;
33,29;
30,24;
24,30;
30,25;
25,30;
30,31;
31,30;
31,18;
18,31;
31,24;
24,31;
31,25;
25,31;
31,30;
30,31;
32,21;
21,32;
32,28;
28,32;
32,29;
29,32;
32,33;
33,32;
33,28;
28,33;
33,29;
29,33;
33,32;
32,33;
}
label = {
1,1;
2,1;
3,1;
4,1;
5,1;
6,1;
7,1;
8,1;
9,1;
10,1;
11,1;
12,1;
13,1;
14,1;
15,1;
16,1;
17,1;
18,1;
19,1;
20,1;
21,1;
22,2;
23,2;
24,2;
25,2;
26,2;
27,2;
28,2;
29,2;
30,2;
31,2;
32,2;
33,2;
}