edge = {
1,2;
2,1;
1,3;
3,1;
1,4;
4,1;
2,1;
1,2;
2,3;
3,2;
2,4;
4,2;
2,21;
21,2;
3,1;
1,3;
3,2;
2,3;
3,4;
4,3;
3,5;
5,3;
3,6;
6,3;
4,1;
1,4;
4,2;
2,4;
4,3;
3,4;
4,5;
5,4;
4,6;
6,4;
5,3;
3,5;
5,4;
4,5;
5,6;
6,5;
6,3;
3,6;
6,4;
4,6;
6,5;
5,6;
6,7;
7,6;
6,15;
15,6;
7,6;
6,7;
7,8;
8,7;
7,9;
9,7;
7,17;
17,7;
7,23;
23,7;
8,7;
7,8;
8,9;
9,8;
8,10;
10,8;
8,11;
11,8;
8,26;
26,8;
9,7;
7,9;
9,8;
8,9;
9,10;
10,9;
9,11;
11,9;
9,25;
25,9;
10,8;
8,10;
10,9;
9,10;
10,11;
11,10;
10,12;
12,10;
10,25;
25,10;
11,8;
8,11;
11,9;
9,11;
11,10;
10,11;
11,12;
12,11;
11,13;
13,11;
11,24;
24,11;
12,10;
10,12;
12,11;
11,12;
12,13;
13,12;
12,14;
14,12;
12,24;
24,12;
13,11;
11,13;
13,12;
12,13;
13,14;
14,13;
13,27;
27,13;
14,12;
12,14;
14,13;
13,14;
14,27;
27,14;
14,28;
28,14;
15,6;
6,15;
15,20;
20,15;
15,22;
22,15;
15,23;
23,15;
16,18;
18,16;
16,19;
19,16;
16,21;
21,16;
17,7;
7,17;
17,22;
22,17;
17,23;
23,17;
17,25;
25,17;
17,26;
26,17;
18,16;
16,18;
18,19;
19,18;
18,21;
21,18;
19,16;
16,19;
19,18;
18,19;
19,21;
21,19;
20,15;
15,20;
20,22;
22,20;
20,23;
23,20;
21,2;
2,21;
21,16;
16,21;
21,18;
18,21;
21,19;
19,21;
22,15;
15,22;
22,17;
17,22;
22,20;
20,22;
22,23;
23,22;
23,7;
7,23;
23,15;
15,23;
23,17;
17,23;
23,20;
20,23;
23,22;
22,23;
23,26;
26,23;
24,11;
11,24;
24,12;
12,24;
24,25;
25,24;
24,26;
26,24;
24,27;
27,24;
24,28;
28,24;
25,9;
9,25;
25,10;
10,25;
25,17;
17,25;
25,24;
24,25;
25,26;
26,25;
25,27;
27,25;
26,8;
8,26;
26,17;
17,26;
26,23;
23,26;
26,24;
24,26;
26,25;
25,26;
27,13;
13,27;
27,14;
14,27;
27,24;
24,27;
27,25;
25,27;
27,28;
28,27;
28,14;
14,28;
28,24;
24,28;
28,27;
27,28;
}
label = {
1,1;
2,1;
3,1;
4,1;
5,1;
6,1;
7,1;
8,1;
9,1;
10,1;
11,1;
12,1;
13,1;
14,1;
15,2;
16,2;
17,2;
18,2;
19,2;
20,2;
21,2;
22,2;
23,2;
24,2;
25,2;
26,2;
27,2;
28,2;
}