edge = {
1,2;
2,1;
1,3;
3,1;
1,19;
19,1;
1,24;
24,1;
1,25;
25,1;
2,1;
1,2;
2,3;
3,2;
2,4;
4,2;
2,5;
5,2;
2,25;
25,2;
3,1;
1,3;
3,2;
2,3;
3,4;
4,3;
3,5;
5,3;
4,2;
2,4;
4,3;
3,4;
4,5;
5,4;
5,2;
2,5;
5,3;
3,5;
5,4;
4,5;
5,26;
26,5;
6,7;
7,6;
6,8;
8,6;
6,9;
9,6;
6,27;
27,6;
7,6;
6,7;
7,8;
8,7;
7,9;
9,7;
7,30;
30,7;
8,6;
6,8;
8,7;
7,8;
8,9;
9,8;
8,30;
30,8;
8,31;
31,8;
9,6;
6,9;
9,7;
7,9;
9,8;
8,9;
9,31;
31,9;
9,32;
32,9;
10,11;
11,10;
10,12;
12,10;
10,22;
22,10;
10,28;
28,10;
10,29;
29,10;
11,10;
10,11;
11,12;
12,11;
11,22;
22,11;
12,10;
10,12;
12,11;
11,12;
12,13;
13,12;
12,36;
36,12;
13,12;
12,13;
13,14;
14,13;
13,15;
15,13;
13,37;
37,13;
14,13;
13,14;
14,15;
15,14;
14,16;
16,14;
14,40;
40,14;
15,13;
13,15;
15,14;
14,15;
15,16;
16,15;
15,17;
17,15;
15,18;
18,15;
15,39;
39,15;
15,40;
40,15;
16,14;
14,16;
16,15;
15,16;
16,17;
17,16;
16,18;
18,16;
16,38;
38,16;
17,15;
15,17;
17,16;
16,17;
17,18;
18,17;
18,15;
15,18;
18,16;
16,18;
18,17;
17,18;
19,1;
1,19;
19,24;
24,19;
19,25;
25,19;
20,21;
21,20;
20,23;
23,20;
20,26;
26,20;
20,27;
27,20;
21,20;
20,21;
21,23;
23,21;
21,26;
26,21;
21,27;
27,21;
22,10;
10,22;
22,11;
11,22;
22,28;
28,22;
22,29;
29,22;
22,36;
36,22;
23,20;
20,23;
23,21;
21,23;
23,26;
26,23;
23,27;
27,23;
23,30;
30,23;
24,1;
1,24;
24,19;
19,24;
24,25;
25,24;
25,1;
1,25;
25,2;
2,25;
25,19;
19,25;
25,24;
24,25;
26,5;
5,26;
26,20;
20,26;
26,21;
21,26;
26,23;
23,26;
27,6;
6,27;
27,20;
20,27;
27,21;
21,27;
27,23;
23,27;
27,30;
30,27;
28,10;
10,28;
28,22;
22,28;
28,29;
29,28;
28,33;
33,28;
28,34;
34,28;
29,10;
10,29;
29,22;
22,29;
29,28;
28,29;
29,33;
33,29;
29,34;
34,29;
30,7;
7,30;
30,8;
8,30;
30,23;
23,30;
30,27;
27,30;
30,31;
31,30;
31,8;
8,31;
31,9;
9,31;
31,30;
30,31;
31,32;
32,31;
31,35;
35,31;
32,9;
9,32;
32,31;
31,32;
32,33;
33,32;
32,34;
34,32;
32,35;
35,32;
33,28;
28,33;
33,29;
29,33;
33,32;
32,33;
33,34;
34,33;
33,35;
35,33;
34,28;
28,34;
34,29;
29,34;
34,32;
32,34;
34,33;
33,34;
34,35;
35,34;
35,31;
31,35;
35,32;
32,35;
35,33;
33,35;
35,34;
34,35;
36,12;
12,36;
36,22;
22,36;
36,37;
37,36;
36,40;
40,36;
37,13;
13,37;
37,36;
36,37;
37,38;
38,37;
37,39;
39,37;
37,40;
40,37;
38,16;
16,38;
38,37;
37,38;
38,39;
39,38;
38,40;
40,38;
39,15;
15,39;
39,37;
37,39;
39,38;
38,39;
39,40;
40,39;
40,14;
14,40;
40,15;
15,40;
40,36;
36,40;
40,37;
37,40;
40,38;
38,40;
40,39;
39,40;
}
label = {
1,1;
2,1;
3,1;
4,1;
5,1;
6,1;
7,1;
8,1;
9,1;
10,1;
11,1;
12,1;
13,1;
14,1;
15,1;
16,1;
17,1;
18,1;
19,2;
20,2;
21,2;
22,2;
23,2;
24,2;
25,2;
26,2;
27,2;
28,2;
29,2;
30,2;
31,2;
32,2;
33,2;
34,2;
35,2;
36,2;
37,2;
38,2;
39,2;
40,2;
}