edge = {
1,2;
2,1;
1,20;
20,1;
1,26;
26,1;
1,27;
27,1;
2,1;
1,2;
2,3;
3,2;
2,4;
4,2;
2,27;
27,2;
3,2;
2,3;
3,4;
4,3;
3,5;
5,3;
3,27;
27,3;
4,2;
2,4;
4,3;
3,4;
4,5;
5,4;
5,3;
3,5;
5,4;
4,5;
5,28;
28,5;
6,7;
7,6;
6,29;
29,6;
6,32;
32,6;
7,6;
6,7;
7,8;
8,7;
7,29;
29,7;
7,32;
32,7;
8,7;
7,8;
8,32;
32,8;
8,33;
33,8;
9,33;
33,9;
9,34;
34,9;
9,37;
37,9;
10,11;
11,10;
10,30;
30,10;
10,31;
31,10;
11,10;
10,11;
11,12;
12,11;
11,24;
24,11;
11,30;
30,11;
11,31;
31,11;
12,11;
11,12;
12,13;
13,12;
12,24;
24,12;
13,12;
12,13;
13,24;
24,13;
13,38;
38,13;
14,15;
15,14;
14,38;
38,14;
14,39;
39,14;
14,42;
42,14;
15,14;
14,15;
15,16;
16,15;
15,38;
38,15;
15,39;
39,15;
15,42;
42,15;
16,15;
15,16;
16,40;
40,16;
16,41;
41,16;
16,42;
42,16;
17,18;
18,17;
17,19;
19,17;
17,40;
40,17;
17,41;
41,17;
18,17;
17,18;
18,19;
19,18;
18,40;
40,18;
19,17;
17,19;
19,18;
18,19;
19,40;
40,19;
20,1;
1,20;
20,26;
26,20;
20,27;
27,20;
21,22;
22,21;
21,23;
23,21;
21,25;
25,21;
21,28;
28,21;
21,29;
29,21;
22,21;
21,22;
22,23;
23,22;
22,25;
25,22;
22,28;
28,22;
23,21;
21,23;
23,22;
22,23;
23,28;
28,23;
24,11;
11,24;
24,12;
12,24;
24,13;
13,24;
25,21;
21,25;
25,22;
22,25;
25,29;
29,25;
26,1;
1,26;
26,20;
20,26;
26,27;
27,26;
27,1;
1,27;
27,2;
2,27;
27,3;
3,27;
27,20;
20,27;
27,26;
26,27;
28,5;
5,28;
28,21;
21,28;
28,22;
22,28;
28,23;
23,28;
29,6;
6,29;
29,7;
7,29;
29,21;
21,29;
29,25;
25,29;
30,10;
10,30;
30,11;
11,30;
30,31;
31,30;
30,35;
35,30;
31,10;
10,31;
31,11;
11,31;
31,30;
30,31;
31,35;
35,31;
32,6;
6,32;
32,7;
7,32;
32,8;
8,32;
32,33;
33,32;
33,8;
8,33;
33,9;
9,33;
33,32;
32,33;
34,9;
9,34;
34,36;
36,34;
34,37;
37,34;
35,30;
30,35;
35,31;
31,35;
35,36;
36,35;
36,34;
34,36;
36,35;
35,36;
36,37;
37,36;
37,9;
9,37;
37,34;
34,37;
37,36;
36,37;
38,13;
13,38;
38,14;
14,38;
38,15;
15,38;
38,39;
39,38;
39,14;
14,39;
39,15;
15,39;
39,38;
38,39;
40,16;
16,40;
40,17;
17,40;
40,18;
18,40;
40,19;
19,40;
40,41;
41,40;
41,16;
16,41;
41,17;
17,41;
41,40;
40,41;
41,42;
42,41;
42,14;
14,42;
42,15;
15,42;
42,16;
16,42;
42,41;
41,42;
}
label = {
1,1;
2,1;
3,1;
4,1;
5,1;
6,1;
7,1;
8,1;
9,1;
10,1;
11,1;
12,1;
13,1;
14,1;
15,1;
16,1;
17,1;
18,1;
19,1;
20,2;
21,2;
22,2;
23,2;
24,2;
25,2;
26,2;
27,2;
28,2;
29,2;
30,2;
31,2;
32,2;
33,2;
34,2;
35,2;
36,2;
37,2;
38,2;
39,2;
40,2;
41,2;
42,2;
}