edge = {
1,2;
2,1;
2,1;
1,2;
2,10;
10,2;
2,21;
21,2;
2,22;
22,2;
3,21;
21,3;
3,23;
23,3;
4,8;
8,4;
4,24;
24,4;
5,6;
6,5;
5,11;
11,5;
5,20;
20,5;
5,25;
25,5;
5,27;
27,5;
6,5;
5,6;
6,22;
22,6;
6,26;
26,6;
6,27;
27,6;
7,21;
21,7;
7,26;
26,7;
7,28;
28,7;
8,4;
4,8;
8,9;
9,8;
8,13;
13,8;
8,29;
29,8;
9,8;
8,9;
9,13;
13,9;
10,2;
2,10;
10,30;
30,10;
10,32;
32,10;
11,5;
5,11;
11,22;
22,11;
11,31;
31,11;
11,32;
32,11;
12,31;
31,12;
12,33;
33,12;
13,8;
8,13;
13,9;
9,13;
13,14;
14,13;
13,18;
18,13;
13,19;
19,13;
13,34;
34,13;
14,13;
13,14;
14,18;
18,14;
14,19;
19,14;
15,16;
16,15;
15,20;
20,15;
15,25;
25,15;
15,30;
30,15;
15,35;
35,15;
15,37;
37,15;
16,15;
15,16;
16,36;
36,16;
16,37;
37,16;
17,21;
21,17;
17,26;
26,17;
17,36;
36,17;
17,38;
38,17;
18,13;
13,18;
18,14;
14,18;
18,19;
19,18;
18,39;
39,18;
19,13;
13,19;
19,14;
14,19;
19,18;
18,19;
20,5;
5,20;
20,15;
15,20;
20,22;
22,20;
21,2;
2,21;
21,3;
3,21;
21,7;
7,21;
21,17;
17,21;
22,2;
2,22;
22,6;
6,22;
22,11;
11,22;
22,20;
20,22;
23,3;
3,23;
23,24;
24,23;
24,4;
4,24;
24,23;
23,24;
24,39;
39,24;
25,5;
5,25;
25,15;
15,25;
26,6;
6,26;
26,7;
7,26;
26,17;
17,26;
27,5;
5,27;
27,6;
6,27;
28,7;
7,28;
28,29;
29,28;
29,8;
8,29;
29,28;
28,29;
29,39;
39,29;
30,10;
10,30;
30,15;
15,30;
31,11;
11,31;
31,12;
12,31;
32,10;
10,32;
32,11;
11,32;
33,12;
12,33;
33,34;
34,33;
34,13;
13,34;
34,33;
33,34;
34,39;
39,34;
35,15;
15,35;
36,16;
16,36;
36,17;
17,36;
37,15;
15,37;
37,16;
16,37;
38,17;
17,38;
38,39;
39,38;
39,18;
18,39;
39,24;
24,39;
39,29;
29,39;
39,34;
34,39;
39,38;
38,39;
}
label = {
1,1;
2,1;
3,1;
4,1;
5,1;
6,1;
7,1;
8,1;
9,1;
10,1;
11,1;
12,1;
13,1;
14,1;
15,1;
16,1;
17,1;
18,1;
19,1;
20,2;
21,2;
22,2;
23,2;
24,2;
25,2;
26,2;
27,2;
28,2;
29,2;
30,2;
31,2;
32,2;
33,2;
34,2;
35,2;
36,2;
37,2;
38,2;
39,2;
}