edge = {
1,2;
2,1;
1,16;
16,1;
2,1;
1,2;
2,3;
3,2;
2,15;
15,2;
2,17;
17,2;
3,2;
2,3;
3,4;
4,3;
3,16;
16,3;
4,3;
3,4;
4,5;
5,4;
4,19;
19,4;
5,4;
4,5;
5,6;
6,5;
5,18;
18,5;
5,20;
20,5;
6,5;
5,6;
6,7;
7,6;
6,19;
19,6;
7,6;
6,7;
7,8;
8,7;
7,9;
9,7;
7,23;
23,7;
8,7;
7,8;
8,9;
9,8;
8,21;
21,8;
8,23;
23,8;
9,7;
7,9;
9,8;
8,9;
9,10;
10,9;
9,22;
22,9;
10,9;
9,10;
10,11;
11,10;
10,25;
25,10;
11,10;
10,11;
11,12;
12,11;
11,24;
24,11;
11,26;
26,11;
12,11;
11,12;
12,13;
13,12;
12,27;
27,12;
13,12;
12,13;
13,14;
14,13;
13,26;
26,13;
13,28;
28,13;
14,13;
13,14;
14,27;
27,14;
14,28;
28,14;
15,2;
2,15;
15,16;
16,15;
16,1;
1,16;
16,3;
3,16;
16,15;
15,16;
16,17;
17,16;
17,2;
2,17;
17,16;
16,17;
17,18;
18,17;
18,5;
5,18;
18,17;
17,18;
18,19;
19,18;
19,4;
4,19;
19,6;
6,19;
19,18;
18,19;
19,20;
20,19;
20,5;
5,20;
20,19;
19,20;
20,21;
21,20;
21,8;
8,21;
21,20;
20,21;
21,22;
22,21;
21,23;
23,21;
22,9;
9,22;
22,21;
21,22;
22,23;
23,22;
23,7;
7,23;
23,8;
8,23;
23,21;
21,23;
23,22;
22,23;
23,24;
24,23;
24,11;
11,24;
24,23;
23,24;
24,25;
25,24;
25,10;
10,25;
25,24;
24,25;
25,26;
26,25;
26,11;
11,26;
26,13;
13,26;
26,25;
25,26;
26,27;
27,26;
27,12;
12,27;
27,14;
14,27;
27,26;
26,27;
27,28;
28,27;
28,13;
13,28;
28,14;
14,28;
28,27;
27,28;
}
label = {
1,1;
2,1;
3,1;
4,1;
5,1;
6,1;
7,1;
8,1;
9,1;
10,1;
11,1;
12,1;
13,1;
14,1;
15,1;
16,1;
17,1;
18,1;
19,1;
20,1;
21,1;
22,1;
23,1;
24,1;
25,1;
26,1;
27,1;
28,1;
}