edge = {
1,2;
2,1;
1,8;
8,1;
2,1;
1,2;
2,3;
3,2;
2,7;
7,2;
2,9;
9,2;
3,2;
2,3;
3,8;
8,3;
3,9;
9,3;
3,13;
13,3;
4,6;
6,4;
4,10;
10,4;
4,11;
11,4;
4,17;
17,4;
4,18;
18,4;
5,6;
6,5;
5,14;
14,5;
5,17;
17,5;
5,23;
23,5;
6,4;
4,6;
6,5;
5,6;
6,10;
10,6;
6,11;
11,6;
7,2;
2,7;
7,8;
8,7;
8,1;
1,8;
8,3;
3,8;
8,7;
7,8;
8,9;
9,8;
9,2;
2,9;
9,3;
3,9;
9,8;
8,9;
9,22;
22,9;
10,4;
4,10;
10,6;
6,10;
10,11;
11,10;
10,23;
23,10;
11,4;
4,11;
11,6;
6,11;
11,10;
10,11;
12,13;
13,12;
12,15;
15,12;
12,22;
22,12;
12,24;
24,12;
13,3;
3,13;
13,12;
12,13;
13,21;
21,13;
14,5;
5,14;
14,17;
17,14;
14,26;
26,14;
15,12;
12,15;
15,16;
16,15;
15,21;
21,15;
15,25;
25,15;
16,15;
15,16;
16,20;
20,16;
16,24;
24,16;
16,29;
29,16;
17,4;
4,17;
17,5;
5,17;
17,14;
14,17;
17,23;
23,17;
18,4;
4,18;
18,19;
19,18;
18,28;
28,18;
19,18;
18,19;
19,20;
20,19;
19,27;
27,19;
20,16;
16,20;
20,19;
19,20;
20,25;
25,20;
20,29;
29,20;
21,13;
13,21;
21,15;
15,21;
21,22;
22,21;
21,24;
24,21;
22,9;
9,22;
22,12;
12,22;
22,21;
21,22;
23,5;
5,23;
23,10;
10,23;
23,17;
17,23;
23,26;
26,23;
24,12;
12,24;
24,16;
16,24;
24,21;
21,24;
24,25;
25,24;
25,15;
15,25;
25,20;
20,25;
25,24;
24,25;
25,29;
29,25;
26,14;
14,26;
26,23;
23,26;
26,27;
27,26;
27,19;
19,27;
27,26;
26,27;
27,28;
28,27;
28,18;
18,28;
28,27;
27,28;
28,29;
29,28;
29,16;
16,29;
29,20;
20,29;
29,25;
25,29;
29,28;
28,29;
}
label = {
1,1;
2,1;
3,1;
4,1;
5,1;
6,1;
7,1;
8,1;
9,1;
10,1;
11,1;
12,2;
13,2;
14,2;
15,2;
16,2;
17,2;
18,2;
19,2;
20,2;
21,2;
22,2;
23,2;
24,2;
25,2;
26,2;
27,2;
28,2;
29,2;
}