edge = {
1,2;
2,1;
1,21;
21,1;
1,22;
22,1;
2,1;
1,2;
2,3;
3,2;
2,21;
21,2;
2,22;
22,2;
3,2;
2,3;
3,4;
4,3;
3,5;
5,3;
3,22;
22,3;
3,23;
23,3;
4,3;
3,4;
4,5;
5,4;
4,6;
6,4;
4,23;
23,4;
5,3;
3,5;
5,4;
4,5;
5,6;
6,5;
5,23;
23,5;
6,4;
4,6;
6,5;
5,6;
6,7;
7,6;
6,24;
24,6;
7,6;
6,7;
7,8;
8,7;
7,9;
9,7;
7,24;
24,7;
7,25;
25,7;
8,7;
7,8;
8,9;
9,8;
8,10;
10,8;
8,26;
26,8;
8,27;
27,8;
9,7;
7,9;
9,8;
8,9;
9,10;
10,9;
9,11;
11,9;
9,27;
27,9;
10,8;
8,10;
10,9;
9,10;
10,11;
11,10;
10,28;
28,10;
11,9;
9,11;
11,10;
10,11;
11,12;
12,11;
11,13;
13,11;
11,28;
28,11;
12,11;
11,12;
12,13;
13,12;
12,14;
14,12;
12,28;
28,12;
13,11;
11,13;
13,12;
12,13;
13,14;
14,13;
14,12;
12,14;
14,13;
13,14;
14,29;
29,14;
15,16;
16,15;
15,36;
36,15;
15,37;
37,15;
16,15;
15,16;
16,31;
31,16;
16,35;
35,16;
16,37;
37,16;
17,18;
18,17;
17,19;
19,17;
17,20;
20,17;
17,33;
33,17;
17,39;
39,17;
18,17;
17,18;
18,19;
19,18;
18,20;
20,18;
18,39;
39,18;
19,17;
17,19;
19,18;
18,19;
19,20;
20,19;
19,38;
38,19;
20,17;
17,20;
20,18;
18,20;
20,19;
19,20;
20,30;
30,20;
20,38;
38,20;
21,1;
1,21;
21,2;
2,21;
21,22;
22,21;
22,1;
1,22;
22,2;
2,22;
22,3;
3,22;
22,21;
21,22;
22,23;
23,22;
23,3;
3,23;
23,4;
4,23;
23,5;
5,23;
23,22;
22,23;
23,24;
24,23;
24,6;
6,24;
24,7;
7,24;
24,23;
23,24;
24,25;
25,24;
24,26;
26,24;
25,7;
7,25;
25,24;
24,25;
25,26;
26,25;
25,27;
27,25;
26,8;
8,26;
26,24;
24,26;
26,25;
25,26;
26,27;
27,26;
26,28;
28,26;
27,8;
8,27;
27,9;
9,27;
27,25;
25,27;
27,26;
26,27;
27,28;
28,27;
28,10;
10,28;
28,11;
11,28;
28,12;
12,28;
28,26;
26,28;
28,27;
27,28;
29,14;
14,29;
29,32;
32,29;
29,36;
36,29;
29,37;
37,29;
30,20;
20,30;
30,38;
38,30;
30,40;
40,30;
30,41;
41,30;
31,16;
16,31;
31,34;
34,31;
31,35;
35,31;
31,36;
36,31;
31,37;
37,31;
32,29;
29,32;
32,36;
36,32;
32,37;
37,32;
33,17;
17,33;
33,34;
34,33;
33,35;
35,33;
33,39;
39,33;
34,31;
31,34;
34,33;
33,34;
34,35;
35,34;
34,39;
39,34;
35,16;
16,35;
35,31;
31,35;
35,33;
33,35;
35,34;
34,35;
36,15;
15,36;
36,29;
29,36;
36,31;
31,36;
36,32;
32,36;
36,37;
37,36;
37,15;
15,37;
37,16;
16,37;
37,29;
29,37;
37,31;
31,37;
37,32;
32,37;
37,36;
36,37;
38,19;
19,38;
38,20;
20,38;
38,30;
30,38;
38,39;
39,38;
38,40;
40,38;
38,41;
41,38;
39,17;
17,39;
39,18;
18,39;
39,33;
33,39;
39,34;
34,39;
39,38;
38,39;
40,30;
30,40;
40,38;
38,40;
40,41;
41,40;
41,30;
30,41;
41,38;
38,41;
41,40;
40,41;
}
label = {
1,1;
2,1;
3,1;
4,1;
5,1;
6,1;
7,1;
8,1;
9,1;
10,1;
11,1;
12,1;
13,1;
14,1;
15,1;
16,1;
17,1;
18,1;
19,1;
20,1;
21,2;
22,2;
23,2;
24,2;
25,2;
26,2;
27,2;
28,2;
29,2;
30,2;
31,2;
32,2;
33,2;
34,2;
35,2;
36,2;
37,2;
38,2;
39,2;
40,2;
41,2;
}