edge = {
1,2;
2,1;
1,17;
17,1;
1,19;
19,1;
1,25;
25,1;
2,1;
1,2;
2,3;
3,2;
2,18;
18,2;
2,19;
19,2;
3,2;
2,3;
3,4;
4,3;
3,18;
18,3;
3,21;
21,3;
3,26;
26,3;
4,3;
3,4;
4,5;
5,4;
4,16;
16,4;
4,22;
22,4;
5,4;
4,5;
5,11;
11,5;
5,15;
15,5;
5,16;
16,5;
5,24;
24,5;
6,15;
15,6;
6,20;
20,6;
6,28;
28,6;
7,8;
8,7;
7,17;
17,7;
7,25;
25,7;
8,7;
7,8;
8,9;
9,8;
8,17;
17,8;
8,25;
25,8;
8,27;
27,8;
9,8;
8,9;
9,10;
10,9;
9,11;
11,9;
9,26;
26,9;
9,27;
27,9;
10,9;
9,10;
10,11;
11,10;
10,12;
12,10;
10,26;
26,10;
10,29;
29,10;
11,5;
5,11;
11,9;
9,11;
11,10;
10,11;
11,12;
12,11;
11,13;
13,11;
11,14;
14,11;
11,24;
24,11;
11,30;
30,11;
12,10;
10,12;
12,11;
11,12;
12,13;
13,12;
12,14;
14,12;
12,16;
16,12;
12,23;
23,12;
12,24;
24,12;
13,11;
11,13;
13,12;
12,13;
13,14;
14,13;
13,28;
28,13;
14,11;
11,14;
14,12;
12,14;
14,13;
13,14;
15,5;
5,15;
15,6;
6,15;
15,20;
20,15;
15,28;
28,15;
16,4;
4,16;
16,5;
5,16;
16,12;
12,16;
16,22;
22,16;
16,30;
30,16;
17,1;
1,17;
17,7;
7,17;
17,8;
8,17;
17,19;
19,17;
17,27;
27,17;
18,2;
2,18;
18,3;
3,18;
18,19;
19,18;
19,1;
1,19;
19,2;
2,19;
19,17;
17,19;
19,18;
18,19;
19,25;
25,19;
19,26;
26,19;
20,6;
6,20;
20,15;
15,20;
20,23;
23,20;
21,3;
3,21;
21,22;
22,21;
21,30;
30,21;
22,4;
4,22;
22,16;
16,22;
22,21;
21,22;
22,24;
24,22;
22,29;
29,22;
22,30;
30,22;
23,12;
12,23;
23,20;
20,23;
23,28;
28,23;
24,5;
5,24;
24,11;
11,24;
24,12;
12,24;
24,22;
22,24;
24,30;
30,24;
25,1;
1,25;
25,7;
7,25;
25,8;
8,25;
25,19;
19,25;
25,27;
27,25;
26,3;
3,26;
26,9;
9,26;
26,10;
10,26;
26,19;
19,26;
27,8;
8,27;
27,9;
9,27;
27,17;
17,27;
27,25;
25,27;
28,6;
6,28;
28,13;
13,28;
28,15;
15,28;
28,23;
23,28;
29,10;
10,29;
29,22;
22,29;
29,30;
30,29;
30,11;
11,30;
30,16;
16,30;
30,21;
21,30;
30,22;
22,30;
30,24;
24,30;
30,29;
29,30;
}
label = {
1,1;
2,1;
3,1;
4,1;
5,1;
6,1;
7,1;
8,1;
9,1;
10,1;
11,1;
12,1;
13,1;
14,1;
15,2;
16,2;
17,2;
18,2;
19,2;
20,2;
21,2;
22,2;
23,2;
24,2;
25,2;
26,2;
27,2;
28,2;
29,2;
30,2;
}