edge = {
1,9;
9,1;
1,10;
10,1;
1,11;
11,1;
2,10;
10,2;
2,13;
13,2;
2,14;
14,2;
3,4;
4,3;
3,8;
8,3;
3,13;
13,3;
3,14;
14,3;
4,3;
3,4;
4,7;
7,4;
4,8;
8,4;
4,14;
14,4;
5,6;
6,5;
5,7;
7,5;
5,12;
12,5;
6,5;
5,6;
6,7;
7,6;
6,12;
12,6;
7,4;
4,7;
7,5;
5,7;
7,6;
6,7;
7,12;
12,7;
8,3;
3,8;
8,4;
4,8;
8,13;
13,8;
8,14;
14,8;
9,1;
1,9;
9,10;
10,9;
9,11;
11,9;
10,1;
1,10;
10,2;
2,10;
10,9;
9,10;
10,11;
11,10;
10,13;
13,10;
11,1;
1,11;
11,9;
9,11;
11,10;
10,11;
12,5;
5,12;
12,6;
6,12;
12,7;
7,12;
13,2;
2,13;
13,3;
3,13;
13,8;
8,13;
13,10;
10,13;
13,14;
14,13;
14,2;
2,14;
14,3;
3,14;
14,4;
4,14;
14,8;
8,14;
14,13;
13,14;
}
label = {
1,1;
2,1;
3,1;
4,1;
5,1;
6,1;
7,2;
8,2;
9,2;
10,2;
11,2;
12,2;
13,2;
14,2;
}