edge = {
1,2;
2,1;
1,19;
19,1;
1,22;
22,1;
2,1;
1,2;
2,3;
3,2;
2,4;
4,2;
2,20;
20,2;
2,21;
21,2;
3,2;
2,3;
3,4;
4,3;
3,20;
20,3;
3,21;
21,3;
4,2;
2,4;
4,3;
3,4;
4,5;
5,4;
4,6;
6,4;
5,4;
4,5;
5,6;
6,5;
5,7;
7,5;
6,4;
4,6;
6,5;
5,6;
6,7;
7,6;
7,5;
5,7;
7,6;
6,7;
7,8;
8,7;
7,9;
9,7;
8,7;
7,8;
8,9;
9,8;
8,10;
10,8;
9,7;
7,9;
9,8;
8,9;
9,10;
10,9;
9,11;
11,9;
10,8;
8,10;
10,9;
9,10;
10,11;
11,10;
10,12;
12,10;
10,13;
13,10;
11,9;
9,11;
11,10;
10,11;
11,12;
12,11;
11,13;
13,11;
12,10;
10,12;
12,11;
11,12;
12,13;
13,12;
13,10;
10,13;
13,11;
11,13;
13,12;
12,13;
13,14;
14,13;
13,15;
15,13;
14,13;
13,14;
14,15;
15,14;
14,16;
16,14;
15,13;
13,15;
15,14;
14,15;
15,16;
16,15;
15,17;
17,15;
15,18;
18,15;
16,14;
14,16;
16,15;
15,16;
16,17;
17,16;
16,18;
18,16;
17,15;
15,17;
17,16;
16,17;
17,18;
18,17;
18,15;
15,18;
18,16;
16,18;
18,17;
17,18;
19,1;
1,19;
19,20;
20,19;
19,22;
22,19;
20,2;
2,20;
20,3;
3,20;
20,19;
19,20;
20,21;
21,20;
20,22;
22,20;
21,2;
2,21;
21,3;
3,21;
21,20;
20,21;
21,23;
23,21;
22,1;
1,22;
22,19;
19,22;
22,20;
20,22;
23,21;
21,23;
23,24;
24,23;
23,25;
25,23;
23,26;
26,23;
24,23;
23,24;
24,25;
25,24;
24,26;
26,24;
25,23;
23,25;
25,24;
24,25;
25,26;
26,25;
25,27;
27,25;
26,23;
23,26;
26,24;
24,26;
26,25;
25,26;
26,27;
27,26;
26,28;
28,26;
27,25;
25,27;
27,26;
26,27;
27,28;
28,27;
28,26;
26,28;
28,27;
27,28;
28,29;
29,28;
28,30;
30,28;
29,28;
28,29;
29,30;
30,29;
29,31;
31,29;
29,32;
32,29;
30,28;
28,30;
30,29;
29,30;
30,31;
31,30;
30,32;
32,30;
31,29;
29,31;
31,30;
30,31;
31,32;
32,31;
32,29;
29,32;
32,30;
30,32;
32,31;
31,32;
}
label = {
1,1;
2,1;
3,1;
4,1;
5,1;
6,1;
7,1;
8,1;
9,1;
10,1;
11,1;
12,1;
13,1;
14,1;
15,1;
16,1;
17,1;
18,1;
19,1;
20,1;
21,1;
22,1;
23,2;
24,2;
25,2;
26,2;
27,2;
28,2;
29,2;
30,2;
31,2;
32,2;
}