edge = {
1,17;
17,1;
1,18;
18,1;
1,30;
30,1;
1,33;
33,1;
2,3;
3,2;
2,18;
18,2;
2,30;
30,2;
3,2;
2,3;
3,4;
4,3;
3,17;
17,3;
4,3;
3,4;
4,5;
5,4;
4,18;
18,4;
4,30;
30,4;
4,33;
33,4;
5,4;
4,5;
5,6;
6,5;
6,5;
5,6;
6,7;
7,6;
6,22;
22,6;
7,6;
6,7;
7,8;
8,7;
7,9;
9,7;
7,21;
21,7;
7,22;
22,7;
8,7;
7,8;
8,9;
9,8;
8,10;
10,8;
9,7;
7,9;
9,8;
8,9;
9,10;
10,9;
10,8;
8,10;
10,9;
9,10;
10,11;
11,10;
10,13;
13,10;
11,10;
10,11;
11,12;
12,11;
11,13;
13,11;
12,11;
11,12;
12,13;
13,12;
12,14;
14,12;
12,15;
15,12;
12,27;
27,12;
13,10;
10,13;
13,11;
11,13;
13,12;
12,13;
13,14;
14,13;
13,15;
15,13;
14,12;
12,14;
14,13;
13,14;
14,15;
15,14;
14,32;
32,14;
15,12;
12,15;
15,13;
13,15;
15,14;
14,15;
15,29;
29,15;
15,31;
31,15;
16,17;
17,16;
16,18;
18,16;
16,33;
33,16;
17,1;
1,17;
17,3;
3,17;
17,16;
16,17;
17,18;
18,17;
17,19;
19,17;
17,33;
33,17;
18,1;
1,18;
18,2;
2,18;
18,4;
4,18;
18,16;
16,18;
18,17;
17,18;
18,19;
19,18;
19,17;
17,19;
19,18;
18,19;
19,20;
20,19;
20,19;
19,20;
20,21;
21,20;
21,7;
7,21;
21,20;
20,21;
21,22;
22,21;
22,6;
6,22;
22,7;
7,22;
22,21;
21,22;
22,23;
23,22;
23,22;
22,23;
23,24;
24,23;
23,25;
25,23;
24,23;
23,24;
24,25;
25,24;
24,26;
26,24;
25,23;
23,25;
25,24;
24,25;
25,26;
26,25;
25,27;
27,25;
26,24;
24,26;
26,25;
25,26;
26,27;
27,26;
26,28;
28,26;
27,12;
12,27;
27,25;
25,27;
27,26;
26,27;
27,28;
28,27;
27,29;
29,27;
28,26;
26,28;
28,27;
27,28;
28,29;
29,28;
28,35;
35,28;
29,15;
15,29;
29,27;
27,29;
29,28;
28,29;
29,34;
34,29;
30,1;
1,30;
30,2;
2,30;
30,4;
4,30;
31,15;
15,31;
31,32;
32,31;
31,35;
35,31;
32,14;
14,32;
32,31;
31,32;
32,34;
34,32;
32,35;
35,32;
33,1;
1,33;
33,4;
4,33;
33,16;
16,33;
33,17;
17,33;
34,29;
29,34;
34,32;
32,34;
34,35;
35,34;
35,28;
28,35;
35,31;
31,35;
35,32;
32,35;
35,34;
34,35;
}
label = {
1,1;
2,1;
3,1;
4,1;
5,1;
6,1;
7,1;
8,1;
9,1;
10,1;
11,1;
12,1;
13,1;
14,1;
15,1;
16,1;
17,1;
18,1;
19,1;
20,1;
21,1;
22,1;
23,1;
24,1;
25,1;
26,1;
27,1;
28,1;
29,1;
30,2;
31,2;
32,2;
33,2;
34,2;
35,2;
}