edge = {
1,2;
2,1;
1,4;
4,1;
2,1;
1,2;
2,3;
3,2;
2,5;
5,2;
2,8;
8,2;
2,9;
9,2;
3,2;
2,3;
3,4;
4,3;
3,6;
6,3;
3,14;
14,3;
4,1;
1,4;
4,3;
3,4;
4,6;
6,4;
4,15;
15,4;
5,2;
2,5;
5,6;
6,5;
5,20;
20,5;
6,3;
3,6;
6,4;
4,6;
6,5;
5,6;
6,21;
21,6;
7,10;
10,7;
8,2;
2,8;
8,10;
10,8;
8,16;
16,8;
8,22;
22,8;
9,2;
2,9;
9,12;
12,9;
9,18;
18,9;
9,24;
24,9;
10,7;
7,10;
10,8;
8,10;
10,13;
13,10;
10,14;
14,10;
10,19;
19,10;
10,20;
20,10;
11,12;
12,11;
12,9;
9,12;
12,11;
11,12;
12,15;
15,12;
12,17;
17,12;
12,21;
21,12;
12,23;
23,12;
12,24;
24,12;
13,10;
10,13;
13,16;
16,13;
14,3;
3,14;
14,10;
10,14;
14,16;
16,14;
15,4;
4,15;
15,12;
12,15;
15,18;
18,15;
16,8;
8,16;
16,13;
13,16;
16,14;
14,16;
17,12;
12,17;
17,18;
18,17;
18,9;
9,18;
18,15;
15,18;
18,17;
17,18;
18,24;
24,18;
19,10;
10,19;
19,22;
22,19;
20,5;
5,20;
20,10;
10,20;
20,22;
22,20;
21,6;
6,21;
21,12;
12,21;
21,24;
24,21;
22,8;
8,22;
22,19;
19,22;
22,20;
20,22;
23,12;
12,23;
23,24;
24,23;
24,9;
9,24;
24,12;
12,24;
24,18;
18,24;
24,21;
21,24;
24,23;
23,24;
}
label = {
1,1;
2,1;
3,1;
4,1;
5,1;
6,1;
7,2;
8,2;
9,2;
10,2;
11,2;
12,2;
13,2;
14,2;
15,2;
16,2;
17,2;
18,2;
19,2;
20,2;
21,2;
22,2;
23,2;
24,2;
}