edge = {
1,5;
5,1;
1,13;
13,1;
1,14;
14,1;
1,15;
15,1;
2,3;
3,2;
2,6;
6,2;
2,10;
10,2;
2,11;
11,2;
3,2;
2,3;
3,10;
10,3;
3,11;
11,3;
4,6;
6,4;
4,9;
9,4;
4,12;
12,4;
5,1;
1,5;
5,8;
8,5;
5,15;
15,5;
6,2;
2,6;
6,4;
4,6;
6,11;
11,6;
6,12;
12,6;
7,8;
8,7;
7,16;
16,7;
7,17;
17,7;
8,5;
5,8;
8,7;
7,8;
8,15;
15,8;
8,16;
16,8;
8,17;
17,8;
9,4;
4,9;
9,13;
13,9;
9,14;
14,9;
10,2;
2,10;
10,3;
3,10;
10,11;
11,10;
11,2;
2,11;
11,3;
3,11;
11,6;
6,11;
11,10;
10,11;
11,12;
12,11;
12,4;
4,12;
12,6;
6,12;
12,11;
11,12;
13,1;
1,13;
13,9;
9,13;
13,14;
14,13;
14,1;
1,14;
14,9;
9,14;
14,13;
13,14;
14,15;
15,14;
15,1;
1,15;
15,5;
5,15;
15,8;
8,15;
15,14;
14,15;
16,7;
7,16;
16,8;
8,16;
16,17;
17,16;
17,7;
7,17;
17,8;
8,17;
17,16;
16,17;
}
label = {
1,1;
2,2;
3,2;
4,2;
5,2;
6,2;
7,2;
8,2;
9,2;
10,3;
11,3;
12,3;
13,3;
14,3;
15,3;
16,3;
17,3;
}