edge = {
1,2;
2,1;
1,20;
20,1;
1,21;
21,1;
2,1;
1,2;
2,3;
3,2;
2,4;
4,2;
2,20;
20,2;
2,21;
21,2;
3,2;
2,3;
3,4;
4,3;
3,5;
5,3;
3,21;
21,3;
4,2;
2,4;
4,3;
3,4;
4,5;
5,4;
4,6;
6,4;
4,21;
21,4;
4,22;
22,4;
5,3;
3,5;
5,4;
4,5;
5,6;
6,5;
5,7;
7,5;
5,22;
22,5;
6,4;
4,6;
6,5;
5,6;
6,7;
7,6;
6,22;
22,6;
7,5;
5,7;
7,6;
6,7;
7,8;
8,7;
7,23;
23,7;
8,7;
7,8;
8,9;
9,8;
8,10;
10,8;
8,23;
23,8;
8,24;
24,8;
9,8;
8,9;
9,10;
10,9;
9,11;
11,9;
9,25;
25,9;
9,26;
26,9;
10,8;
8,10;
10,9;
9,10;
10,11;
11,10;
10,12;
12,10;
10,26;
26,10;
11,9;
9,11;
11,10;
10,11;
11,12;
12,11;
11,27;
27,11;
12,10;
10,12;
12,11;
11,12;
12,13;
13,12;
12,14;
14,12;
12,27;
27,12;
13,12;
12,13;
13,14;
14,13;
13,15;
15,13;
13,27;
27,13;
14,12;
12,14;
14,13;
13,14;
14,15;
15,14;
15,13;
13,15;
15,14;
14,15;
15,28;
28,15;
16,28;
28,16;
16,29;
29,16;
16,30;
30,16;
16,31;
31,16;
17,18;
18,17;
17,19;
19,17;
17,34;
34,17;
17,35;
35,17;
18,17;
17,18;
18,19;
19,18;
18,34;
34,18;
19,17;
17,19;
19,18;
18,19;
19,34;
34,19;
19,38;
38,19;
20,1;
1,20;
20,2;
2,20;
20,21;
21,20;
21,1;
1,21;
21,2;
2,21;
21,3;
3,21;
21,4;
4,21;
21,20;
20,21;
21,22;
22,21;
22,4;
4,22;
22,5;
5,22;
22,6;
6,22;
22,21;
21,22;
22,23;
23,22;
23,7;
7,23;
23,8;
8,23;
23,22;
22,23;
23,24;
24,23;
23,25;
25,23;
24,8;
8,24;
24,23;
23,24;
24,25;
25,24;
24,26;
26,24;
25,9;
9,25;
25,23;
23,25;
25,24;
24,25;
25,26;
26,25;
25,27;
27,25;
26,9;
9,26;
26,10;
10,26;
26,24;
24,26;
26,25;
25,26;
26,27;
27,26;
27,11;
11,27;
27,12;
12,27;
27,13;
13,27;
27,25;
25,27;
27,26;
26,27;
28,15;
15,28;
28,16;
16,28;
28,30;
30,28;
28,31;
31,28;
29,16;
16,29;
29,30;
30,29;
29,31;
31,29;
29,32;
32,29;
30,16;
16,30;
30,28;
28,30;
30,29;
29,30;
30,31;
31,30;
31,16;
16,31;
31,28;
28,31;
31,29;
29,31;
31,30;
30,31;
32,29;
29,32;
32,33;
33,32;
32,39;
39,32;
32,40;
40,32;
33,32;
32,33;
33,39;
39,33;
33,40;
40,33;
34,17;
17,34;
34,18;
18,34;
34,19;
19,34;
34,35;
35,34;
34,36;
36,34;
34,37;
37,34;
34,38;
38,34;
35,17;
17,35;
35,34;
34,35;
35,39;
39,35;
35,40;
40,35;
36,34;
34,36;
36,37;
37,36;
36,38;
38,36;
37,34;
34,37;
37,36;
36,37;
37,38;
38,37;
38,19;
19,38;
38,34;
34,38;
38,36;
36,38;
38,37;
37,38;
39,32;
32,39;
39,33;
33,39;
39,35;
35,39;
39,40;
40,39;
40,32;
32,40;
40,33;
33,40;
40,35;
35,40;
40,39;
39,40;
}
label = {
1,1;
2,1;
3,1;
4,1;
5,1;
6,1;
7,1;
8,1;
9,1;
10,1;
11,1;
12,1;
13,1;
14,1;
15,1;
16,1;
17,1;
18,1;
19,1;
20,2;
21,2;
22,2;
23,2;
24,2;
25,2;
26,2;
27,2;
28,2;
29,2;
30,2;
31,2;
32,2;
33,2;
34,2;
35,2;
36,2;
37,2;
38,2;
39,2;
40,2;
}