edge = {
1,2;
2,1;
1,15;
15,1;
1,16;
16,1;
2,1;
1,2;
2,15;
15,2;
2,16;
16,2;
2,18;
18,2;
3,4;
4,3;
3,5;
5,3;
3,17;
17,3;
3,18;
18,3;
4,3;
3,4;
4,5;
5,4;
4,17;
17,4;
5,3;
3,5;
5,4;
4,5;
5,6;
6,5;
5,17;
17,5;
6,5;
5,6;
6,7;
7,6;
6,8;
8,6;
6,9;
9,6;
7,6;
6,7;
7,8;
8,7;
7,9;
9,7;
8,6;
6,8;
8,7;
7,8;
8,9;
9,8;
9,6;
6,9;
9,7;
7,9;
9,8;
8,9;
9,13;
13,9;
9,14;
14,9;
9,19;
19,9;
9,20;
20,9;
10,11;
11,10;
10,12;
12,10;
10,19;
19,10;
10,20;
20,10;
10,21;
21,10;
11,10;
10,11;
11,12;
12,11;
11,13;
13,11;
11,14;
14,11;
11,20;
20,11;
11,21;
21,11;
12,10;
10,12;
12,11;
11,12;
12,21;
21,12;
13,9;
9,13;
13,11;
11,13;
13,14;
14,13;
13,19;
19,13;
14,9;
9,14;
14,11;
11,14;
14,13;
13,14;
14,19;
19,14;
14,20;
20,14;
15,1;
1,15;
15,2;
2,15;
15,16;
16,15;
16,1;
1,16;
16,2;
2,16;
16,15;
15,16;
16,18;
18,16;
17,3;
3,17;
17,4;
4,17;
17,5;
5,17;
18,2;
2,18;
18,3;
3,18;
18,16;
16,18;
19,9;
9,19;
19,10;
10,19;
19,13;
13,19;
19,14;
14,19;
19,20;
20,19;
20,9;
9,20;
20,10;
10,20;
20,11;
11,20;
20,14;
14,20;
20,19;
19,20;
21,10;
10,21;
21,11;
11,21;
21,12;
12,21;
}
label = {
1,1;
2,1;
3,1;
4,1;
5,1;
6,1;
7,1;
8,1;
9,1;
10,1;
11,1;
12,1;
13,2;
14,2;
15,3;
16,3;
17,3;
18,3;
19,3;
20,3;
21,3;
}