edge = {
1,2;
2,1;
1,3;
3,1;
1,4;
4,1;
2,1;
1,2;
2,3;
3,2;
2,4;
4,2;
3,1;
1,3;
3,2;
2,3;
3,4;
4,3;
3,5;
5,3;
3,17;
17,3;
4,1;
1,4;
4,2;
2,4;
4,3;
3,4;
4,5;
5,4;
4,6;
6,4;
4,17;
17,4;
5,3;
3,5;
5,4;
4,5;
5,6;
6,5;
5,17;
17,5;
6,4;
4,6;
6,5;
5,6;
6,7;
7,6;
6,17;
17,6;
6,18;
18,6;
7,6;
6,7;
7,8;
8,7;
7,9;
9,7;
7,10;
10,7;
7,18;
18,7;
8,7;
7,8;
8,9;
9,8;
8,10;
10,8;
9,7;
7,9;
9,8;
8,9;
9,10;
10,9;
9,11;
11,9;
9,19;
19,9;
10,7;
7,10;
10,8;
8,10;
10,9;
9,10;
10,11;
11,10;
10,19;
19,10;
10,20;
20,10;
11,9;
9,11;
11,10;
10,11;
11,12;
12,11;
11,20;
20,11;
11,21;
21,11;
12,11;
11,12;
12,13;
13,12;
12,14;
14,12;
12,15;
15,12;
12,23;
23,12;
13,12;
12,13;
13,14;
14,13;
13,15;
15,13;
13,16;
16,13;
14,12;
12,14;
14,13;
13,14;
14,15;
15,14;
14,16;
16,14;
15,12;
12,15;
15,13;
13,15;
15,14;
14,15;
15,16;
16,15;
16,13;
13,16;
16,14;
14,16;
16,15;
15,16;
17,3;
3,17;
17,4;
4,17;
17,5;
5,17;
17,6;
6,17;
17,18;
18,17;
18,6;
6,18;
18,7;
7,18;
18,17;
17,18;
18,19;
19,18;
18,20;
20,18;
19,9;
9,19;
19,10;
10,19;
19,18;
18,19;
19,20;
20,19;
19,21;
21,19;
20,10;
10,20;
20,11;
11,20;
20,18;
18,20;
20,19;
19,20;
20,21;
21,20;
20,22;
22,20;
20,23;
23,20;
21,11;
11,21;
21,19;
19,21;
21,20;
20,21;
21,22;
22,21;
21,23;
23,21;
22,20;
20,22;
22,21;
21,22;
22,23;
23,22;
23,12;
12,23;
23,20;
20,23;
23,21;
21,23;
23,22;
22,23;
}
label = {
1,1;
2,1;
3,1;
4,1;
5,1;
6,1;
7,1;
8,1;
9,1;
10,1;
11,1;
12,1;
13,1;
14,1;
15,1;
16,1;
17,2;
18,2;
19,2;
20,2;
21,2;
22,2;
23,2;
}