edge = {
1,2;
2,1;
1,3;
3,1;
1,4;
4,1;
2,1;
1,2;
2,3;
3,2;
2,4;
4,2;
3,1;
1,3;
3,2;
2,3;
3,4;
4,3;
4,1;
1,4;
4,2;
2,4;
4,3;
3,4;
4,5;
5,4;
4,6;
6,4;
4,8;
8,4;
5,4;
4,5;
5,6;
6,5;
5,7;
7,5;
5,8;
8,5;
6,4;
4,6;
6,5;
5,6;
6,7;
7,6;
6,9;
9,6;
7,5;
5,7;
7,6;
6,7;
7,8;
8,7;
7,9;
9,7;
8,4;
4,8;
8,5;
5,8;
8,7;
7,8;
8,9;
9,8;
9,6;
6,9;
9,7;
7,9;
9,8;
8,9;
9,10;
10,9;
10,9;
9,10;
10,11;
11,10;
10,12;
12,10;
11,10;
10,11;
11,12;
12,11;
11,13;
13,11;
12,10;
10,12;
12,11;
11,12;
12,13;
13,12;
12,14;
14,12;
13,11;
11,13;
13,12;
12,13;
13,14;
14,13;
13,15;
15,13;
13,21;
21,13;
14,12;
12,14;
14,13;
13,14;
14,15;
15,14;
14,21;
21,14;
14,22;
22,14;
15,13;
13,15;
15,14;
14,15;
15,16;
16,15;
15,22;
22,15;
15,23;
23,15;
16,15;
15,16;
16,17;
17,16;
16,18;
18,16;
16,19;
19,16;
16,25;
25,16;
17,16;
16,17;
17,18;
18,17;
17,19;
19,17;
17,20;
20,17;
18,16;
16,18;
18,17;
17,18;
18,19;
19,18;
18,20;
20,18;
19,16;
16,19;
19,17;
17,19;
19,18;
18,19;
19,20;
20,19;
19,25;
25,19;
20,17;
17,20;
20,18;
18,20;
20,19;
19,20;
21,13;
13,21;
21,14;
14,21;
21,22;
22,21;
21,23;
23,21;
22,14;
14,22;
22,15;
15,22;
22,21;
21,22;
22,23;
23,22;
22,24;
24,22;
23,15;
15,23;
23,21;
21,23;
23,22;
22,23;
23,24;
24,23;
23,25;
25,23;
24,22;
22,24;
24,23;
23,24;
24,25;
25,24;
25,16;
16,25;
25,19;
19,25;
25,23;
23,25;
25,24;
24,25;
}
label = {
1,1;
2,1;
3,1;
4,1;
5,1;
6,1;
7,1;
8,1;
9,1;
10,1;
11,1;
12,1;
13,1;
14,1;
15,1;
16,1;
17,1;
18,1;
19,1;
20,1;
21,2;
22,2;
23,2;
24,2;
25,2;
}