edge = {
1,2;
2,1;
1,3;
3,1;
1,16;
16,1;
2,1;
1,2;
2,3;
3,2;
2,4;
4,2;
2,16;
16,2;
3,1;
1,3;
3,2;
2,3;
3,4;
4,3;
3,16;
16,3;
3,18;
18,3;
4,2;
2,4;
4,3;
3,4;
4,5;
5,4;
4,6;
6,4;
4,18;
18,4;
5,4;
4,5;
5,6;
6,5;
5,18;
18,5;
6,4;
4,6;
6,5;
5,6;
6,18;
18,6;
6,19;
19,6;
7,8;
8,7;
7,9;
9,7;
7,19;
19,7;
8,7;
7,8;
8,9;
9,8;
8,10;
10,8;
8,19;
19,8;
9,7;
7,9;
9,8;
8,9;
9,10;
10,9;
9,11;
11,9;
9,20;
20,9;
10,8;
8,10;
10,9;
9,10;
10,11;
11,10;
10,20;
20,10;
10,21;
21,10;
11,9;
9,11;
11,10;
10,11;
11,12;
12,11;
11,21;
21,11;
11,22;
22,11;
12,11;
11,12;
12,13;
13,12;
12,14;
14,12;
12,24;
24,12;
13,12;
12,13;
13,14;
14,13;
13,15;
15,13;
13,24;
24,13;
14,12;
12,14;
14,13;
13,14;
14,15;
15,14;
14,17;
17,14;
14,24;
24,14;
15,13;
13,15;
15,14;
14,15;
15,17;
17,15;
16,1;
1,16;
16,2;
2,16;
16,3;
3,16;
17,14;
14,17;
17,15;
15,17;
17,24;
24,17;
18,3;
3,18;
18,4;
4,18;
18,5;
5,18;
18,6;
6,18;
19,6;
6,19;
19,7;
7,19;
19,8;
8,19;
20,9;
9,20;
20,10;
10,20;
20,21;
21,20;
20,22;
22,20;
21,10;
10,21;
21,11;
11,21;
21,20;
20,21;
21,22;
22,21;
21,23;
23,21;
22,11;
11,22;
22,20;
20,22;
22,21;
21,22;
22,23;
23,22;
22,24;
24,22;
23,21;
21,23;
23,22;
22,23;
23,24;
24,23;
24,12;
12,24;
24,13;
13,24;
24,14;
14,24;
24,17;
17,24;
24,22;
22,24;
24,23;
23,24;
}
label = {
1,1;
2,1;
3,1;
4,1;
5,1;
6,1;
7,1;
8,1;
9,1;
10,1;
11,1;
12,1;
13,1;
14,1;
15,1;
16,2;
17,2;
18,2;
19,2;
20,2;
21,2;
22,2;
23,2;
24,2;
}