edge = {
1,21;
21,1;
1,29;
29,1;
1,32;
32,1;
2,21;
21,2;
2,22;
22,2;
2,29;
29,2;
2,30;
30,2;
3,4;
4,3;
3,5;
5,3;
3,24;
24,3;
4,3;
3,4;
4,5;
5,4;
4,6;
6,4;
5,3;
3,5;
5,4;
4,5;
5,6;
6,5;
5,7;
7,5;
6,4;
4,6;
6,5;
5,6;
6,7;
7,6;
6,8;
8,6;
6,9;
9,6;
7,5;
5,7;
7,6;
6,7;
7,8;
8,7;
7,9;
9,7;
8,6;
6,8;
8,7;
7,8;
8,9;
9,8;
8,25;
25,8;
9,6;
6,9;
9,7;
7,9;
9,8;
8,9;
9,10;
10,9;
9,25;
25,9;
9,26;
26,9;
10,9;
9,10;
10,11;
11,10;
10,26;
26,10;
11,10;
10,11;
11,12;
12,11;
11,26;
26,11;
11,27;
27,11;
12,11;
11,12;
12,27;
27,12;
12,28;
28,12;
13,14;
14,13;
13,15;
15,13;
13,16;
16,13;
13,28;
28,13;
14,13;
13,14;
14,15;
15,14;
14,16;
16,14;
14,28;
28,14;
15,13;
13,15;
15,14;
14,15;
15,16;
16,15;
16,13;
13,16;
16,14;
14,16;
16,15;
15,16;
16,17;
17,16;
17,16;
16,17;
17,18;
18,17;
17,19;
19,17;
17,20;
20,17;
18,17;
17,18;
18,19;
19,18;
18,20;
20,18;
19,17;
17,19;
19,18;
18,19;
19,20;
20,19;
20,17;
17,20;
20,18;
18,20;
20,19;
19,20;
21,1;
1,21;
21,2;
2,21;
21,22;
22,21;
21,32;
32,21;
22,2;
2,22;
22,21;
21,22;
22,23;
23,22;
22,29;
29,22;
22,30;
30,22;
22,31;
31,22;
22,32;
32,22;
23,22;
22,23;
23,24;
24,23;
23,30;
30,23;
23,31;
31,23;
24,3;
3,24;
24,23;
23,24;
24,31;
31,24;
25,8;
8,25;
25,9;
9,25;
25,26;
26,25;
26,9;
9,26;
26,10;
10,26;
26,11;
11,26;
26,25;
25,26;
27,11;
11,27;
27,12;
12,27;
27,28;
28,27;
28,12;
12,28;
28,13;
13,28;
28,14;
14,28;
28,27;
27,28;
29,1;
1,29;
29,2;
2,29;
29,22;
22,29;
29,32;
32,29;
30,2;
2,30;
30,22;
22,30;
30,23;
23,30;
30,31;
31,30;
31,22;
22,31;
31,23;
23,31;
31,24;
24,31;
31,30;
30,31;
32,1;
1,32;
32,21;
21,32;
32,22;
22,32;
32,29;
29,32;
}
label = {
1,1;
2,1;
3,1;
4,1;
5,1;
6,1;
7,1;
8,1;
9,1;
10,1;
11,1;
12,1;
13,1;
14,1;
15,1;
16,1;
17,1;
18,1;
19,1;
20,1;
21,2;
22,2;
23,2;
24,2;
25,2;
26,2;
27,2;
28,2;
29,2;
30,2;
31,2;
32,2;
}