edge = {
1,20;
20,1;
1,28;
28,1;
1,31;
31,1;
2,20;
20,2;
2,21;
21,2;
2,29;
29,2;
3,4;
4,3;
3,5;
5,3;
3,23;
23,3;
4,3;
3,4;
4,5;
5,4;
4,23;
23,4;
5,3;
3,5;
5,4;
4,5;
5,6;
6,5;
5,7;
7,5;
5,8;
8,5;
6,5;
5,6;
6,7;
7,6;
6,8;
8,6;
7,5;
5,7;
7,6;
6,7;
7,8;
8,7;
7,24;
24,7;
8,5;
5,8;
8,6;
6,8;
8,7;
7,8;
8,9;
9,8;
8,24;
24,8;
8,25;
25,8;
9,8;
8,9;
9,10;
10,9;
9,25;
25,9;
10,9;
9,10;
10,11;
11,10;
10,25;
25,10;
10,26;
26,10;
11,10;
10,11;
11,26;
26,11;
11,27;
27,11;
12,13;
13,12;
12,14;
14,12;
12,15;
15,12;
12,27;
27,12;
13,12;
12,13;
13,14;
14,13;
13,15;
15,13;
13,27;
27,13;
14,12;
12,14;
14,13;
13,14;
14,15;
15,14;
15,12;
12,15;
15,13;
13,15;
15,14;
14,15;
15,16;
16,15;
16,15;
15,16;
16,17;
17,16;
16,18;
18,16;
16,19;
19,16;
17,16;
16,17;
17,18;
18,17;
17,19;
19,17;
18,16;
16,18;
18,17;
17,18;
18,19;
19,18;
19,16;
16,19;
19,17;
17,19;
19,18;
18,19;
20,1;
1,20;
20,2;
2,20;
20,21;
21,20;
20,28;
28,20;
20,31;
31,20;
21,2;
2,21;
21,20;
20,21;
21,22;
22,21;
21,28;
28,21;
21,29;
29,21;
21,30;
30,21;
21,31;
31,21;
22,21;
21,22;
22,23;
23,22;
22,29;
29,22;
22,30;
30,22;
23,3;
3,23;
23,4;
4,23;
23,22;
22,23;
23,30;
30,23;
24,7;
7,24;
24,8;
8,24;
24,25;
25,24;
25,8;
8,25;
25,9;
9,25;
25,10;
10,25;
25,24;
24,25;
26,10;
10,26;
26,11;
11,26;
26,27;
27,26;
27,11;
11,27;
27,12;
12,27;
27,13;
13,27;
27,26;
26,27;
28,1;
1,28;
28,20;
20,28;
28,21;
21,28;
28,31;
31,28;
29,2;
2,29;
29,21;
21,29;
29,22;
22,29;
29,30;
30,29;
30,21;
21,30;
30,22;
22,30;
30,23;
23,30;
30,29;
29,30;
31,1;
1,31;
31,20;
20,31;
31,21;
21,31;
31,28;
28,31;
}
label = {
1,1;
2,1;
3,1;
4,1;
5,1;
6,1;
7,1;
8,1;
9,1;
10,1;
11,1;
12,1;
13,1;
14,1;
15,1;
16,1;
17,1;
18,1;
19,1;
20,2;
21,2;
22,2;
23,2;
24,2;
25,2;
26,2;
27,2;
28,2;
29,2;
30,2;
31,2;
}