edge = {
1,2;
2,1;
1,24;
24,1;
1,32;
32,1;
2,1;
1,2;
2,3;
3,2;
2,4;
4,2;
2,32;
32,2;
2,33;
33,2;
3,2;
2,3;
3,4;
4,3;
3,5;
5,3;
3,6;
6,3;
3,27;
27,3;
4,2;
2,4;
4,3;
3,4;
4,5;
5,4;
4,6;
6,4;
5,3;
3,5;
5,4;
4,5;
5,6;
6,5;
5,7;
7,5;
5,28;
28,5;
6,3;
3,6;
6,4;
4,6;
6,5;
5,6;
6,7;
7,6;
6,8;
8,6;
6,9;
9,6;
6,28;
28,6;
6,29;
29,6;
7,5;
5,7;
7,6;
6,7;
7,8;
8,7;
7,9;
9,7;
8,6;
6,8;
8,7;
7,8;
8,9;
9,8;
8,10;
10,8;
9,6;
6,9;
9,7;
7,9;
9,8;
8,9;
9,10;
10,9;
9,11;
11,9;
9,28;
28,9;
10,8;
8,10;
10,9;
9,10;
10,11;
11,10;
10,12;
12,10;
10,29;
29,10;
11,9;
9,11;
11,10;
10,11;
11,12;
12,11;
11,30;
30,11;
12,10;
10,12;
12,11;
11,12;
12,13;
13,12;
12,30;
30,12;
12,31;
31,12;
13,12;
12,13;
13,14;
14,13;
13,15;
15,13;
13,31;
31,13;
14,13;
13,14;
14,15;
15,14;
14,16;
16,14;
14,17;
17,14;
15,13;
13,15;
15,14;
14,15;
15,16;
16,15;
15,17;
17,15;
16,14;
14,16;
16,15;
15,16;
16,17;
17,16;
16,18;
18,16;
17,14;
14,17;
17,15;
15,17;
17,16;
16,17;
17,18;
18,17;
18,16;
16,18;
18,17;
17,18;
18,19;
19,18;
19,18;
18,19;
19,20;
20,19;
19,21;
21,19;
19,22;
22,19;
20,19;
19,20;
20,21;
21,20;
20,22;
22,20;
20,23;
23,20;
21,19;
19,21;
21,20;
20,21;
21,22;
22,21;
21,23;
23,21;
22,19;
19,22;
22,20;
20,22;
22,21;
21,22;
22,23;
23,22;
23,20;
20,23;
23,21;
21,23;
23,22;
22,23;
24,1;
1,24;
24,25;
25,24;
24,33;
33,24;
24,34;
34,24;
25,24;
24,25;
25,26;
26,25;
25,27;
27,25;
25,32;
32,25;
25,33;
33,25;
25,34;
34,25;
26,25;
25,26;
26,27;
27,26;
26,33;
33,26;
27,3;
3,27;
27,25;
25,27;
27,26;
26,27;
27,33;
33,27;
28,5;
5,28;
28,6;
6,28;
28,9;
9,28;
28,29;
29,28;
28,30;
30,28;
29,6;
6,29;
29,10;
10,29;
29,28;
28,29;
29,30;
30,29;
30,11;
11,30;
30,12;
12,30;
30,28;
28,30;
30,29;
29,30;
30,31;
31,30;
31,12;
12,31;
31,13;
13,31;
31,30;
30,31;
32,1;
1,32;
32,2;
2,32;
32,25;
25,32;
32,34;
34,32;
33,2;
2,33;
33,24;
24,33;
33,25;
25,33;
33,26;
26,33;
33,27;
27,33;
34,24;
24,34;
34,25;
25,34;
34,32;
32,34;
}
label = {
1,1;
2,1;
3,1;
4,1;
5,1;
6,1;
7,1;
8,1;
9,1;
10,1;
11,1;
12,1;
13,1;
14,1;
15,1;
16,1;
17,1;
18,1;
19,1;
20,1;
21,1;
22,1;
23,1;
24,2;
25,2;
26,2;
27,2;
28,2;
29,2;
30,2;
31,2;
32,2;
33,2;
34,2;
}