edge = {
1,2;
2,1;
1,3;
3,1;
1,4;
4,1;
2,1;
1,2;
2,3;
3,2;
2,4;
4,2;
3,1;
1,3;
3,2;
2,3;
3,4;
4,3;
3,5;
5,3;
3,6;
6,3;
3,28;
28,3;
4,1;
1,4;
4,2;
2,4;
4,3;
3,4;
4,5;
5,4;
4,6;
6,4;
4,28;
28,4;
4,29;
29,4;
5,3;
3,5;
5,4;
4,5;
5,6;
6,5;
5,7;
7,5;
5,29;
29,5;
6,3;
3,6;
6,4;
4,6;
6,5;
5,6;
6,7;
7,6;
6,31;
31,6;
7,5;
5,7;
7,6;
6,7;
7,8;
8,7;
7,30;
30,7;
7,33;
33,7;
8,7;
7,8;
8,9;
9,8;
8,10;
10,8;
8,32;
32,8;
8,33;
33,8;
9,8;
8,9;
9,10;
10,9;
9,11;
11,9;
9,32;
32,9;
10,8;
8,10;
10,9;
9,10;
10,11;
11,10;
10,12;
12,10;
11,9;
9,11;
11,10;
10,11;
11,12;
12,11;
11,13;
13,11;
12,10;
10,12;
12,11;
11,12;
12,13;
13,12;
13,11;
11,13;
13,12;
12,13;
13,14;
14,13;
14,13;
13,14;
14,15;
15,14;
14,16;
16,14;
14,36;
36,14;
15,14;
14,15;
15,16;
16,15;
15,17;
17,15;
15,36;
36,15;
15,37;
37,15;
16,14;
14,16;
16,15;
15,16;
16,17;
17,16;
16,18;
18,16;
16,34;
34,16;
16,37;
37,16;
17,15;
15,17;
17,16;
16,17;
17,18;
18,17;
17,34;
34,17;
18,16;
16,18;
18,17;
17,18;
18,19;
19,18;
18,35;
35,18;
19,18;
18,19;
19,20;
20,19;
19,21;
21,19;
19,35;
35,19;
20,19;
19,20;
20,21;
21,20;
20,22;
22,20;
21,19;
19,21;
21,20;
20,21;
21,22;
22,21;
21,23;
23,21;
22,20;
20,22;
22,21;
21,22;
22,23;
23,22;
22,24;
24,22;
23,21;
21,23;
23,22;
22,23;
23,24;
24,23;
23,25;
25,23;
24,22;
22,24;
24,23;
23,24;
24,25;
25,24;
24,26;
26,24;
24,27;
27,24;
25,23;
23,25;
25,24;
24,25;
25,26;
26,25;
25,27;
27,25;
26,24;
24,26;
26,25;
25,26;
26,27;
27,26;
27,24;
24,27;
27,25;
25,27;
27,26;
26,27;
28,3;
3,28;
28,4;
4,28;
28,29;
29,28;
28,30;
30,28;
28,31;
31,28;
29,4;
4,29;
29,5;
5,29;
29,28;
28,29;
29,30;
30,29;
29,31;
31,29;
30,7;
7,30;
30,28;
28,30;
30,29;
29,30;
30,31;
31,30;
30,32;
32,30;
30,33;
33,30;
31,6;
6,31;
31,28;
28,31;
31,29;
29,31;
31,30;
30,31;
31,32;
32,31;
31,33;
33,31;
32,8;
8,32;
32,9;
9,32;
32,30;
30,32;
32,31;
31,32;
32,33;
33,32;
33,7;
7,33;
33,8;
8,33;
33,30;
30,33;
33,31;
31,33;
33,32;
32,33;
34,16;
16,34;
34,17;
17,34;
34,35;
35,34;
34,36;
36,34;
34,37;
37,34;
35,18;
18,35;
35,19;
19,35;
35,34;
34,35;
35,36;
36,35;
35,37;
37,35;
36,14;
14,36;
36,15;
15,36;
36,34;
34,36;
36,35;
35,36;
36,37;
37,36;
37,15;
15,37;
37,16;
16,37;
37,34;
34,37;
37,35;
35,37;
37,36;
36,37;
}
label = {
1,1;
2,1;
3,1;
4,1;
5,1;
6,1;
7,1;
8,1;
9,1;
10,1;
11,1;
12,1;
13,1;
14,1;
15,1;
16,1;
17,1;
18,1;
19,1;
20,1;
21,1;
22,1;
23,1;
24,1;
25,1;
26,1;
27,1;
28,2;
29,2;
30,2;
31,2;
32,2;
33,2;
34,2;
35,2;
36,2;
37,2;
}