edge = {
1,2;
2,1;
1,28;
28,1;
1,29;
29,1;
2,1;
1,2;
2,3;
3,2;
2,4;
4,2;
2,28;
28,2;
2,29;
29,2;
3,2;
2,3;
3,4;
4,3;
3,5;
5,3;
3,6;
6,3;
3,26;
26,3;
4,2;
2,4;
4,3;
3,4;
4,5;
5,4;
4,6;
6,4;
4,26;
26,4;
5,3;
3,5;
5,4;
4,5;
5,6;
6,5;
5,7;
7,5;
6,3;
3,6;
6,4;
4,6;
6,5;
5,6;
6,7;
7,6;
6,8;
8,6;
6,9;
9,6;
7,5;
5,7;
7,6;
6,7;
7,8;
8,7;
7,9;
9,7;
8,6;
6,8;
8,7;
7,8;
8,9;
9,8;
8,10;
10,8;
9,6;
6,9;
9,7;
7,9;
9,8;
8,9;
9,10;
10,9;
9,11;
11,9;
9,25;
25,9;
10,8;
8,10;
10,9;
9,10;
10,11;
11,10;
10,12;
12,10;
10,32;
32,10;
11,9;
9,11;
11,10;
10,11;
11,12;
12,11;
11,31;
31,11;
12,10;
10,12;
12,11;
11,12;
12,13;
13,12;
12,30;
30,12;
12,31;
31,12;
13,12;
12,13;
13,14;
14,13;
13,15;
15,13;
13,22;
22,13;
13,30;
30,13;
14,13;
13,14;
14,15;
15,14;
14,22;
22,14;
14,30;
30,14;
15,13;
13,15;
15,14;
14,15;
15,16;
16,15;
16,15;
15,16;
16,17;
17,16;
16,18;
18,16;
17,16;
16,17;
17,18;
18,17;
17,19;
19,17;
17,20;
20,17;
18,16;
16,18;
18,17;
17,18;
18,19;
19,18;
18,20;
20,18;
18,21;
21,18;
19,17;
17,19;
19,18;
18,19;
19,20;
20,19;
19,21;
21,19;
20,17;
17,20;
20,18;
18,20;
20,19;
19,20;
20,21;
21,20;
21,18;
18,21;
21,19;
19,21;
21,20;
20,21;
22,13;
13,22;
22,14;
14,22;
22,30;
30,22;
22,31;
31,22;
23,24;
24,23;
23,25;
25,23;
23,32;
32,23;
24,23;
23,24;
24,25;
25,24;
24,31;
31,24;
24,32;
32,24;
25,9;
9,25;
25,23;
23,25;
25,24;
24,25;
25,32;
32,25;
26,3;
3,26;
26,4;
4,26;
26,27;
27,26;
26,28;
28,26;
26,29;
29,26;
27,26;
26,27;
27,28;
28,27;
27,29;
29,27;
28,1;
1,28;
28,2;
2,28;
28,26;
26,28;
28,27;
27,28;
28,29;
29,28;
29,1;
1,29;
29,2;
2,29;
29,26;
26,29;
29,27;
27,29;
29,28;
28,29;
30,12;
12,30;
30,13;
13,30;
30,14;
14,30;
30,22;
22,30;
30,31;
31,30;
31,11;
11,31;
31,12;
12,31;
31,22;
22,31;
31,24;
24,31;
31,30;
30,31;
31,32;
32,31;
32,10;
10,32;
32,23;
23,32;
32,24;
24,32;
32,25;
25,32;
32,31;
31,32;
}
label = {
1,1;
2,1;
3,1;
4,1;
5,1;
6,1;
7,1;
8,1;
9,1;
10,1;
11,1;
12,1;
13,1;
14,1;
15,1;
16,1;
17,1;
18,1;
19,1;
20,1;
21,1;
22,2;
23,2;
24,2;
25,2;
26,2;
27,2;
28,2;
29,2;
30,2;
31,2;
32,2;
}