edge = {
1,2;
2,1;
1,15;
15,1;
2,1;
1,2;
2,14;
14,2;
2,27;
27,2;
2,35;
35,2;
2,36;
36,2;
3,4;
4,3;
3,30;
30,3;
3,39;
39,3;
4,3;
3,4;
4,5;
5,4;
4,30;
30,4;
5,4;
4,5;
5,31;
31,5;
5,40;
40,5;
6,7;
7,6;
6,32;
32,6;
6,41;
41,6;
7,6;
6,7;
7,33;
33,7;
7,42;
42,7;
8,9;
9,8;
8,22;
22,8;
8,34;
34,8;
8,43;
43,8;
9,8;
8,9;
9,10;
10,9;
9,21;
21,9;
10,9;
9,10;
10,11;
11,10;
10,12;
12,10;
10,13;
13,10;
11,10;
10,11;
11,12;
12,11;
11,13;
13,11;
12,10;
10,12;
12,11;
11,12;
12,13;
13,12;
13,10;
10,13;
13,11;
11,13;
13,12;
12,13;
14,2;
2,14;
14,15;
15,14;
15,1;
1,15;
15,14;
14,15;
15,27;
27,15;
15,35;
35,15;
15,36;
36,15;
15,44;
44,15;
16,17;
17,16;
16,30;
30,16;
16,39;
39,16;
17,16;
16,17;
17,18;
18,17;
17,30;
30,17;
18,17;
17,18;
18,31;
31,18;
18,40;
40,18;
19,20;
20,19;
19,32;
32,19;
19,41;
41,19;
20,19;
19,20;
20,33;
33,20;
20,42;
42,20;
21,9;
9,21;
21,22;
22,21;
21,34;
34,21;
21,43;
43,21;
22,8;
8,22;
22,21;
21,22;
22,23;
23,22;
23,22;
22,23;
23,24;
24,23;
23,25;
25,23;
23,26;
26,23;
24,23;
23,24;
24,25;
25,24;
24,26;
26,24;
25,23;
23,25;
25,24;
24,25;
25,26;
26,25;
26,23;
23,26;
26,24;
24,26;
26,25;
25,26;
27,2;
2,27;
27,15;
15,27;
27,35;
35,27;
27,44;
44,27;
28,29;
29,28;
28,35;
35,28;
28,38;
38,28;
29,28;
28,29;
29,30;
30,29;
29,37;
37,29;
29,39;
39,29;
30,3;
3,30;
30,4;
4,30;
30,16;
16,30;
30,17;
17,30;
30,29;
29,30;
30,38;
38,30;
31,5;
5,31;
31,18;
18,31;
31,32;
32,31;
31,41;
41,31;
32,6;
6,32;
32,19;
19,32;
32,31;
31,32;
32,40;
40,32;
33,7;
7,33;
33,20;
20,33;
33,34;
34,33;
34,8;
8,34;
34,21;
21,34;
34,33;
33,34;
35,2;
2,35;
35,15;
15,35;
35,27;
27,35;
35,28;
28,35;
35,36;
36,35;
35,44;
44,35;
36,2;
2,36;
36,15;
15,36;
36,35;
35,36;
36,37;
37,36;
36,44;
44,36;
37,29;
29,37;
37,36;
36,37;
37,38;
38,37;
38,28;
28,38;
38,30;
30,38;
38,37;
37,38;
38,39;
39,38;
39,3;
3,39;
39,16;
16,39;
39,29;
29,39;
39,38;
38,39;
40,5;
5,40;
40,18;
18,40;
40,32;
32,40;
40,41;
41,40;
41,6;
6,41;
41,19;
19,41;
41,31;
31,41;
41,40;
40,41;
42,7;
7,42;
42,20;
20,42;
42,43;
43,42;
43,8;
8,43;
43,21;
21,43;
43,42;
42,43;
44,15;
15,44;
44,27;
27,44;
44,35;
35,44;
44,36;
36,44;
}
label = {
1,1;
2,1;
3,1;
4,1;
5,1;
6,1;
7,1;
8,1;
9,1;
10,1;
11,1;
12,1;
13,1;
14,1;
15,1;
16,1;
17,1;
18,1;
19,1;
20,1;
21,1;
22,1;
23,1;
24,1;
25,1;
26,1;
27,2;
28,2;
29,2;
30,2;
31,2;
32,2;
33,2;
34,2;
35,2;
36,2;
37,2;
38,2;
39,2;
40,2;
41,2;
42,2;
43,2;
44,2;
}