edge = {
1,2;
2,1;
1,13;
13,1;
1,14;
14,1;
1,23;
23,1;
1,24;
24,1;
2,1;
1,2;
2,3;
3,2;
2,13;
13,2;
2,14;
14,2;
2,23;
23,2;
2,24;
24,2;
2,25;
25,2;
3,2;
2,3;
3,4;
4,3;
3,25;
25,3;
4,3;
3,4;
4,5;
5,4;
4,25;
25,4;
4,26;
26,4;
5,4;
4,5;
5,6;
6,5;
5,26;
26,5;
5,27;
27,5;
5,28;
28,5;
6,5;
5,6;
6,26;
26,6;
6,27;
27,6;
6,28;
28,6;
7,8;
8,7;
7,28;
28,7;
7,29;
29,7;
8,7;
7,8;
8,17;
17,8;
8,29;
29,8;
8,30;
30,8;
9,30;
30,9;
9,31;
31,9;
9,32;
32,9;
10,11;
11,10;
10,20;
20,10;
10,32;
32,10;
10,33;
33,10;
10,34;
34,10;
11,10;
10,11;
11,12;
12,11;
11,34;
34,11;
12,11;
11,12;
12,34;
34,12;
12,35;
35,12;
12,36;
36,12;
13,1;
1,13;
13,2;
2,13;
13,14;
14,13;
13,23;
23,13;
14,1;
1,14;
14,2;
2,14;
14,13;
13,14;
14,23;
23,14;
14,24;
24,14;
15,27;
27,15;
15,28;
28,15;
15,29;
29,15;
16,21;
21,16;
16,22;
22,16;
16,36;
36,16;
16,37;
37,16;
16,38;
38,16;
17,8;
8,17;
17,18;
18,17;
17,30;
30,17;
17,31;
31,17;
18,17;
17,18;
18,19;
19,18;
18,30;
30,18;
18,31;
31,18;
19,18;
18,19;
19,20;
20,19;
19,32;
32,19;
19,33;
33,19;
20,10;
10,20;
20,19;
19,20;
20,32;
32,20;
20,33;
33,20;
21,16;
16,21;
21,22;
22,21;
21,37;
37,21;
21,38;
38,21;
22,16;
16,22;
22,21;
21,22;
22,38;
38,22;
22,40;
40,22;
23,1;
1,23;
23,2;
2,23;
23,13;
13,23;
23,14;
14,23;
23,24;
24,23;
24,1;
1,24;
24,2;
2,24;
24,14;
14,24;
24,23;
23,24;
25,2;
2,25;
25,3;
3,25;
25,4;
4,25;
26,4;
4,26;
26,5;
5,26;
26,6;
6,26;
27,5;
5,27;
27,6;
6,27;
27,15;
15,27;
27,28;
28,27;
28,5;
5,28;
28,6;
6,28;
28,7;
7,28;
28,15;
15,28;
28,27;
27,28;
29,7;
7,29;
29,8;
8,29;
29,15;
15,29;
30,8;
8,30;
30,9;
9,30;
30,17;
17,30;
30,18;
18,30;
30,31;
31,30;
31,9;
9,31;
31,17;
17,31;
31,18;
18,31;
31,30;
30,31;
31,32;
32,31;
32,9;
9,32;
32,10;
10,32;
32,19;
19,32;
32,20;
20,32;
32,31;
31,32;
32,33;
33,32;
33,10;
10,33;
33,19;
19,33;
33,20;
20,33;
33,32;
32,33;
34,10;
10,34;
34,11;
11,34;
34,12;
12,34;
35,12;
12,35;
35,36;
36,35;
35,37;
37,35;
36,12;
12,36;
36,16;
16,36;
36,35;
35,36;
36,37;
37,36;
37,16;
16,37;
37,21;
21,37;
37,35;
35,37;
37,36;
36,37;
37,38;
38,37;
37,39;
39,37;
37,40;
40,37;
38,16;
16,38;
38,21;
21,38;
38,22;
22,38;
38,37;
37,38;
38,39;
39,38;
38,40;
40,38;
39,37;
37,39;
39,38;
38,39;
39,40;
40,39;
40,22;
22,40;
40,37;
37,40;
40,38;
38,40;
40,39;
39,40;
}
label = {
1,1;
2,1;
3,1;
4,1;
5,1;
6,1;
7,1;
8,1;
9,1;
10,1;
11,1;
12,1;
13,2;
14,2;
15,2;
16,2;
17,2;
18,2;
19,2;
20,2;
21,2;
22,2;
23,3;
24,3;
25,3;
26,3;
27,3;
28,3;
29,3;
30,3;
31,3;
32,3;
33,3;
34,3;
35,3;
36,3;
37,3;
38,3;
39,3;
40,3;
}