edge = {
1,2;
2,1;
1,21;
21,1;
2,1;
1,2;
2,20;
20,2;
3,4;
4,3;
3,5;
5,3;
4,3;
3,4;
4,5;
5,4;
4,6;
6,4;
5,3;
3,5;
5,4;
4,5;
5,6;
6,5;
6,4;
4,6;
6,5;
5,6;
6,7;
7,6;
7,6;
6,7;
7,8;
8,7;
7,25;
25,7;
7,27;
27,7;
8,7;
7,8;
8,9;
9,8;
8,26;
26,8;
9,8;
8,9;
9,10;
10,9;
9,11;
11,9;
10,9;
9,10;
10,11;
11,10;
10,12;
12,10;
11,9;
9,11;
11,10;
10,11;
11,12;
12,11;
12,10;
10,12;
12,11;
11,12;
12,13;
13,12;
12,14;
14,12;
13,12;
12,13;
13,14;
14,13;
13,15;
15,13;
14,12;
12,14;
14,13;
13,14;
14,15;
15,14;
14,16;
16,14;
15,13;
13,15;
15,14;
14,15;
15,16;
16,15;
16,14;
14,16;
16,15;
15,16;
16,17;
17,16;
16,36;
36,16;
17,16;
16,17;
17,18;
18,17;
17,19;
19,17;
17,37;
37,17;
17,38;
38,17;
18,17;
17,18;
18,19;
19,18;
18,36;
36,18;
19,17;
17,19;
19,18;
18,19;
19,36;
36,19;
20,2;
2,20;
20,21;
21,20;
21,1;
1,21;
21,20;
20,21;
22,23;
23,22;
22,24;
24,22;
23,22;
22,23;
23,24;
24,23;
23,25;
25,23;
24,22;
22,24;
24,23;
23,24;
24,25;
25,24;
24,26;
26,24;
25,7;
7,25;
25,23;
23,25;
25,24;
24,25;
25,26;
26,25;
26,8;
8,26;
26,24;
24,26;
26,25;
25,26;
26,27;
27,26;
27,7;
7,27;
27,26;
26,27;
27,28;
28,27;
28,27;
27,28;
28,29;
29,28;
28,30;
30,28;
29,28;
28,29;
29,30;
30,29;
29,31;
31,29;
30,28;
28,30;
30,29;
29,30;
30,31;
31,30;
31,29;
29,31;
31,30;
30,31;
31,32;
32,31;
31,33;
33,31;
32,31;
31,32;
32,33;
33,32;
32,34;
34,32;
33,31;
31,33;
33,32;
32,33;
33,34;
34,33;
33,35;
35,33;
34,32;
32,34;
34,33;
33,34;
34,35;
35,34;
35,33;
33,35;
35,34;
34,35;
35,36;
36,35;
36,16;
16,36;
36,18;
18,36;
36,19;
19,36;
36,35;
35,36;
36,37;
37,36;
36,38;
38,36;
37,17;
17,37;
37,36;
36,37;
37,38;
38,37;
38,17;
17,38;
38,36;
36,38;
38,37;
37,38;
}
label = {
1,1;
2,1;
3,1;
4,1;
5,1;
6,1;
7,1;
8,1;
9,1;
10,1;
11,1;
12,1;
13,1;
14,1;
15,1;
16,1;
17,1;
18,1;
19,1;
20,1;
21,1;
22,1;
23,1;
24,1;
25,1;
26,1;
27,1;
28,1;
29,1;
30,1;
31,1;
32,1;
33,1;
34,1;
35,1;
36,1;
37,1;
38,1;
}