edge = {
1,2;
2,1;
1,19;
19,1;
2,1;
1,2;
2,3;
3,2;
2,18;
18,2;
3,2;
2,3;
3,4;
4,3;
3,21;
21,3;
4,3;
3,4;
4,5;
5,4;
4,20;
20,4;
4,22;
22,4;
5,4;
4,5;
5,6;
6,5;
5,21;
21,5;
5,23;
23,5;
6,5;
5,6;
6,7;
7,6;
6,22;
22,6;
7,6;
6,7;
7,8;
8,7;
7,9;
9,7;
8,7;
7,8;
8,9;
9,8;
8,35;
35,8;
9,7;
7,9;
9,8;
8,9;
9,35;
35,9;
9,37;
37,9;
10,11;
11,10;
10,12;
12,10;
10,35;
35,10;
10,37;
37,10;
11,10;
10,11;
11,12;
12,11;
11,13;
13,11;
11,35;
35,11;
11,37;
37,11;
12,10;
10,12;
12,11;
11,12;
12,13;
13,12;
12,35;
35,12;
13,11;
11,13;
13,12;
12,13;
13,36;
36,13;
13,38;
38,13;
14,15;
15,14;
14,16;
16,14;
14,17;
17,14;
14,36;
36,14;
14,38;
38,14;
15,14;
14,15;
15,16;
16,15;
15,17;
17,15;
16,14;
14,16;
16,15;
15,16;
16,17;
17,16;
17,14;
14,17;
17,15;
15,17;
17,16;
16,17;
18,2;
2,18;
18,19;
19,18;
19,1;
1,19;
19,18;
18,19;
19,20;
20,19;
20,4;
4,20;
20,19;
19,20;
20,21;
21,20;
21,3;
3,21;
21,5;
5,21;
21,20;
20,21;
21,22;
22,21;
22,4;
4,22;
22,6;
6,22;
22,21;
21,22;
22,23;
23,22;
23,5;
5,23;
23,22;
22,23;
23,24;
24,23;
24,23;
23,24;
24,25;
25,24;
24,26;
26,24;
25,24;
24,25;
25,26;
26,25;
25,27;
27,25;
26,24;
24,26;
26,25;
25,26;
26,27;
27,26;
26,28;
28,26;
26,37;
37,26;
27,25;
25,27;
27,26;
26,27;
27,28;
28,27;
27,29;
29,27;
27,30;
30,27;
27,37;
37,27;
28,26;
26,28;
28,27;
27,28;
28,29;
29,28;
28,30;
30,28;
29,27;
27,29;
29,28;
28,29;
29,30;
30,29;
30,27;
27,30;
30,28;
28,30;
30,29;
29,30;
30,31;
31,30;
30,38;
38,30;
31,30;
30,31;
31,32;
32,31;
31,33;
33,31;
31,34;
34,31;
31,38;
38,31;
32,31;
31,32;
32,33;
33,32;
32,34;
34,32;
33,31;
31,33;
33,32;
32,33;
33,34;
34,33;
34,31;
31,34;
34,32;
32,34;
34,33;
33,34;
35,8;
8,35;
35,9;
9,35;
35,10;
10,35;
35,11;
11,35;
35,12;
12,35;
36,13;
13,36;
36,14;
14,36;
36,38;
38,36;
37,9;
9,37;
37,10;
10,37;
37,11;
11,37;
37,26;
26,37;
37,27;
27,37;
38,13;
13,38;
38,14;
14,38;
38,30;
30,38;
38,31;
31,38;
38,36;
36,38;
}
label = {
1,1;
2,1;
3,1;
4,1;
5,1;
6,1;
7,1;
8,1;
9,1;
10,1;
11,1;
12,1;
13,1;
14,1;
15,1;
16,1;
17,1;
18,1;
19,1;
20,1;
21,1;
22,1;
23,1;
24,1;
25,1;
26,1;
27,1;
28,1;
29,1;
30,1;
31,1;
32,1;
33,1;
34,1;
35,2;
36,2;
37,2;
38,2;
}