edge = {
1,2;
2,1;
1,15;
15,1;
2,1;
1,2;
2,3;
3,2;
2,14;
14,2;
2,16;
16,2;
2,28;
28,2;
2,30;
30,2;
3,2;
2,3;
3,15;
15,3;
3,30;
30,3;
3,31;
31,3;
4,5;
5,4;
4,6;
6,4;
4,31;
31,4;
5,4;
4,5;
5,6;
6,5;
5,7;
7,5;
6,4;
4,6;
6,5;
5,6;
6,7;
7,6;
6,8;
8,6;
7,5;
5,7;
7,6;
6,7;
7,8;
8,7;
8,6;
6,8;
8,7;
7,8;
8,9;
9,8;
9,8;
8,9;
9,10;
10,9;
9,32;
32,9;
10,9;
9,10;
10,11;
11,10;
10,12;
12,10;
10,32;
32,10;
11,10;
10,11;
11,12;
12,11;
11,13;
13,11;
11,23;
23,11;
11,33;
33,11;
12,10;
10,12;
12,11;
11,12;
12,13;
13,12;
12,33;
33,12;
13,11;
11,13;
13,12;
12,13;
13,24;
24,13;
13,26;
26,13;
14,2;
2,14;
14,15;
15,14;
14,37;
37,14;
14,38;
38,14;
15,1;
1,15;
15,3;
3,15;
15,14;
14,15;
15,16;
16,15;
15,37;
37,15;
15,39;
39,15;
16,2;
2,16;
16,15;
15,16;
16,39;
39,16;
16,40;
40,16;
17,18;
18,17;
17,19;
19,17;
17,40;
40,17;
18,17;
17,18;
18,19;
19,18;
18,20;
20,18;
19,17;
17,19;
19,18;
18,19;
19,20;
20,19;
19,21;
21,19;
20,18;
18,20;
20,19;
19,20;
20,21;
21,20;
21,19;
19,21;
21,20;
20,21;
21,22;
22,21;
22,21;
21,22;
22,23;
23,22;
22,24;
24,22;
22,41;
41,22;
23,11;
11,23;
23,22;
22,23;
23,24;
24,23;
23,25;
25,23;
23,41;
41,23;
24,13;
13,24;
24,22;
22,24;
24,23;
23,24;
24,25;
25,24;
24,26;
26,24;
24,42;
42,24;
25,23;
23,25;
25,24;
24,25;
25,26;
26,25;
25,42;
42,25;
26,13;
13,26;
26,24;
24,26;
26,25;
25,26;
27,29;
29,27;
27,35;
35,27;
27,38;
38,27;
27,44;
44,27;
28,2;
2,28;
28,29;
29,28;
28,38;
38,28;
29,27;
27,29;
29,28;
28,29;
29,36;
36,29;
29,37;
37,29;
30,2;
2,30;
30,3;
3,30;
30,31;
31,30;
30,40;
40,30;
31,3;
3,31;
31,4;
4,31;
31,30;
30,31;
31,39;
39,31;
32,9;
9,32;
32,10;
10,32;
32,33;
33,32;
32,42;
42,32;
33,11;
11,33;
33,12;
12,33;
33,32;
32,33;
33,41;
41,33;
34,35;
35,34;
34,44;
44,34;
35,27;
27,35;
35,34;
34,35;
35,36;
36,35;
35,43;
43,35;
35,44;
44,35;
36,29;
29,36;
36,35;
35,36;
36,38;
38,36;
36,44;
44,36;
37,14;
14,37;
37,15;
15,37;
37,29;
29,37;
37,38;
38,37;
38,14;
14,38;
38,27;
27,38;
38,28;
28,38;
38,36;
36,38;
38,37;
37,38;
39,15;
15,39;
39,16;
16,39;
39,31;
31,39;
39,40;
40,39;
40,16;
16,40;
40,17;
17,40;
40,30;
30,40;
40,39;
39,40;
41,22;
22,41;
41,23;
23,41;
41,33;
33,41;
41,42;
42,41;
42,24;
24,42;
42,25;
25,42;
42,32;
32,42;
42,41;
41,42;
43,35;
35,43;
43,44;
44,43;
44,27;
27,44;
44,34;
34,44;
44,35;
35,44;
44,36;
36,44;
44,43;
43,44;
}
label = {
1,1;
2,1;
3,1;
4,1;
5,1;
6,1;
7,1;
8,1;
9,1;
10,1;
11,1;
12,1;
13,1;
14,1;
15,1;
16,1;
17,1;
18,1;
19,1;
20,1;
21,1;
22,1;
23,1;
24,1;
25,1;
26,1;
27,2;
28,2;
29,2;
30,2;
31,2;
32,2;
33,2;
34,2;
35,2;
36,2;
37,2;
38,2;
39,2;
40,2;
41,2;
42,2;
43,2;
44,2;
}