edge = {
1,2;
2,1;
2,1;
1,2;
2,3;
3,2;
2,14;
14,2;
2,25;
25,2;
2,37;
37,2;
2,39;
39,2;
3,2;
2,3;
3,39;
39,3;
3,40;
40,3;
4,5;
5,4;
4,16;
16,4;
4,40;
40,4;
5,4;
4,5;
5,6;
6,5;
5,15;
15,5;
6,5;
5,6;
6,7;
7,6;
6,29;
29,6;
7,6;
6,7;
7,8;
8,7;
7,17;
17,7;
8,7;
7,8;
8,9;
9,8;
8,18;
18,8;
8,41;
41,8;
9,8;
8,9;
9,10;
10,9;
9,21;
21,9;
9,41;
41,9;
9,42;
42,9;
10,9;
9,10;
10,11;
11,10;
10,22;
22,10;
10,33;
33,10;
10,42;
42,10;
11,10;
10,11;
11,32;
32,11;
11,33;
33,11;
12,13;
13,12;
12,46;
46,12;
12,47;
47,12;
13,12;
12,13;
13,14;
14,13;
13,46;
46,13;
13,48;
48,13;
14,2;
2,14;
14,13;
13,14;
14,48;
48,14;
14,49;
49,14;
15,5;
5,15;
15,16;
16,15;
15,49;
49,15;
16,4;
4,16;
16,15;
15,16;
16,17;
17,16;
16,26;
26,16;
17,7;
7,17;
17,16;
16,17;
17,18;
18,17;
18,8;
8,18;
18,17;
17,18;
18,19;
19,18;
19,18;
18,19;
19,20;
20,19;
19,41;
41,19;
19,50;
50,19;
20,19;
19,20;
20,21;
21,20;
20,22;
22,20;
20,50;
50,20;
20,51;
51,20;
21,9;
9,21;
21,20;
20,21;
21,22;
22,21;
21,51;
51,21;
22,10;
10,22;
22,20;
20,22;
22,21;
21,22;
23,24;
24,23;
23,55;
55,23;
23,56;
56,23;
24,23;
23,24;
24,25;
25,24;
24,55;
55,24;
24,57;
57,24;
25,2;
2,25;
25,24;
24,25;
25,57;
57,25;
25,58;
58,25;
26,16;
16,26;
26,27;
27,26;
26,58;
58,26;
27,26;
26,27;
27,28;
28,27;
28,27;
27,28;
28,29;
29,28;
28,30;
30,28;
29,6;
6,29;
29,28;
28,29;
29,30;
30,29;
30,28;
28,30;
30,29;
29,30;
30,31;
31,30;
30,59;
59,30;
31,30;
30,31;
31,32;
32,31;
31,33;
33,31;
31,59;
59,31;
31,60;
60,31;
32,11;
11,32;
32,31;
31,32;
32,33;
33,32;
32,60;
60,32;
33,10;
10,33;
33,11;
11,33;
33,31;
31,33;
33,32;
32,33;
34,35;
35,34;
35,34;
34,35;
35,36;
36,35;
35,43;
43,35;
35,45;
45,35;
35,52;
52,35;
35,54;
54,35;
36,35;
35,36;
36,38;
38,36;
36,44;
44,36;
36,47;
47,36;
36,53;
53,36;
36,56;
56,36;
37,2;
2,37;
37,38;
38,37;
38,36;
36,38;
38,37;
37,38;
38,46;
46,38;
38,55;
55,38;
39,2;
2,39;
39,3;
3,39;
39,40;
40,39;
39,49;
49,39;
39,58;
58,39;
40,3;
3,40;
40,4;
4,40;
40,39;
39,40;
40,48;
48,40;
40,57;
57,40;
41,8;
8,41;
41,9;
9,41;
41,19;
19,41;
41,42;
42,41;
41,51;
51,41;
41,60;
60,41;
42,9;
9,42;
42,10;
10,42;
42,41;
41,42;
42,50;
50,42;
42,59;
59,42;
42,60;
60,42;
43,35;
35,43;
43,44;
44,43;
44,36;
36,44;
44,43;
43,44;
44,45;
45,44;
45,35;
35,45;
45,44;
44,45;
45,47;
47,45;
46,12;
12,46;
46,13;
13,46;
46,38;
38,46;
47,12;
12,47;
47,36;
36,47;
47,45;
45,47;
48,13;
13,48;
48,14;
14,48;
48,40;
40,48;
49,14;
14,49;
49,15;
15,49;
49,39;
39,49;
50,19;
19,50;
50,20;
20,50;
50,42;
42,50;
51,20;
20,51;
51,21;
21,51;
51,41;
41,51;
51,60;
60,51;
52,35;
35,52;
52,53;
53,52;
53,36;
36,53;
53,52;
52,53;
53,54;
54,53;
54,35;
35,54;
54,53;
53,54;
54,56;
56,54;
55,23;
23,55;
55,24;
24,55;
55,38;
38,55;
56,23;
23,56;
56,36;
36,56;
56,54;
54,56;
57,24;
24,57;
57,25;
25,57;
57,40;
40,57;
58,25;
25,58;
58,26;
26,58;
58,39;
39,58;
59,30;
30,59;
59,31;
31,59;
59,42;
42,59;
60,31;
31,60;
60,32;
32,60;
60,41;
41,60;
60,42;
42,60;
60,51;
51,60;
}
label = {
1,1;
2,1;
3,1;
4,1;
5,1;
6,1;
7,1;
8,1;
9,1;
10,1;
11,1;
12,1;
13,1;
14,1;
15,1;
16,1;
17,1;
18,1;
19,1;
20,1;
21,1;
22,1;
23,1;
24,1;
25,1;
26,1;
27,1;
28,1;
29,1;
30,1;
31,1;
32,1;
33,1;
34,2;
35,2;
36,2;
37,2;
38,2;
39,2;
40,2;
41,2;
42,2;
43,2;
44,2;
45,2;
46,2;
47,2;
48,2;
49,2;
50,2;
51,2;
52,2;
53,2;
54,2;
55,2;
56,2;
57,2;
58,2;
59,2;
60,2;
}