edge = {
1,2;
2,1;
1,3;
3,1;
1,4;
4,1;
2,1;
1,2;
2,3;
3,2;
2,4;
4,2;
3,1;
1,3;
3,2;
2,3;
3,4;
4,3;
3,5;
5,3;
4,1;
1,4;
4,2;
2,4;
4,3;
3,4;
4,5;
5,4;
4,6;
6,4;
5,3;
3,5;
5,4;
4,5;
5,6;
6,5;
6,4;
4,6;
6,5;
5,6;
6,7;
7,6;
7,6;
6,7;
7,23;
23,7;
7,24;
24,7;
8,9;
9,8;
8,10;
10,8;
8,23;
23,8;
8,24;
24,8;
9,8;
8,9;
9,10;
10,9;
9,11;
11,9;
9,24;
24,9;
10,8;
8,10;
10,9;
9,10;
10,11;
11,10;
10,12;
12,10;
11,9;
9,11;
11,10;
10,11;
11,12;
12,11;
11,13;
13,11;
12,10;
10,12;
12,11;
11,12;
12,13;
13,12;
12,14;
14,12;
13,11;
11,13;
13,12;
12,13;
13,14;
14,13;
14,12;
12,14;
14,13;
13,14;
14,15;
15,14;
15,14;
14,15;
15,16;
16,15;
15,25;
25,15;
16,15;
15,16;
16,17;
17,16;
16,25;
25,16;
16,26;
26,16;
17,16;
16,17;
17,18;
18,17;
17,19;
19,17;
17,25;
25,17;
17,26;
26,17;
18,17;
17,18;
18,19;
19,18;
18,20;
20,18;
19,17;
17,19;
19,18;
18,19;
19,20;
20,19;
20,18;
18,20;
20,19;
19,20;
20,21;
21,20;
20,27;
27,20;
20,28;
28,20;
21,20;
20,21;
21,22;
22,21;
21,27;
27,21;
21,28;
28,21;
22,21;
21,22;
22,27;
27,22;
22,28;
28,22;
23,7;
7,23;
23,8;
8,23;
23,24;
24,23;
24,7;
7,24;
24,8;
8,24;
24,9;
9,24;
24,23;
23,24;
25,15;
15,25;
25,16;
16,25;
25,17;
17,25;
25,26;
26,25;
26,16;
16,26;
26,17;
17,26;
26,25;
25,26;
27,20;
20,27;
27,21;
21,27;
27,22;
22,27;
27,28;
28,27;
28,20;
20,28;
28,21;
21,28;
28,22;
22,28;
28,27;
27,28;
}
label = {
1,1;
2,1;
3,1;
4,1;
5,1;
6,1;
7,1;
8,1;
9,1;
10,1;
11,1;
12,1;
13,1;
14,1;
15,1;
16,1;
17,1;
18,1;
19,1;
20,1;
21,1;
22,1;
23,2;
24,2;
25,2;
26,2;
27,2;
28,2;
}