edge = {
1,2;
2,1;
1,19;
19,1;
2,1;
1,2;
2,3;
3,2;
2,18;
18,2;
2,36;
36,2;
3,2;
2,3;
3,4;
4,3;
3,5;
5,3;
3,19;
19,3;
4,3;
3,4;
4,5;
5,4;
4,6;
6,4;
4,20;
20,4;
5,3;
3,5;
5,4;
4,5;
5,6;
6,5;
5,20;
20,5;
5,21;
21,5;
6,4;
4,6;
6,5;
5,6;
6,7;
7,6;
6,24;
24,6;
7,6;
6,7;
7,8;
8,7;
7,23;
23,7;
7,25;
25,7;
8,7;
7,8;
8,24;
24,8;
8,37;
37,8;
9,10;
10,9;
9,27;
27,9;
9,37;
37,9;
9,45;
45,9;
10,9;
9,10;
10,11;
11,10;
10,26;
26,10;
10,39;
39,10;
11,10;
10,11;
11,12;
12,11;
11,40;
40,11;
11,41;
41,11;
12,11;
11,12;
12,13;
13,12;
12,30;
30,12;
12,42;
42,12;
13,12;
12,13;
13,14;
14,13;
13,31;
31,13;
14,13;
13,14;
14,15;
15,14;
15,14;
14,15;
15,16;
16,15;
15,33;
33,15;
15,34;
34,15;
15,38;
38,15;
16,15;
15,16;
16,17;
17,16;
16,38;
38,16;
17,16;
16,17;
17,33;
33,17;
17,34;
34,17;
18,2;
2,18;
18,19;
19,18;
18,44;
44,18;
19,1;
1,19;
19,3;
3,19;
19,18;
18,19;
19,20;
20,19;
20,4;
4,20;
20,5;
5,20;
20,19;
19,20;
20,21;
21,20;
21,5;
5,21;
21,20;
20,21;
21,22;
22,21;
22,21;
21,22;
22,23;
23,22;
23,7;
7,23;
23,22;
22,23;
23,24;
24,23;
24,6;
6,24;
24,8;
8,24;
24,23;
23,24;
24,25;
25,24;
25,7;
7,25;
25,24;
24,25;
25,45;
45,25;
26,10;
10,26;
26,27;
27,26;
26,37;
37,26;
26,45;
45,26;
27,9;
9,27;
27,26;
26,27;
27,39;
39,27;
27,47;
47,27;
28,40;
40,28;
28,48;
48,28;
28,49;
49,28;
29,30;
30,29;
29,42;
42,29;
29,50;
50,29;
30,12;
12,30;
30,29;
29,30;
30,31;
31,30;
31,13;
13,31;
31,30;
30,31;
31,32;
32,31;
32,31;
31,32;
32,33;
33,32;
32,38;
38,32;
32,46;
46,32;
33,15;
15,33;
33,17;
17,33;
33,32;
32,33;
33,34;
34,33;
33,38;
38,33;
33,46;
46,33;
34,15;
15,34;
34,17;
17,34;
34,33;
33,34;
35,36;
36,35;
35,44;
44,35;
36,2;
2,36;
36,35;
35,36;
36,43;
43,36;
37,8;
8,37;
37,9;
9,37;
37,26;
26,37;
38,15;
15,38;
38,16;
16,38;
38,32;
32,38;
38,33;
33,38;
39,10;
10,39;
39,27;
27,39;
39,40;
40,39;
39,48;
48,39;
40,11;
11,40;
40,28;
28,40;
40,39;
39,40;
40,47;
47,40;
41,11;
11,41;
41,42;
42,41;
41,50;
50,41;
42,12;
12,42;
42,29;
29,42;
42,41;
41,42;
42,49;
49,42;
42,50;
50,42;
43,36;
36,43;
43,44;
44,43;
44,18;
18,44;
44,35;
35,44;
44,43;
43,44;
45,9;
9,45;
45,25;
25,45;
45,26;
26,45;
46,32;
32,46;
46,33;
33,46;
47,27;
27,47;
47,40;
40,47;
47,48;
48,47;
48,28;
28,48;
48,39;
39,48;
48,47;
47,48;
49,28;
28,49;
49,42;
42,49;
49,50;
50,49;
50,29;
29,50;
50,41;
41,50;
50,42;
42,50;
50,49;
49,50;
}
label = {
1,1;
2,1;
3,1;
4,1;
5,1;
6,1;
7,1;
8,1;
9,1;
10,1;
11,1;
12,1;
13,1;
14,1;
15,1;
16,1;
17,1;
18,1;
19,1;
20,1;
21,1;
22,1;
23,1;
24,1;
25,1;
26,1;
27,1;
28,1;
29,1;
30,1;
31,1;
32,1;
33,1;
34,1;
35,2;
36,2;
37,2;
38,2;
39,2;
40,2;
41,2;
42,2;
43,2;
44,2;
45,2;
46,2;
47,2;
48,2;
49,2;
50,2;
}