edge = {
1,2;
2,1;
1,9;
9,1;
2,1;
1,2;
2,3;
3,2;
2,8;
8,2;
3,2;
2,3;
3,4;
4,3;
3,11;
11,3;
4,3;
3,4;
4,5;
5,4;
4,10;
10,4;
4,12;
12,4;
5,4;
4,5;
5,11;
11,5;
5,15;
15,5;
6,7;
7,6;
6,14;
14,6;
6,32;
32,6;
6,33;
33,6;
7,6;
6,7;
7,13;
13,7;
7,14;
14,7;
7,26;
26,7;
7,27;
27,7;
8,2;
2,8;
8,9;
9,8;
9,1;
1,9;
9,8;
8,9;
9,10;
10,9;
10,4;
4,10;
10,9;
9,10;
10,11;
11,10;
11,3;
3,11;
11,5;
5,11;
11,10;
10,11;
11,12;
12,11;
12,4;
4,12;
12,11;
11,12;
12,34;
34,12;
13,7;
7,13;
13,14;
14,13;
13,32;
32,13;
13,51;
51,13;
13,52;
52,13;
14,6;
6,14;
14,7;
7,14;
14,13;
13,14;
14,45;
45,14;
14,46;
46,14;
15,5;
5,15;
15,17;
17,15;
15,36;
36,15;
16,31;
31,16;
16,50;
50,16;
17,15;
15,17;
17,23;
23,17;
17,28;
28,17;
17,34;
34,17;
18,19;
19,18;
18,24;
24,18;
18,29;
29,18;
19,18;
18,19;
19,25;
25,19;
19,30;
30,19;
20,21;
21,20;
20,33;
33,20;
20,40;
40,20;
20,52;
52,20;
21,20;
20,21;
21,22;
22,21;
21,39;
39,21;
22,21;
21,22;
22,27;
27,22;
23,17;
17,23;
23,28;
28,23;
23,36;
36,23;
24,18;
18,24;
24,29;
29,24;
24,32;
32,24;
24,37;
37,24;
24,51;
51,24;
25,19;
19,25;
25,28;
28,25;
25,30;
30,25;
25,38;
38,25;
25,49;
49,25;
26,7;
7,26;
26,31;
31,26;
26,50;
50,26;
27,7;
7,27;
27,22;
22,27;
28,17;
17,28;
28,23;
23,28;
28,25;
25,28;
28,36;
36,28;
29,18;
18,29;
29,24;
24,29;
29,32;
32,29;
29,37;
37,29;
29,51;
51,29;
30,19;
19,30;
30,25;
25,30;
30,38;
38,30;
30,44;
44,30;
31,16;
16,31;
31,26;
26,31;
31,35;
35,31;
31,45;
45,31;
32,6;
6,32;
32,13;
13,32;
32,24;
24,32;
32,29;
29,32;
33,6;
6,33;
33,20;
20,33;
33,39;
39,33;
33,52;
52,33;
34,12;
12,34;
34,17;
17,34;
34,36;
36,34;
35,31;
31,35;
35,50;
50,35;
36,15;
15,36;
36,23;
23,36;
36,28;
28,36;
36,34;
34,36;
36,42;
42,36;
37,24;
24,37;
37,29;
29,37;
37,38;
38,37;
37,43;
43,37;
38,25;
25,38;
38,30;
30,38;
38,37;
37,38;
38,44;
44,38;
39,21;
21,39;
39,33;
33,39;
39,40;
40,39;
39,52;
52,39;
40,20;
20,40;
40,39;
39,40;
40,41;
41,40;
41,40;
40,41;
41,46;
46,41;
42,36;
36,42;
42,47;
47,42;
43,37;
37,43;
43,48;
48,43;
44,30;
30,44;
44,38;
38,44;
44,49;
49,44;
45,14;
14,45;
45,31;
31,45;
45,50;
50,45;
46,14;
14,46;
46,41;
41,46;
47,42;
42,47;
47,49;
49,47;
48,43;
43,48;
48,51;
51,48;
49,25;
25,49;
49,44;
44,49;
49,47;
47,49;
50,16;
16,50;
50,26;
26,50;
50,35;
35,50;
50,45;
45,50;
51,13;
13,51;
51,24;
24,51;
51,29;
29,51;
51,48;
48,51;
52,13;
13,52;
52,20;
20,52;
52,33;
33,52;
52,39;
39,52;
}
label = {
1,1;
2,1;
3,1;
4,1;
5,1;
6,1;
7,1;
8,1;
9,1;
10,1;
11,1;
12,1;
13,1;
14,1;
15,2;
16,2;
17,2;
18,2;
19,2;
20,2;
21,2;
22,2;
23,2;
24,2;
25,2;
26,2;
27,2;
28,2;
29,2;
30,2;
31,2;
32,2;
33,2;
34,2;
35,2;
36,2;
37,2;
38,2;
39,2;
40,2;
41,2;
42,2;
43,2;
44,2;
45,2;
46,2;
47,2;
48,2;
49,2;
50,2;
51,2;
52,2;
}