edge = {
1,2;
2,1;
1,9;
9,1;
2,1;
1,2;
2,3;
3,2;
2,8;
8,2;
3,2;
2,3;
3,4;
4,3;
3,11;
11,3;
4,3;
3,4;
4,5;
5,4;
4,10;
10,4;
4,12;
12,4;
5,4;
4,5;
5,11;
11,5;
5,15;
15,5;
6,7;
7,6;
6,14;
14,6;
6,20;
20,6;
6,29;
29,6;
7,6;
6,7;
7,13;
13,7;
7,14;
14,7;
7,26;
26,7;
7,27;
27,7;
8,2;
2,8;
8,9;
9,8;
9,1;
1,9;
9,8;
8,9;
9,10;
10,9;
10,4;
4,10;
10,9;
9,10;
10,11;
11,10;
11,3;
3,11;
11,5;
5,11;
11,10;
10,11;
11,12;
12,11;
12,4;
4,12;
12,11;
11,12;
12,32;
32,12;
13,7;
7,13;
13,14;
14,13;
13,24;
24,13;
13,37;
37,13;
13,46;
46,13;
14,6;
6,14;
14,7;
7,14;
14,13;
13,14;
14,43;
43,14;
14,44;
44,14;
15,5;
5,15;
15,17;
17,15;
15,34;
34,15;
16,31;
31,16;
16,48;
48,16;
17,15;
15,17;
17,23;
23,17;
17,28;
28,17;
17,32;
32,17;
18,19;
19,18;
18,24;
24,18;
18,29;
29,18;
19,18;
18,19;
19,25;
25,19;
19,30;
30,19;
20,6;
6,20;
20,21;
21,20;
20,38;
38,20;
21,20;
20,21;
21,22;
22,21;
21,37;
37,21;
22,21;
21,22;
22,27;
27,22;
23,17;
17,23;
23,28;
28,23;
23,30;
30,23;
23,34;
34,23;
24,13;
13,24;
24,18;
18,24;
24,29;
29,24;
24,35;
35,24;
25,19;
19,25;
25,30;
30,25;
25,36;
36,25;
25,47;
47,25;
26,7;
7,26;
26,31;
31,26;
26,48;
48,26;
27,7;
7,27;
27,22;
22,27;
28,17;
17,28;
28,23;
23,28;
28,34;
34,28;
29,6;
6,29;
29,18;
18,29;
29,24;
24,29;
29,35;
35,29;
30,19;
19,30;
30,23;
23,30;
30,25;
25,30;
30,36;
36,30;
30,42;
42,30;
31,16;
16,31;
31,26;
26,31;
31,33;
33,31;
31,43;
43,31;
31,48;
48,31;
32,12;
12,32;
32,17;
17,32;
32,34;
34,32;
33,31;
31,33;
33,48;
48,33;
34,15;
15,34;
34,23;
23,34;
34,28;
28,34;
34,32;
32,34;
34,40;
40,34;
35,24;
24,35;
35,29;
29,35;
35,36;
36,35;
35,41;
41,35;
36,25;
25,36;
36,30;
30,36;
36,35;
35,36;
36,47;
47,36;
37,13;
13,37;
37,21;
21,37;
37,38;
38,37;
38,20;
20,38;
38,37;
37,38;
38,39;
39,38;
39,38;
38,39;
39,44;
44,39;
40,34;
34,40;
40,45;
45,40;
41,35;
35,41;
41,46;
46,41;
42,30;
30,42;
42,45;
45,42;
42,47;
47,42;
43,14;
14,43;
43,31;
31,43;
43,48;
48,43;
44,14;
14,44;
44,39;
39,44;
45,40;
40,45;
45,42;
42,45;
46,13;
13,46;
46,41;
41,46;
47,25;
25,47;
47,36;
36,47;
47,42;
42,47;
48,16;
16,48;
48,26;
26,48;
48,31;
31,48;
48,33;
33,48;
48,43;
43,48;
}
label = {
1,1;
2,1;
3,1;
4,1;
5,1;
6,1;
7,1;
8,1;
9,1;
10,1;
11,1;
12,1;
13,1;
14,1;
15,2;
16,2;
17,2;
18,2;
19,2;
20,2;
21,2;
22,2;
23,2;
24,2;
25,2;
26,2;
27,2;
28,2;
29,2;
30,2;
31,2;
32,2;
33,2;
34,2;
35,2;
36,2;
37,2;
38,2;
39,2;
40,2;
41,2;
42,2;
43,2;
44,2;
45,2;
46,2;
47,2;
48,2;
}