edge = {
1,2;
2,1;
1,22;
22,1;
1,24;
24,1;
2,1;
1,2;
2,22;
22,2;
2,24;
24,2;
3,4;
4,3;
3,5;
5,3;
3,6;
6,3;
3,18;
18,3;
3,23;
23,3;
4,3;
3,4;
4,5;
5,4;
4,6;
6,4;
4,19;
19,4;
5,3;
3,5;
5,4;
4,5;
5,6;
6,5;
6,3;
3,6;
6,4;
4,6;
6,5;
5,6;
6,20;
20,6;
7,8;
8,7;
7,9;
9,7;
7,28;
28,7;
8,7;
7,8;
8,9;
9,8;
8,27;
27,8;
8,28;
28,8;
9,7;
7,9;
9,8;
8,9;
9,10;
10,9;
9,27;
27,9;
10,9;
9,10;
10,27;
27,10;
10,31;
31,10;
10,39;
39,10;
11,12;
12,11;
11,13;
13,11;
11,14;
14,11;
11,34;
34,11;
11,35;
35,11;
12,11;
11,12;
12,13;
13,12;
12,14;
14,12;
12,34;
34,12;
13,11;
11,13;
13,12;
12,13;
13,14;
14,13;
13,33;
33,13;
14,11;
11,14;
14,12;
12,14;
14,13;
13,14;
14,33;
33,14;
15,32;
32,15;
15,33;
33,15;
15,40;
40,15;
16,17;
17,16;
16,18;
18,16;
16,23;
23,16;
16,24;
24,16;
17,16;
16,17;
17,22;
22,17;
17,24;
24,17;
18,3;
3,18;
18,16;
16,18;
18,19;
19,18;
18,23;
23,18;
19,4;
4,19;
19,18;
18,19;
19,20;
20,19;
19,23;
23,19;
20,6;
6,20;
20,19;
19,20;
20,21;
21,20;
20,25;
25,20;
20,26;
26,20;
21,20;
20,21;
21,25;
25,21;
21,26;
26,21;
22,1;
1,22;
22,2;
2,22;
22,17;
17,22;
22,24;
24,22;
23,3;
3,23;
23,16;
16,23;
23,18;
18,23;
23,19;
19,23;
24,1;
1,24;
24,2;
2,24;
24,16;
16,24;
24,17;
17,24;
24,22;
22,24;
25,20;
20,25;
25,21;
21,25;
25,26;
26,25;
26,20;
20,26;
26,21;
21,26;
26,25;
25,26;
27,8;
8,27;
27,9;
9,27;
27,10;
10,27;
27,28;
28,27;
27,31;
31,27;
27,39;
39,27;
28,7;
7,28;
28,8;
8,28;
28,27;
27,28;
29,32;
32,29;
29,33;
33,29;
29,40;
40,29;
30,37;
37,30;
30,38;
38,30;
30,41;
41,30;
30,42;
42,30;
31,10;
10,31;
31,27;
27,31;
31,36;
36,31;
31,39;
39,31;
32,15;
15,32;
32,29;
29,32;
32,33;
33,32;
32,40;
40,32;
33,13;
13,33;
33,14;
14,33;
33,15;
15,33;
33,29;
29,33;
33,32;
32,33;
33,40;
40,33;
34,11;
11,34;
34,12;
12,34;
34,35;
35,34;
34,42;
42,34;
35,11;
11,35;
35,34;
34,35;
35,41;
41,35;
35,42;
42,35;
36,31;
31,36;
36,37;
37,36;
36,39;
39,36;
37,30;
30,37;
37,36;
36,37;
37,38;
38,37;
37,41;
41,37;
38,30;
30,38;
38,37;
37,38;
38,41;
41,38;
39,10;
10,39;
39,27;
27,39;
39,31;
31,39;
39,36;
36,39;
40,15;
15,40;
40,29;
29,40;
40,32;
32,40;
40,33;
33,40;
41,30;
30,41;
41,35;
35,41;
41,37;
37,41;
41,38;
38,41;
41,42;
42,41;
42,30;
30,42;
42,34;
34,42;
42,35;
35,42;
42,41;
41,42;
}
label = {
1,1;
2,1;
3,1;
4,1;
5,1;
6,1;
7,1;
8,1;
9,1;
10,1;
11,1;
12,1;
13,1;
14,1;
15,1;
16,2;
17,2;
18,2;
19,2;
20,2;
21,2;
22,2;
23,2;
24,2;
25,2;
26,2;
27,2;
28,2;
29,2;
30,2;
31,2;
32,2;
33,2;
34,2;
35,2;
36,2;
37,2;
38,2;
39,2;
40,2;
41,2;
42,2;
}