edge = {
1,2;
2,1;
1,21;
21,1;
1,23;
23,1;
2,1;
1,2;
2,21;
21,2;
2,23;
23,2;
3,4;
4,3;
3,5;
5,3;
3,18;
18,3;
4,3;
3,4;
4,5;
5,4;
4,18;
18,4;
5,3;
3,5;
5,4;
4,5;
5,19;
19,5;
6,7;
7,6;
6,8;
8,6;
6,28;
28,6;
6,29;
29,6;
7,6;
6,7;
7,8;
8,7;
7,28;
28,7;
7,29;
29,7;
8,6;
6,8;
8,7;
7,8;
8,9;
9,8;
8,28;
28,8;
9,8;
8,9;
9,28;
28,9;
9,32;
32,9;
9,40;
40,9;
10,11;
11,10;
10,12;
12,10;
10,13;
13,10;
10,35;
35,10;
10,36;
36,10;
11,10;
10,11;
11,12;
12,11;
11,13;
13,11;
11,35;
35,11;
12,10;
10,12;
12,11;
11,12;
12,13;
13,12;
12,34;
34,12;
13,10;
10,13;
13,11;
11,13;
13,12;
12,13;
13,34;
34,13;
14,33;
33,14;
14,34;
34,14;
14,41;
41,14;
15,16;
16,15;
15,22;
22,15;
15,23;
23,15;
15,25;
25,15;
16,15;
15,16;
16,21;
21,16;
16,23;
23,16;
17,18;
18,17;
17,25;
25,17;
17,26;
26,17;
18,3;
3,18;
18,4;
4,18;
18,17;
17,18;
18,25;
25,18;
18,26;
26,18;
19,5;
5,19;
19,20;
20,19;
19,24;
24,19;
19,27;
27,19;
20,19;
19,20;
20,24;
24,20;
20,27;
27,20;
21,1;
1,21;
21,2;
2,21;
21,16;
16,21;
21,23;
23,21;
22,15;
15,22;
22,25;
25,22;
22,26;
26,22;
23,1;
1,23;
23,2;
2,23;
23,15;
15,23;
23,16;
16,23;
23,21;
21,23;
24,19;
19,24;
24,20;
20,24;
24,27;
27,24;
25,15;
15,25;
25,17;
17,25;
25,18;
18,25;
25,22;
22,25;
25,26;
26,25;
26,17;
17,26;
26,18;
18,26;
26,22;
22,26;
26,25;
25,26;
27,19;
19,27;
27,20;
20,27;
27,24;
24,27;
28,6;
6,28;
28,7;
7,28;
28,8;
8,28;
28,9;
9,28;
28,29;
29,28;
28,32;
32,28;
28,40;
40,28;
29,6;
6,29;
29,7;
7,29;
29,28;
28,29;
30,33;
33,30;
30,34;
34,30;
30,41;
41,30;
31,38;
38,31;
31,39;
39,31;
31,42;
42,31;
31,43;
43,31;
32,9;
9,32;
32,28;
28,32;
32,37;
37,32;
32,40;
40,32;
33,14;
14,33;
33,30;
30,33;
33,34;
34,33;
33,41;
41,33;
34,12;
12,34;
34,13;
13,34;
34,14;
14,34;
34,30;
30,34;
34,33;
33,34;
34,41;
41,34;
35,10;
10,35;
35,11;
11,35;
35,36;
36,35;
35,43;
43,35;
36,10;
10,36;
36,35;
35,36;
36,42;
42,36;
36,43;
43,36;
37,32;
32,37;
37,38;
38,37;
37,40;
40,37;
38,31;
31,38;
38,37;
37,38;
38,39;
39,38;
38,42;
42,38;
39,31;
31,39;
39,38;
38,39;
39,42;
42,39;
40,9;
9,40;
40,28;
28,40;
40,32;
32,40;
40,37;
37,40;
41,14;
14,41;
41,30;
30,41;
41,33;
33,41;
41,34;
34,41;
42,31;
31,42;
42,36;
36,42;
42,38;
38,42;
42,39;
39,42;
42,43;
43,42;
43,31;
31,43;
43,35;
35,43;
43,36;
36,43;
43,42;
42,43;
}
label = {
1,1;
2,1;
3,1;
4,1;
5,1;
6,1;
7,1;
8,1;
9,1;
10,1;
11,1;
12,1;
13,1;
14,1;
15,2;
16,2;
17,2;
18,2;
19,2;
20,2;
21,2;
22,2;
23,2;
24,2;
25,2;
26,2;
27,2;
28,2;
29,2;
30,2;
31,2;
32,2;
33,2;
34,2;
35,2;
36,2;
37,2;
38,2;
39,2;
40,2;
41,2;
42,2;
43,2;
}