edge = {
1,2;
2,1;
1,21;
21,1;
1,23;
23,1;
2,1;
1,2;
2,21;
21,2;
2,23;
23,2;
3,4;
4,3;
3,5;
5,3;
3,18;
18,3;
4,3;
3,4;
4,5;
5,4;
4,18;
18,4;
5,3;
3,5;
5,4;
4,5;
5,19;
19,5;
6,7;
7,6;
6,8;
8,6;
6,26;
26,6;
6,27;
27,6;
7,6;
6,7;
7,8;
8,7;
7,26;
26,7;
7,27;
27,7;
8,6;
6,8;
8,7;
7,8;
8,9;
9,8;
8,26;
26,8;
9,8;
8,9;
9,26;
26,9;
9,30;
30,9;
9,38;
38,9;
10,11;
11,10;
10,12;
12,10;
10,13;
13,10;
10,33;
33,10;
10,34;
34,10;
11,10;
10,11;
11,12;
12,11;
11,13;
13,11;
11,33;
33,11;
12,10;
10,12;
12,11;
11,12;
12,13;
13,12;
12,32;
32,12;
13,10;
10,13;
13,11;
11,13;
13,12;
12,13;
13,32;
32,13;
14,31;
31,14;
14,32;
32,14;
14,39;
39,14;
15,16;
16,15;
15,17;
17,15;
15,22;
22,15;
15,23;
23,15;
16,15;
15,16;
16,21;
21,16;
16,23;
23,16;
17,15;
15,17;
17,18;
18,17;
17,22;
22,17;
18,3;
3,18;
18,4;
4,18;
18,17;
17,18;
18,19;
19,18;
18,22;
22,18;
19,5;
5,19;
19,18;
18,19;
19,20;
20,19;
19,24;
24,19;
19,25;
25,19;
20,19;
19,20;
20,24;
24,20;
20,25;
25,20;
21,1;
1,21;
21,2;
2,21;
21,16;
16,21;
21,23;
23,21;
22,15;
15,22;
22,17;
17,22;
22,18;
18,22;
23,1;
1,23;
23,2;
2,23;
23,15;
15,23;
23,16;
16,23;
23,21;
21,23;
24,19;
19,24;
24,20;
20,24;
24,25;
25,24;
25,19;
19,25;
25,20;
20,25;
25,24;
24,25;
26,6;
6,26;
26,7;
7,26;
26,8;
8,26;
26,9;
9,26;
26,27;
27,26;
26,30;
30,26;
26,38;
38,26;
27,6;
6,27;
27,7;
7,27;
27,26;
26,27;
28,31;
31,28;
28,32;
32,28;
28,39;
39,28;
29,36;
36,29;
29,37;
37,29;
29,40;
40,29;
29,41;
41,29;
30,9;
9,30;
30,26;
26,30;
30,35;
35,30;
30,38;
38,30;
31,14;
14,31;
31,28;
28,31;
31,32;
32,31;
31,39;
39,31;
32,12;
12,32;
32,13;
13,32;
32,14;
14,32;
32,28;
28,32;
32,31;
31,32;
32,39;
39,32;
33,10;
10,33;
33,11;
11,33;
33,34;
34,33;
33,41;
41,33;
34,10;
10,34;
34,33;
33,34;
34,40;
40,34;
34,41;
41,34;
35,30;
30,35;
35,36;
36,35;
35,38;
38,35;
36,29;
29,36;
36,35;
35,36;
36,37;
37,36;
36,40;
40,36;
37,29;
29,37;
37,36;
36,37;
37,40;
40,37;
38,9;
9,38;
38,26;
26,38;
38,30;
30,38;
38,35;
35,38;
39,14;
14,39;
39,28;
28,39;
39,31;
31,39;
39,32;
32,39;
40,29;
29,40;
40,34;
34,40;
40,36;
36,40;
40,37;
37,40;
40,41;
41,40;
41,29;
29,41;
41,33;
33,41;
41,34;
34,41;
41,40;
40,41;
}
label = {
1,1;
2,1;
3,1;
4,1;
5,1;
6,1;
7,1;
8,1;
9,1;
10,1;
11,1;
12,1;
13,1;
14,1;
15,2;
16,2;
17,2;
18,2;
19,2;
20,2;
21,2;
22,2;
23,2;
24,2;
25,2;
26,2;
27,2;
28,2;
29,2;
30,2;
31,2;
32,2;
33,2;
34,2;
35,2;
36,2;
37,2;
38,2;
39,2;
40,2;
41,2;
}