edge = {
1,2;
2,1;
1,3;
3,1;
1,20;
20,1;
1,23;
23,1;
2,1;
1,2;
2,3;
3,2;
2,4;
4,2;
2,22;
22,2;
2,23;
23,2;
3,1;
1,3;
3,2;
2,3;
3,4;
4,3;
3,24;
24,3;
3,28;
28,3;
4,2;
2,4;
4,3;
3,4;
4,17;
17,4;
4,18;
18,4;
5,6;
6,5;
5,7;
7,5;
5,8;
8,5;
5,34;
34,5;
6,5;
5,6;
6,7;
7,6;
6,8;
8,6;
6,12;
12,6;
7,5;
5,7;
7,6;
6,7;
7,8;
8,7;
7,9;
9,7;
7,13;
13,7;
8,5;
5,8;
8,6;
6,8;
8,7;
7,8;
8,9;
9,8;
8,33;
33,8;
9,7;
7,9;
9,8;
8,9;
9,10;
10,9;
9,29;
29,9;
9,39;
39,9;
10,9;
9,10;
10,19;
19,10;
10,31;
31,10;
11,20;
20,11;
11,22;
22,11;
11,23;
23,11;
12,6;
6,12;
12,25;
25,12;
12,26;
26,12;
12,34;
34,12;
13,7;
7,13;
13,21;
21,13;
13,25;
25,13;
13,33;
33,13;
14,16;
16,14;
14,35;
35,14;
14,36;
36,14;
14,37;
37,14;
15,17;
17,15;
15,27;
27,15;
15,35;
35,15;
15,36;
36,15;
16,14;
14,16;
16,34;
34,16;
16,37;
37,16;
17,4;
4,17;
17,15;
15,17;
17,18;
18,17;
17,27;
27,17;
17,28;
28,17;
18,4;
4,18;
18,17;
17,18;
18,27;
27,18;
18,28;
28,18;
19,10;
10,19;
19,29;
29,19;
19,31;
31,19;
19,39;
39,19;
20,1;
1,20;
20,11;
11,20;
20,22;
22,20;
20,23;
23,20;
21,13;
13,21;
21,25;
25,21;
21,26;
26,21;
22,2;
2,22;
22,11;
11,22;
22,20;
20,22;
22,23;
23,22;
22,24;
24,22;
22,28;
28,22;
23,1;
1,23;
23,2;
2,23;
23,11;
11,23;
23,20;
20,23;
23,22;
22,23;
23,24;
24,23;
24,3;
3,24;
24,22;
22,24;
24,23;
23,24;
24,28;
28,24;
25,12;
12,25;
25,13;
13,25;
25,21;
21,25;
25,26;
26,25;
26,12;
12,26;
26,21;
21,26;
26,25;
25,26;
27,15;
15,27;
27,17;
17,27;
27,18;
18,27;
27,36;
36,27;
28,3;
3,28;
28,17;
17,28;
28,18;
18,28;
28,22;
22,28;
28,24;
24,28;
29,9;
9,29;
29,19;
19,29;
29,30;
30,29;
29,31;
31,29;
29,39;
39,29;
30,29;
29,30;
30,32;
32,30;
30,38;
38,30;
31,10;
10,31;
31,19;
19,31;
31,29;
29,31;
31,39;
39,31;
32,30;
30,32;
32,33;
33,32;
32,38;
38,32;
33,8;
8,33;
33,13;
13,33;
33,32;
32,33;
33,38;
38,33;
34,5;
5,34;
34,12;
12,34;
34,16;
16,34;
34,37;
37,34;
35,14;
14,35;
35,15;
15,35;
35,36;
36,35;
35,37;
37,35;
36,14;
14,36;
36,15;
15,36;
36,27;
27,36;
36,35;
35,36;
37,14;
14,37;
37,16;
16,37;
37,34;
34,37;
37,35;
35,37;
38,30;
30,38;
38,32;
32,38;
38,33;
33,38;
39,9;
9,39;
39,19;
19,39;
39,29;
29,39;
39,31;
31,39;
}
label = {
1,1;
2,1;
3,1;
4,1;
5,1;
6,1;
7,1;
8,1;
9,1;
10,1;
11,2;
12,2;
13,2;
14,2;
15,2;
16,2;
17,2;
18,2;
19,2;
20,2;
21,2;
22,2;
23,2;
24,2;
25,2;
26,2;
27,2;
28,2;
29,2;
30,2;
31,2;
32,2;
33,2;
34,2;
35,2;
36,2;
37,2;
38,2;
39,2;
}