edge = {
1,15;
15,1;
1,18;
18,1;
1,42;
42,1;
2,19;
19,2;
2,22;
22,2;
2,43;
43,2;
3,24;
24,3;
3,27;
27,3;
3,36;
36,3;
3,51;
51,3;
4,5;
5,4;
4,28;
28,4;
4,37;
37,4;
5,4;
4,5;
5,31;
31,5;
5,55;
55,5;
6,7;
7,6;
6,23;
23,6;
6,32;
32,6;
7,6;
6,7;
7,38;
38,7;
7,62;
62,7;
8,15;
15,8;
8,18;
18,8;
8,39;
39,8;
8,42;
42,8;
9,19;
19,9;
9,22;
22,9;
9,43;
43,9;
9,46;
46,9;
10,27;
27,10;
10,36;
36,10;
10,48;
48,10;
10,51;
51,10;
10,60;
60,10;
11,12;
12,11;
11,28;
28,11;
11,37;
37,11;
11,52;
52,11;
11,61;
61,11;
12,11;
11,12;
12,31;
31,12;
12,55;
55,12;
13,14;
14,13;
13,23;
23,13;
13,32;
32,13;
13,56;
56,13;
14,13;
13,14;
14,62;
62,14;
15,1;
1,15;
15,8;
8,15;
15,16;
16,15;
15,18;
18,15;
15,40;
40,15;
15,42;
42,15;
16,15;
15,16;
16,17;
17,16;
16,39;
39,16;
17,16;
16,17;
17,19;
19,17;
17,43;
43,17;
18,1;
1,18;
18,8;
8,18;
18,15;
15,18;
18,39;
39,18;
19,2;
2,19;
19,9;
9,19;
19,17;
17,19;
19,41;
41,19;
20,21;
21,20;
20,27;
27,20;
20,45;
45,20;
21,20;
20,21;
21,22;
22,21;
21,44;
44,21;
21,46;
46,21;
22,2;
2,22;
22,9;
9,22;
22,21;
21,22;
22,45;
45,22;
23,6;
6,23;
23,13;
13,23;
23,29;
29,23;
23,32;
32,23;
23,38;
38,23;
23,62;
62,23;
24,3;
3,24;
24,33;
33,24;
25,33;
33,25;
25,34;
34,25;
26,34;
34,26;
26,35;
35,26;
27,3;
3,27;
27,10;
10,27;
27,20;
20,27;
27,36;
36,27;
28,4;
4,28;
28,11;
11,28;
28,35;
35,28;
28,37;
37,28;
28,61;
61,28;
29,23;
23,29;
29,30;
30,29;
29,54;
54,29;
30,29;
29,30;
30,31;
31,30;
30,53;
53,30;
30,55;
55,30;
31,5;
5,31;
31,12;
12,31;
31,30;
30,31;
31,54;
54,31;
32,6;
6,32;
32,13;
13,32;
32,23;
23,32;
32,38;
38,32;
32,62;
62,32;
33,24;
24,33;
33,25;
25,33;
34,25;
25,34;
34,26;
26,34;
35,26;
26,35;
35,28;
28,35;
36,3;
3,36;
36,10;
10,36;
36,27;
27,36;
37,4;
4,37;
37,11;
11,37;
37,28;
28,37;
37,52;
52,37;
38,7;
7,38;
38,23;
23,38;
38,32;
32,38;
38,62;
62,38;
39,8;
8,39;
39,16;
16,39;
39,18;
18,39;
39,40;
40,39;
39,42;
42,39;
40,15;
15,40;
40,39;
39,40;
40,41;
41,40;
41,19;
19,41;
41,40;
40,41;
41,43;
43,41;
42,1;
1,42;
42,8;
8,42;
42,15;
15,42;
42,39;
39,42;
43,2;
2,43;
43,9;
9,43;
43,17;
17,43;
43,41;
41,43;
44,21;
21,44;
44,45;
45,44;
44,51;
51,44;
45,20;
20,45;
45,22;
22,45;
45,44;
44,45;
45,46;
46,45;
46,9;
9,46;
46,21;
21,46;
46,45;
45,46;
47,53;
53,47;
47,56;
56,47;
48,10;
10,48;
48,57;
57,48;
49,57;
57,49;
49,58;
58,49;
50,58;
58,50;
50,59;
59,50;
51,3;
3,51;
51,10;
10,51;
51,44;
44,51;
51,60;
60,51;
52,11;
11,52;
52,37;
37,52;
52,59;
59,52;
52,61;
61,52;
53,30;
30,53;
53,47;
47,53;
53,54;
54,53;
54,29;
29,54;
54,31;
31,54;
54,53;
53,54;
54,55;
55,54;
55,5;
5,55;
55,12;
12,55;
55,30;
30,55;
55,54;
54,55;
56,13;
13,56;
56,47;
47,56;
57,48;
48,57;
57,49;
49,57;
58,49;
49,58;
58,50;
50,58;
59,50;
50,59;
59,52;
52,59;
60,10;
10,60;
60,51;
51,60;
61,11;
11,61;
61,28;
28,61;
61,52;
52,61;
62,7;
7,62;
62,14;
14,62;
62,23;
23,62;
62,32;
32,62;
62,38;
38,62;
}
label = {
1,1;
2,1;
3,1;
4,1;
5,1;
6,1;
7,1;
8,1;
9,1;
10,1;
11,1;
12,1;
13,1;
14,1;
15,2;
16,2;
17,2;
18,2;
19,2;
20,2;
21,2;
22,2;
23,2;
24,2;
25,2;
26,2;
27,2;
28,2;
29,2;
30,2;
31,2;
32,2;
33,2;
34,2;
35,2;
36,2;
37,2;
38,2;
39,2;
40,2;
41,2;
42,2;
43,2;
44,2;
45,2;
46,2;
47,2;
48,2;
49,2;
50,2;
51,2;
52,2;
53,2;
54,2;
55,2;
56,2;
57,2;
58,2;
59,2;
60,2;
61,2;
62,2;
}