edge = {
1,13;
13,1;
1,16;
16,1;
1,40;
40,1;
2,17;
17,2;
2,20;
20,2;
2,41;
41,2;
3,25;
25,3;
3,31;
31,3;
3,34;
34,3;
3,49;
49,3;
4,5;
5,4;
4,26;
26,4;
4,35;
35,4;
5,4;
4,5;
5,29;
29,5;
5,53;
53,5;
6,21;
21,6;
6,36;
36,6;
6,60;
60,6;
7,13;
13,7;
7,16;
16,7;
7,37;
37,7;
7,40;
40,7;
8,17;
17,8;
8,20;
20,8;
8,41;
41,8;
8,44;
44,8;
9,25;
25,9;
9,34;
34,9;
9,49;
49,9;
9,55;
55,9;
9,58;
58,9;
10,11;
11,10;
10,26;
26,10;
10,35;
35,10;
10,50;
50,10;
10,59;
59,10;
11,10;
10,11;
11,29;
29,11;
11,53;
53,11;
12,21;
21,12;
12,45;
45,12;
12,60;
60,12;
13,1;
1,13;
13,7;
7,13;
13,14;
14,13;
13,16;
16,13;
13,38;
38,13;
13,40;
40,13;
14,13;
13,14;
14,15;
15,14;
14,37;
37,14;
15,14;
14,15;
15,17;
17,15;
15,41;
41,15;
16,1;
1,16;
16,7;
7,16;
16,13;
13,16;
16,37;
37,16;
17,2;
2,17;
17,8;
8,17;
17,15;
15,17;
17,39;
39,17;
18,19;
19,18;
18,25;
25,18;
18,43;
43,18;
19,18;
18,19;
19,20;
20,19;
19,42;
42,19;
19,44;
44,19;
20,2;
2,20;
20,8;
8,20;
20,19;
19,20;
20,43;
43,20;
21,6;
6,21;
21,12;
12,21;
21,30;
30,21;
21,36;
36,21;
21,60;
60,21;
22,23;
23,22;
22,31;
31,22;
23,22;
22,23;
23,32;
32,23;
24,32;
32,24;
24,33;
33,24;
25,3;
3,25;
25,9;
9,25;
25,18;
18,25;
25,34;
34,25;
26,4;
4,26;
26,10;
10,26;
26,35;
35,26;
26,59;
59,26;
27,28;
28,27;
27,30;
30,27;
27,52;
52,27;
28,27;
27,28;
28,29;
29,28;
28,51;
51,28;
28,53;
53,28;
29,5;
5,29;
29,11;
11,29;
29,28;
28,29;
29,52;
52,29;
30,21;
21,30;
30,27;
27,30;
30,36;
36,30;
30,60;
60,30;
31,3;
3,31;
31,22;
22,31;
32,23;
23,32;
32,24;
24,32;
33,24;
24,33;
33,35;
35,33;
34,3;
3,34;
34,9;
9,34;
34,25;
25,34;
35,4;
4,35;
35,10;
10,35;
35,26;
26,35;
35,33;
33,35;
35,50;
50,35;
36,6;
6,36;
36,21;
21,36;
36,30;
30,36;
36,60;
60,36;
37,7;
7,37;
37,14;
14,37;
37,16;
16,37;
37,38;
38,37;
37,40;
40,37;
38,13;
13,38;
38,37;
37,38;
38,39;
39,38;
39,17;
17,39;
39,38;
38,39;
39,41;
41,39;
40,1;
1,40;
40,7;
7,40;
40,13;
13,40;
40,37;
37,40;
41,2;
2,41;
41,8;
8,41;
41,15;
15,41;
41,39;
39,41;
42,19;
19,42;
42,43;
43,42;
42,49;
49,42;
43,18;
18,43;
43,20;
20,43;
43,42;
42,43;
43,44;
44,43;
44,8;
8,44;
44,19;
19,44;
44,43;
43,44;
45,12;
12,45;
45,54;
54,45;
46,55;
55,46;
46,56;
56,46;
47,56;
56,47;
47,57;
57,47;
48,50;
50,48;
48,57;
57,48;
49,3;
3,49;
49,9;
9,49;
49,42;
42,49;
49,58;
58,49;
50,10;
10,50;
50,35;
35,50;
50,48;
48,50;
50,59;
59,50;
51,28;
28,51;
51,52;
52,51;
51,54;
54,51;
52,27;
27,52;
52,29;
29,52;
52,51;
51,52;
52,53;
53,52;
53,5;
5,53;
53,11;
11,53;
53,28;
28,53;
53,52;
52,53;
54,45;
45,54;
54,51;
51,54;
55,9;
9,55;
55,46;
46,55;
56,46;
46,56;
56,47;
47,56;
57,47;
47,57;
57,48;
48,57;
58,9;
9,58;
58,49;
49,58;
59,10;
10,59;
59,26;
26,59;
59,50;
50,59;
60,6;
6,60;
60,12;
12,60;
60,21;
21,60;
60,30;
30,60;
60,36;
36,60;
}
label = {
1,1;
2,1;
3,1;
4,1;
5,1;
6,1;
7,1;
8,1;
9,1;
10,1;
11,1;
12,1;
13,2;
14,2;
15,2;
16,2;
17,2;
18,2;
19,2;
20,2;
21,2;
22,2;
23,2;
24,2;
25,2;
26,2;
27,2;
28,2;
29,2;
30,2;
31,2;
32,2;
33,2;
34,2;
35,2;
36,2;
37,2;
38,2;
39,2;
40,2;
41,2;
42,2;
43,2;
44,2;
45,2;
46,2;
47,2;
48,2;
49,2;
50,2;
51,2;
52,2;
53,2;
54,2;
55,2;
56,2;
57,2;
58,2;
59,2;
60,2;
}