edge = {
1,22;
22,1;
2,33;
33,2;
2,36;
36,2;
3,41;
41,3;
3,44;
44,3;
4,5;
5,4;
4,19;
19,4;
4,40;
40,4;
5,4;
4,5;
5,18;
18,5;
5,37;
37,5;
6,7;
7,6;
6,20;
20,6;
6,21;
21,6;
6,45;
45,6;
7,6;
6,7;
7,20;
20,7;
8,9;
9,8;
8,22;
22,8;
8,46;
46,8;
8,49;
49,8;
9,8;
8,9;
9,50;
50,9;
9,53;
53,9;
10,58;
58,10;
10,61;
61,10;
11,12;
12,11;
11,26;
26,11;
11,57;
57,11;
12,11;
11,12;
12,25;
25,12;
12,54;
54,12;
13,14;
14,13;
13,28;
28,13;
13,62;
62,13;
14,13;
13,14;
14,27;
27,14;
14,28;
28,14;
15,22;
22,15;
15,63;
63,15;
15,66;
66,15;
16,67;
67,16;
16,70;
70,16;
17,75;
75,17;
17,78;
78,17;
18,5;
5,18;
18,19;
19,18;
18,74;
74,18;
19,4;
4,19;
19,18;
18,19;
19,71;
71,19;
20,6;
6,20;
20,7;
7,20;
20,21;
21,20;
20,79;
79,20;
21,6;
6,21;
21,20;
20,21;
22,1;
1,22;
22,8;
8,22;
22,15;
15,22;
22,23;
23,22;
22,80;
80,22;
22,83;
83,22;
23,22;
22,23;
23,84;
84,23;
23,87;
87,23;
24,92;
92,24;
24,95;
95,24;
25,12;
12,25;
25,26;
26,25;
25,91;
91,25;
26,11;
11,26;
26,25;
25,26;
26,88;
88,26;
27,14;
14,27;
27,28;
28,27;
27,96;
96,27;
28,13;
13,28;
28,14;
14,28;
28,27;
27,28;
29,30;
30,29;
29,32;
32,29;
30,29;
29,30;
30,31;
31,30;
31,30;
30,31;
31,33;
33,31;
32,29;
29,32;
33,2;
2,33;
33,31;
31,33;
34,35;
35,34;
34,41;
41,34;
35,34;
34,35;
35,36;
36,35;
36,2;
2,36;
36,35;
35,36;
37,5;
5,37;
37,38;
38,37;
38,37;
37,38;
38,39;
39,38;
39,38;
38,39;
39,45;
45,39;
40,4;
4,40;
40,42;
42,40;
41,3;
3,41;
41,34;
34,41;
42,40;
40,42;
42,43;
43,42;
43,42;
42,43;
43,44;
44,43;
44,3;
3,44;
44,43;
43,44;
45,6;
6,45;
45,39;
39,45;
45,96;
96,45;
46,8;
8,46;
46,47;
47,46;
47,46;
46,47;
47,48;
48,47;
48,47;
47,48;
48,50;
50,48;
49,8;
8,49;
50,9;
9,50;
50,48;
48,50;
51,52;
52,51;
51,58;
58,51;
52,51;
51,52;
52,53;
53,52;
53,9;
9,53;
53,52;
52,53;
54,12;
12,54;
54,55;
55,54;
55,54;
54,55;
55,56;
56,55;
56,55;
55,56;
56,62;
62,56;
57,11;
11,57;
57,59;
59,57;
58,10;
10,58;
58,51;
51,58;
59,57;
57,59;
59,60;
60,59;
60,59;
59,60;
60,61;
61,60;
61,10;
10,61;
61,60;
60,61;
62,13;
13,62;
62,56;
56,62;
62,96;
96,62;
63,15;
15,63;
63,64;
64,63;
64,63;
63,64;
64,65;
65,64;
65,64;
64,65;
65,67;
67,65;
66,15;
15,66;
67,16;
16,67;
67,65;
65,67;
68,69;
69,68;
68,75;
75,68;
69,68;
68,69;
69,70;
70,69;
70,16;
16,70;
70,69;
69,70;
71,19;
19,71;
71,72;
72,71;
72,71;
71,72;
72,73;
73,72;
73,72;
72,73;
73,79;
79,73;
74,18;
18,74;
74,76;
76,74;
75,17;
17,75;
75,68;
68,75;
76,74;
74,76;
76,77;
77,76;
77,76;
76,77;
77,78;
78,77;
78,17;
17,78;
78,77;
77,78;
79,20;
20,79;
79,73;
73,79;
79,96;
96,79;
80,22;
22,80;
80,81;
81,80;
81,80;
80,81;
81,82;
82,81;
82,81;
81,82;
82,84;
84,82;
83,22;
22,83;
84,23;
23,84;
84,82;
82,84;
85,86;
86,85;
85,92;
92,85;
86,85;
85,86;
86,87;
87,86;
87,23;
23,87;
87,86;
86,87;
88,26;
26,88;
88,89;
89,88;
89,88;
88,89;
89,90;
90,89;
90,89;
89,90;
90,96;
96,90;
91,25;
25,91;
91,93;
93,91;
92,24;
24,92;
92,85;
85,92;
93,91;
91,93;
93,94;
94,93;
94,93;
93,94;
94,95;
95,94;
95,24;
24,95;
95,94;
94,95;
96,27;
27,96;
96,45;
45,96;
96,62;
62,96;
96,79;
79,96;
96,90;
90,96;
}
label = {
1,1;
2,1;
3,1;
4,1;
5,1;
6,1;
7,1;
8,1;
9,1;
10,1;
11,1;
12,1;
13,1;
14,1;
15,1;
16,1;
17,1;
18,1;
19,1;
20,1;
21,1;
22,1;
23,1;
24,1;
25,1;
26,1;
27,1;
28,1;
29,2;
30,2;
31,2;
32,2;
33,2;
34,2;
35,2;
36,2;
37,2;
38,2;
39,2;
40,2;
41,2;
42,2;
43,2;
44,2;
45,2;
46,2;
47,2;
48,2;
49,2;
50,2;
51,2;
52,2;
53,2;
54,2;
55,2;
56,2;
57,2;
58,2;
59,2;
60,2;
61,2;
62,2;
63,2;
64,2;
65,2;
66,2;
67,2;
68,2;
69,2;
70,2;
71,2;
72,2;
73,2;
74,2;
75,2;
76,2;
77,2;
78,2;
79,2;
80,2;
81,2;
82,2;
83,2;
84,2;
85,2;
86,2;
87,2;
88,2;
89,2;
90,2;
91,2;
92,2;
93,2;
94,2;
95,2;
96,2;
}