edge = {
1,2;
2,1;
1,9;
9,1;
1,10;
10,1;
2,1;
1,2;
2,9;
9,2;
2,21;
21,2;
2,24;
24,2;
3,4;
4,3;
3,12;
12,3;
3,29;
29,3;
3,32;
32,3;
4,3;
3,4;
4,5;
5,4;
4,13;
13,4;
4,28;
28,4;
5,4;
4,5;
5,12;
12,5;
5,25;
25,5;
6,7;
7,6;
6,8;
8,6;
6,33;
33,6;
7,6;
6,7;
7,8;
8,7;
7,14;
14,7;
7,34;
34,7;
8,6;
6,8;
8,7;
7,8;
8,16;
16,8;
8,35;
35,8;
9,1;
1,9;
9,2;
2,9;
9,10;
10,9;
9,20;
20,9;
9,36;
36,9;
9,39;
39,9;
10,1;
1,10;
10,9;
9,10;
10,21;
21,10;
10,40;
40,10;
10,43;
43,10;
11,29;
29,11;
11,48;
48,11;
11,51;
51,11;
12,3;
3,12;
12,5;
5,12;
12,13;
13,12;
12,47;
47,12;
13,4;
4,13;
13,12;
12,13;
13,44;
44,13;
14,7;
7,14;
14,15;
15,14;
14,33;
33,14;
14,52;
52,14;
15,14;
14,15;
15,16;
16,15;
15,34;
34,15;
15,53;
53,15;
16,8;
8,16;
16,15;
15,16;
16,54;
54,16;
17,18;
18,17;
17,20;
20,17;
17,37;
37,17;
17,39;
39,17;
18,17;
17,18;
18,19;
19,18;
18,36;
36,18;
19,18;
18,19;
19,21;
21,19;
19,40;
40,19;
20,9;
9,20;
20,17;
17,20;
20,36;
36,20;
21,2;
2,21;
21,10;
10,21;
21,19;
19,21;
21,38;
38,21;
22,23;
23,22;
22,29;
29,22;
22,42;
42,22;
23,22;
22,23;
23,24;
24,23;
23,41;
41,23;
23,42;
42,23;
23,43;
43,23;
24,2;
2,24;
24,23;
23,24;
24,42;
42,24;
25,5;
5,25;
25,26;
26,25;
25,45;
45,25;
26,25;
25,26;
26,27;
27,26;
26,44;
44,26;
26,46;
46,26;
27,26;
26,27;
27,33;
33,27;
27,45;
45,27;
27,52;
52,27;
28,4;
4,28;
28,30;
30,28;
28,49;
49,28;
29,3;
3,29;
29,11;
11,29;
29,22;
22,29;
29,32;
32,29;
29,51;
51,29;
30,28;
28,30;
30,31;
31,30;
30,47;
47,30;
31,30;
30,31;
31,32;
32,31;
31,51;
51,31;
32,3;
3,32;
32,29;
29,32;
32,31;
31,32;
32,48;
48,32;
32,50;
50,32;
33,6;
6,33;
33,14;
14,33;
33,27;
27,33;
33,46;
46,33;
34,7;
7,34;
34,15;
15,34;
34,35;
35,34;
34,54;
54,34;
35,8;
8,35;
35,34;
34,35;
35,53;
53,35;
35,54;
54,35;
36,9;
9,36;
36,18;
18,36;
36,20;
20,36;
36,37;
37,36;
36,39;
39,36;
37,17;
17,37;
37,36;
36,37;
37,38;
38,37;
38,21;
21,38;
38,37;
37,38;
38,40;
40,38;
39,9;
9,39;
39,17;
17,39;
39,36;
36,39;
40,10;
10,40;
40,19;
19,40;
40,38;
38,40;
41,23;
23,41;
41,42;
42,41;
41,48;
48,41;
42,22;
22,42;
42,23;
23,42;
42,24;
24,42;
42,41;
41,42;
42,43;
43,42;
43,10;
10,43;
43,23;
23,43;
43,42;
42,43;
44,13;
13,44;
44,26;
26,44;
44,45;
45,44;
45,25;
25,45;
45,27;
27,45;
45,44;
44,45;
45,46;
46,45;
46,26;
26,46;
46,33;
33,46;
46,45;
45,46;
46,52;
52,46;
47,12;
12,47;
47,30;
30,47;
47,49;
49,47;
48,11;
11,48;
48,32;
32,48;
48,41;
41,48;
48,51;
51,48;
49,28;
28,49;
49,47;
47,49;
49,50;
50,49;
50,32;
32,50;
50,49;
49,50;
50,51;
51,50;
51,11;
11,51;
51,29;
29,51;
51,31;
31,51;
51,48;
48,51;
51,50;
50,51;
52,14;
14,52;
52,27;
27,52;
52,46;
46,52;
53,15;
15,53;
53,35;
35,53;
53,54;
54,53;
54,16;
16,54;
54,34;
34,54;
54,35;
35,54;
54,53;
53,54;
}
label = {
1,1;
2,1;
3,1;
4,1;
5,1;
6,1;
7,1;
8,1;
9,1;
10,1;
11,1;
12,1;
13,1;
14,1;
15,1;
16,1;
17,2;
18,2;
19,2;
20,2;
21,2;
22,2;
23,2;
24,2;
25,2;
26,2;
27,2;
28,2;
29,2;
30,2;
31,2;
32,2;
33,2;
34,2;
35,2;
36,2;
37,2;
38,2;
39,2;
40,2;
41,2;
42,2;
43,2;
44,2;
45,2;
46,2;
47,2;
48,2;
49,2;
50,2;
51,2;
52,2;
53,2;
54,2;
}