edge = {
2,7;
7,2;
2,12;
12,2;
2,30;
30,2;
2,34;
34,2;
3,30;
30,3;
3,39;
39,3;
4,26;
26,4;
4,27;
27,4;
4,53;
53,4;
4,79;
79,4;
5,20;
20,5;
5,25;
25,5;
5,29;
29,5;
6,58;
58,6;
6,59;
59,6;
7,2;
2,7;
7,12;
12,7;
7,17;
17,7;
7,56;
56,7;
7,60;
60,7;
8,56;
56,8;
8,65;
65,8;
9,52;
52,9;
9,53;
53,9;
10,20;
20,10;
10,51;
51,10;
10,55;
55,10;
11,84;
84,11;
11,85;
85,11;
12,2;
2,12;
12,7;
7,12;
12,17;
17,12;
12,82;
82,12;
12,86;
86,12;
13,82;
82,13;
13,91;
91,13;
14,78;
78,14;
14,79;
79,14;
15,20;
20,15;
15,77;
77,15;
15,81;
81,15;
16,110;
110,16;
16,111;
111,16;
17,7;
7,17;
17,12;
12,17;
17,108;
108,17;
17,112;
112,17;
18,108;
108,18;
18,117;
117,18;
19,104;
104,19;
19,105;
105,19;
20,5;
5,20;
20,10;
10,20;
20,15;
15,20;
20,103;
103,20;
20,107;
107,20;
21,22;
22,21;
22,21;
21,22;
22,31;
31,22;
23,44;
44,23;
23,46;
46,23;
24,26;
26,24;
24,45;
45,24;
25,5;
5,25;
25,46;
46,25;
26,4;
4,26;
26,24;
24,26;
27,4;
4,27;
27,28;
28,27;
28,27;
27,28;
28,37;
37,28;
29,5;
5,29;
30,2;
2,30;
30,3;
3,30;
31,22;
22,31;
31,32;
32,31;
32,31;
31,32;
32,33;
33,32;
33,32;
32,33;
33,38;
38,33;
34,2;
2,34;
34,40;
40,34;
35,38;
38,35;
35,41;
41,35;
36,40;
40,36;
36,42;
42,36;
37,28;
28,37;
37,43;
43,37;
38,33;
33,38;
38,35;
35,38;
39,3;
3,39;
39,43;
43,39;
39,65;
65,39;
39,91;
91,39;
40,34;
34,40;
40,36;
36,40;
40,92;
92,40;
41,35;
35,41;
41,42;
42,41;
42,36;
36,42;
42,41;
41,42;
43,37;
37,43;
43,39;
39,43;
44,23;
23,44;
44,45;
45,44;
45,24;
24,45;
45,44;
44,45;
46,23;
23,46;
46,25;
25,46;
46,124;
124,46;
47,48;
48,47;
48,47;
47,48;
48,57;
57,48;
49,70;
70,49;
49,72;
72,49;
50,52;
52,50;
50,71;
71,50;
51,10;
10,51;
51,72;
72,51;
52,9;
9,52;
52,50;
50,52;
53,4;
4,53;
53,9;
9,53;
53,54;
54,53;
54,53;
53,54;
54,63;
63,54;
55,10;
10,55;
56,7;
7,56;
56,8;
8,56;
57,48;
48,57;
57,58;
58,57;
58,6;
6,58;
58,57;
57,58;
59,6;
6,59;
59,64;
64,59;
60,7;
7,60;
60,66;
66,60;
61,64;
64,61;
61,67;
67,61;
62,66;
66,62;
62,68;
68,62;
63,54;
54,63;
63,69;
69,63;
64,59;
59,64;
64,61;
61,64;
65,8;
8,65;
65,39;
39,65;
65,69;
69,65;
65,117;
117,65;
66,60;
60,66;
66,62;
62,66;
66,92;
92,66;
67,61;
61,67;
67,68;
68,67;
68,62;
62,68;
68,67;
67,68;
69,63;
63,69;
69,65;
65,69;
70,49;
49,70;
70,71;
71,70;
71,50;
50,71;
71,70;
70,71;
72,49;
49,72;
72,51;
51,72;
72,124;
124,72;
73,74;
74,73;
74,73;
73,74;
74,83;
83,74;
75,96;
96,75;
75,98;
98,75;
76,78;
78,76;
76,97;
97,76;
77,15;
15,77;
77,98;
98,77;
78,14;
14,78;
78,76;
76,78;
79,4;
4,79;
79,14;
14,79;
79,80;
80,79;
80,79;
79,80;
80,89;
89,80;
81,15;
15,81;
82,12;
12,82;
82,13;
13,82;
83,74;
74,83;
83,84;
84,83;
84,11;
11,84;
84,83;
83,84;
85,11;
11,85;
85,90;
90,85;
86,12;
12,86;
86,92;
92,86;
87,90;
90,87;
87,93;
93,87;
88,92;
92,88;
88,94;
94,88;
89,80;
80,89;
89,95;
95,89;
90,85;
85,90;
90,87;
87,90;
91,13;
13,91;
91,39;
39,91;
91,95;
95,91;
91,117;
117,91;
92,40;
40,92;
92,66;
66,92;
92,86;
86,92;
92,88;
88,92;
92,118;
118,92;
93,87;
87,93;
93,94;
94,93;
94,88;
88,94;
94,93;
93,94;
95,89;
89,95;
95,91;
91,95;
96,75;
75,96;
96,97;
97,96;
97,76;
76,97;
97,96;
96,97;
98,75;
75,98;
98,77;
77,98;
98,124;
124,98;
99,100;
100,99;
100,99;
99,100;
100,109;
109,100;
101,122;
122,101;
101,124;
124,101;
102,104;
104,102;
102,123;
123,102;
103,20;
20,103;
103,124;
124,103;
104,19;
19,104;
104,102;
102,104;
105,19;
19,105;
105,106;
106,105;
106,105;
105,106;
106,115;
115,106;
107,20;
20,107;
108,17;
17,108;
108,18;
18,108;
109,100;
100,109;
109,110;
110,109;
110,16;
16,110;
110,109;
109,110;
111,16;
16,111;
111,116;
116,111;
112,17;
17,112;
112,118;
118,112;
113,116;
116,113;
113,119;
119,113;
114,118;
118,114;
114,120;
120,114;
115,106;
106,115;
115,121;
121,115;
116,111;
111,116;
116,113;
113,116;
117,18;
18,117;
117,65;
65,117;
117,91;
91,117;
117,121;
121,117;
118,92;
92,118;
118,112;
112,118;
118,114;
114,118;
119,113;
113,119;
119,120;
120,119;
120,114;
114,120;
120,119;
119,120;
121,115;
115,121;
121,117;
117,121;
122,101;
101,122;
122,123;
123,122;
123,102;
102,123;
123,122;
122,123;
124,46;
46,124;
124,72;
72,124;
124,98;
98,124;
124,101;
101,124;
124,103;
103,124;
}
label = {
1,1;
2,1;
3,1;
4,1;
5,1;
6,1;
7,1;
8,1;
9,1;
10,1;
11,1;
12,1;
13,1;
14,1;
15,1;
16,1;
17,1;
18,1;
19,1;
20,1;
21,2;
22,2;
23,2;
24,2;
25,2;
26,2;
27,2;
28,2;
29,2;
30,2;
31,2;
32,2;
33,2;
34,2;
35,2;
36,2;
37,2;
38,2;
39,2;
40,2;
41,2;
42,2;
43,2;
44,2;
45,2;
46,2;
47,2;
48,2;
49,2;
50,2;
51,2;
52,2;
53,2;
54,2;
55,2;
56,2;
57,2;
58,2;
59,2;
60,2;
61,2;
62,2;
63,2;
64,2;
65,2;
66,2;
67,2;
68,2;
69,2;
70,2;
71,2;
72,2;
73,2;
74,2;
75,2;
76,2;
77,2;
78,2;
79,2;
80,2;
81,2;
82,2;
83,2;
84,2;
85,2;
86,2;
87,2;
88,2;
89,2;
90,2;
91,2;
92,2;
93,2;
94,2;
95,2;
96,2;
97,2;
98,2;
99,2;
100,2;
101,2;
102,2;
103,2;
104,2;
105,2;
106,2;
107,2;
108,2;
109,2;
110,2;
111,2;
112,2;
113,2;
114,2;
115,2;
116,2;
117,2;
118,2;
119,2;
120,2;
121,2;
122,2;
123,2;
124,2;
}