edge = {
2,33;
33,2;
2,37;
37,2;
3,4;
4,3;
3,16;
16,3;
3,33;
33,3;
4,3;
3,4;
4,15;
15,4;
4,42;
42,4;
5,29;
29,5;
5,30;
30,5;
5,56;
56,5;
5,81;
81,5;
6,24;
24,6;
6,28;
28,6;
6,32;
32,6;
7,61;
61,7;
7,62;
62,7;
8,59;
59,8;
8,63;
63,8;
9,10;
10,9;
9,22;
22,9;
9,59;
59,9;
10,9;
9,10;
10,21;
21,10;
10,68;
68,10;
11,55;
55,11;
11,56;
56,11;
12,24;
24,12;
12,54;
54,12;
12,58;
58,12;
13,86;
86,13;
13,87;
87,13;
14,84;
84,14;
14,88;
88,14;
15,4;
4,15;
15,16;
16,15;
15,84;
84,15;
16,3;
3,16;
16,15;
15,16;
16,93;
93,16;
17,80;
80,17;
17,81;
81,17;
18,24;
24,18;
18,79;
79,18;
18,83;
83,18;
19,112;
112,19;
19,113;
113,19;
20,110;
110,20;
20,114;
114,20;
21,10;
10,21;
21,22;
22,21;
21,110;
110,21;
22,9;
9,22;
22,21;
21,22;
22,119;
119,22;
23,106;
106,23;
23,107;
107,23;
24,6;
6,24;
24,12;
12,24;
24,18;
18,24;
24,105;
105,24;
24,109;
109,24;
25,34;
34,25;
25,50;
50,25;
25,101;
101,25;
26,47;
47,26;
26,49;
49,26;
27,29;
29,27;
27,48;
48,27;
28,6;
6,28;
28,49;
49,28;
29,5;
5,29;
29,27;
27,29;
30,5;
5,30;
30,31;
31,30;
31,30;
30,31;
31,40;
40,31;
32,6;
6,32;
33,2;
2,33;
33,3;
3,33;
34,25;
25,34;
34,35;
35,34;
35,34;
34,35;
35,36;
36,35;
36,35;
35,36;
36,41;
41,36;
37,2;
2,37;
37,43;
43,37;
38,41;
41,38;
38,44;
44,38;
39,43;
43,39;
39,45;
45,39;
40,31;
31,40;
40,46;
46,40;
41,36;
36,41;
41,38;
38,41;
42,4;
4,42;
42,46;
46,42;
42,93;
93,42;
43,37;
37,43;
43,39;
39,43;
44,38;
38,44;
44,45;
45,44;
45,39;
39,45;
45,44;
44,45;
46,40;
40,46;
46,42;
42,46;
47,26;
26,47;
47,48;
48,47;
48,27;
27,48;
48,47;
47,48;
49,26;
26,49;
49,28;
28,49;
49,75;
75,49;
49,126;
126,49;
50,25;
25,50;
50,51;
51,50;
51,50;
50,51;
51,60;
60,51;
51,101;
101,51;
52,73;
73,52;
52,75;
75,52;
53,55;
55,53;
53,74;
74,53;
54,12;
12,54;
54,75;
75,54;
55,11;
11,55;
55,53;
53,55;
56,5;
5,56;
56,11;
11,56;
56,57;
57,56;
57,56;
56,57;
57,66;
66,57;
58,12;
12,58;
59,8;
8,59;
59,9;
9,59;
60,51;
51,60;
60,61;
61,60;
61,7;
7,61;
61,60;
60,61;
62,7;
7,62;
62,67;
67,62;
63,8;
8,63;
63,69;
69,63;
64,67;
67,64;
64,70;
70,64;
65,69;
69,65;
65,71;
71,65;
66,57;
57,66;
66,72;
72,66;
67,62;
62,67;
67,64;
64,67;
68,10;
10,68;
68,72;
72,68;
68,93;
93,68;
69,63;
63,69;
69,65;
65,69;
70,64;
64,70;
70,71;
71,70;
71,65;
65,71;
71,70;
70,71;
72,66;
66,72;
72,68;
68,72;
73,52;
52,73;
73,74;
74,73;
74,53;
53,74;
74,73;
73,74;
75,49;
49,75;
75,52;
52,75;
75,54;
54,75;
75,100;
100,75;
75,126;
126,75;
76,85;
85,76;
77,98;
98,77;
77,100;
100,77;
78,80;
80,78;
78,99;
99,78;
79,18;
18,79;
79,100;
100,79;
80,17;
17,80;
80,78;
78,80;
81,5;
5,81;
81,17;
17,81;
81,82;
82,81;
82,81;
81,82;
82,91;
91,82;
83,18;
18,83;
84,14;
14,84;
84,15;
15,84;
85,76;
76,85;
85,86;
86,85;
86,13;
13,86;
86,85;
85,86;
87,13;
13,87;
87,92;
92,87;
88,14;
14,88;
88,94;
94,88;
89,92;
92,89;
89,95;
95,89;
90,94;
94,90;
90,96;
96,90;
91,82;
82,91;
91,97;
97,91;
92,87;
87,92;
92,89;
89,92;
93,16;
16,93;
93,42;
42,93;
93,68;
68,93;
93,97;
97,93;
93,119;
119,93;
94,88;
88,94;
94,90;
90,94;
95,89;
89,95;
95,96;
96,95;
96,90;
90,96;
96,95;
95,96;
97,91;
91,97;
97,93;
93,97;
98,77;
77,98;
98,99;
99,98;
99,78;
78,99;
99,98;
98,99;
100,75;
75,100;
100,77;
77,100;
100,79;
79,100;
100,126;
126,100;
101,25;
25,101;
101,51;
51,101;
101,102;
102,101;
102,101;
101,102;
102,111;
111,102;
103,124;
124,103;
103,126;
126,103;
104,106;
106,104;
104,125;
125,104;
105,24;
24,105;
105,126;
126,105;
106,23;
23,106;
106,104;
104,106;
107,23;
23,107;
107,108;
108,107;
108,107;
107,108;
108,117;
117,108;
109,24;
24,109;
110,20;
20,110;
110,21;
21,110;
111,102;
102,111;
111,112;
112,111;
112,19;
19,112;
112,111;
111,112;
113,19;
19,113;
113,118;
118,113;
114,20;
20,114;
114,120;
120,114;
115,118;
118,115;
115,121;
121,115;
116,120;
120,116;
116,122;
122,116;
117,108;
108,117;
117,123;
123,117;
118,113;
113,118;
118,115;
115,118;
119,22;
22,119;
119,93;
93,119;
119,123;
123,119;
120,114;
114,120;
120,116;
116,120;
121,115;
115,121;
121,122;
122,121;
122,116;
116,122;
122,121;
121,122;
123,117;
117,123;
123,119;
119,123;
124,103;
103,124;
124,125;
125,124;
125,104;
104,125;
125,124;
124,125;
126,49;
49,126;
126,75;
75,126;
126,100;
100,126;
126,103;
103,126;
126,105;
105,126;
}
label = {
1,1;
2,1;
3,1;
4,1;
5,1;
6,1;
7,1;
8,1;
9,1;
10,1;
11,1;
12,1;
13,1;
14,1;
15,1;
16,1;
17,1;
18,1;
19,1;
20,1;
21,1;
22,1;
23,1;
24,1;
25,2;
26,2;
27,2;
28,2;
29,2;
30,2;
31,2;
32,2;
33,2;
34,2;
35,2;
36,2;
37,2;
38,2;
39,2;
40,2;
41,2;
42,2;
43,2;
44,2;
45,2;
46,2;
47,2;
48,2;
49,2;
50,2;
51,2;
52,2;
53,2;
54,2;
55,2;
56,2;
57,2;
58,2;
59,2;
60,2;
61,2;
62,2;
63,2;
64,2;
65,2;
66,2;
67,2;
68,2;
69,2;
70,2;
71,2;
72,2;
73,2;
74,2;
75,2;
76,2;
77,2;
78,2;
79,2;
80,2;
81,2;
82,2;
83,2;
84,2;
85,2;
86,2;
87,2;
88,2;
89,2;
90,2;
91,2;
92,2;
93,2;
94,2;
95,2;
96,2;
97,2;
98,2;
99,2;
100,2;
101,2;
102,2;
103,2;
104,2;
105,2;
106,2;
107,2;
108,2;
109,2;
110,2;
111,2;
112,2;
113,2;
114,2;
115,2;
116,2;
117,2;
118,2;
119,2;
120,2;
121,2;
122,2;
123,2;
124,2;
125,2;
126,2;
}