edge = {
2,3;
3,2;
2,7;
7,2;
2,12;
12,2;
2,29;
29,2;
2,33;
33,2;
3,2;
2,3;
3,12;
12,3;
3,29;
29,3;
3,38;
38,3;
4,25;
25,4;
4,26;
26,4;
4,52;
52,4;
5,20;
20,5;
5,24;
24,5;
5,28;
28,5;
6,57;
57,6;
6,58;
58,6;
7,2;
2,7;
7,8;
8,7;
7,12;
12,7;
7,55;
55,7;
7,59;
59,7;
8,7;
7,8;
8,55;
55,8;
8,64;
64,8;
9,51;
51,9;
9,52;
52,9;
10,20;
20,10;
10,50;
50,10;
10,54;
54,10;
11,83;
83,11;
11,84;
84,11;
12,2;
2,12;
12,3;
3,12;
12,7;
7,12;
12,13;
13,12;
12,81;
81,12;
12,85;
85,12;
13,12;
12,13;
13,81;
81,13;
13,90;
90,13;
14,77;
77,14;
14,78;
78,14;
15,20;
20,15;
15,76;
76,15;
15,80;
80,15;
16,31;
31,16;
16,57;
57,16;
16,83;
83,16;
16,108;
108,16;
16,109;
109,16;
17,29;
29,17;
17,55;
55,17;
17,81;
81,17;
17,106;
106,17;
17,110;
110,17;
18,38;
38,18;
18,64;
64,18;
18,90;
90,18;
18,106;
106,18;
18,115;
115,18;
19,26;
26,19;
19,52;
52,19;
19,102;
102,19;
19,103;
103,19;
20,5;
5,20;
20,10;
10,20;
20,15;
15,20;
20,28;
28,20;
20,54;
54,20;
20,101;
101,20;
20,105;
105,20;
21,30;
30,21;
21,46;
46,21;
21,72;
72,21;
22,43;
43,22;
22,45;
45,22;
23,25;
25,23;
23,44;
44,23;
24,5;
5,24;
24,45;
45,24;
25,4;
4,25;
25,23;
23,25;
26,4;
4,26;
26,19;
19,26;
26,27;
27,26;
27,26;
26,27;
27,36;
36,27;
28,5;
5,28;
28,20;
20,28;
29,2;
2,29;
29,3;
3,29;
29,17;
17,29;
30,21;
21,30;
30,31;
31,30;
31,16;
16,31;
31,30;
30,31;
31,32;
32,31;
32,31;
31,32;
32,37;
37,32;
33,2;
2,33;
33,39;
39,33;
34,37;
37,34;
34,40;
40,34;
35,39;
39,35;
35,41;
41,35;
36,27;
27,36;
36,42;
42,36;
37,32;
32,37;
37,34;
34,37;
38,3;
3,38;
38,18;
18,38;
38,42;
42,38;
39,33;
33,39;
39,35;
35,39;
40,34;
34,40;
40,41;
41,40;
41,35;
35,41;
41,40;
40,41;
42,36;
36,42;
42,38;
38,42;
43,22;
22,43;
43,44;
44,43;
44,23;
23,44;
44,43;
43,44;
45,22;
22,45;
45,24;
24,45;
45,97;
97,45;
45,122;
122,45;
46,21;
21,46;
46,47;
47,46;
47,46;
46,47;
47,56;
56,47;
47,72;
72,47;
48,69;
69,48;
48,71;
71,48;
49,51;
51,49;
49,70;
70,49;
50,10;
10,50;
50,71;
71,50;
51,9;
9,51;
51,49;
49,51;
52,4;
4,52;
52,9;
9,52;
52,19;
19,52;
52,53;
53,52;
53,52;
52,53;
53,62;
62,53;
54,10;
10,54;
54,20;
20,54;
55,7;
7,55;
55,8;
8,55;
55,17;
17,55;
56,47;
47,56;
56,57;
57,56;
57,6;
6,57;
57,16;
16,57;
57,56;
56,57;
58,6;
6,58;
58,63;
63,58;
59,7;
7,59;
59,65;
65,59;
60,63;
63,60;
60,66;
66,60;
61,65;
65,61;
61,67;
67,61;
62,53;
53,62;
62,68;
68,62;
63,58;
58,63;
63,60;
60,63;
64,8;
8,64;
64,18;
18,64;
64,68;
68,64;
65,59;
59,65;
65,61;
61,65;
66,60;
60,66;
66,67;
67,66;
67,61;
61,67;
67,66;
66,67;
68,62;
62,68;
68,64;
64,68;
69,48;
48,69;
69,70;
70,69;
70,49;
49,70;
70,69;
69,70;
71,48;
48,71;
71,50;
50,71;
71,97;
97,71;
71,122;
122,71;
72,21;
21,72;
72,47;
47,72;
72,73;
73,72;
73,72;
72,73;
73,82;
82,73;
74,95;
95,74;
74,97;
97,74;
75,77;
77,75;
75,96;
96,75;
76,15;
15,76;
76,97;
97,76;
77,14;
14,77;
77,75;
75,77;
78,14;
14,78;
78,79;
79,78;
79,78;
78,79;
79,88;
88,79;
80,15;
15,80;
81,12;
12,81;
81,13;
13,81;
81,17;
17,81;
82,73;
73,82;
82,83;
83,82;
83,11;
11,83;
83,16;
16,83;
83,82;
82,83;
84,11;
11,84;
84,89;
89,84;
85,12;
12,85;
85,91;
91,85;
86,89;
89,86;
86,92;
92,86;
87,91;
91,87;
87,93;
93,87;
88,79;
79,88;
88,94;
94,88;
89,84;
84,89;
89,86;
86,89;
90,13;
13,90;
90,18;
18,90;
90,94;
94,90;
91,85;
85,91;
91,87;
87,91;
92,86;
86,92;
92,93;
93,92;
93,87;
87,93;
93,92;
92,93;
94,88;
88,94;
94,90;
90,94;
95,74;
74,95;
95,96;
96,95;
96,75;
75,96;
96,95;
95,96;
97,45;
45,97;
97,71;
71,97;
97,74;
74,97;
97,76;
76,97;
97,122;
122,97;
98,107;
107,98;
99,120;
120,99;
99,122;
122,99;
100,102;
102,100;
100,121;
121,100;
101,20;
20,101;
101,122;
122,101;
102,19;
19,102;
102,100;
100,102;
103,19;
19,103;
103,104;
104,103;
104,103;
103,104;
104,113;
113,104;
105,20;
20,105;
106,17;
17,106;
106,18;
18,106;
107,98;
98,107;
107,108;
108,107;
108,16;
16,108;
108,107;
107,108;
109,16;
16,109;
109,114;
114,109;
110,17;
17,110;
110,116;
116,110;
111,114;
114,111;
111,117;
117,111;
112,116;
116,112;
112,118;
118,112;
113,104;
104,113;
113,119;
119,113;
114,109;
109,114;
114,111;
111,114;
115,18;
18,115;
115,119;
119,115;
116,110;
110,116;
116,112;
112,116;
117,111;
111,117;
117,118;
118,117;
118,112;
112,118;
118,117;
117,118;
119,113;
113,119;
119,115;
115,119;
120,99;
99,120;
120,121;
121,120;
121,100;
100,121;
121,120;
120,121;
122,45;
45,122;
122,71;
71,122;
122,97;
97,122;
122,99;
99,122;
122,101;
101,122;
}
label = {
1,1;
2,1;
3,1;
4,1;
5,1;
6,1;
7,1;
8,1;
9,1;
10,1;
11,1;
12,1;
13,1;
14,1;
15,1;
16,1;
17,1;
18,1;
19,1;
20,1;
21,2;
22,2;
23,2;
24,2;
25,2;
26,2;
27,2;
28,2;
29,2;
30,2;
31,2;
32,2;
33,2;
34,2;
35,2;
36,2;
37,2;
38,2;
39,2;
40,2;
41,2;
42,2;
43,2;
44,2;
45,2;
46,2;
47,2;
48,2;
49,2;
50,2;
51,2;
52,2;
53,2;
54,2;
55,2;
56,2;
57,2;
58,2;
59,2;
60,2;
61,2;
62,2;
63,2;
64,2;
65,2;
66,2;
67,2;
68,2;
69,2;
70,2;
71,2;
72,2;
73,2;
74,2;
75,2;
76,2;
77,2;
78,2;
79,2;
80,2;
81,2;
82,2;
83,2;
84,2;
85,2;
86,2;
87,2;
88,2;
89,2;
90,2;
91,2;
92,2;
93,2;
94,2;
95,2;
96,2;
97,2;
98,2;
99,2;
100,2;
101,2;
102,2;
103,2;
104,2;
105,2;
106,2;
107,2;
108,2;
109,2;
110,2;
111,2;
112,2;
113,2;
114,2;
115,2;
116,2;
117,2;
118,2;
119,2;
120,2;
121,2;
122,2;
}