edge = {
1,2;
2,1;
1,23;
23,1;
1,24;
24,1;
2,1;
1,2;
2,23;
23,2;
2,24;
24,2;
2,26;
26,2;
3,4;
4,3;
3,25;
25,3;
3,26;
26,3;
4,3;
3,4;
4,5;
5,4;
4,25;
25,4;
4,27;
27,4;
5,4;
4,5;
5,6;
6,5;
5,27;
27,5;
5,28;
28,5;
6,5;
5,6;
6,28;
28,6;
6,38;
38,6;
7,21;
21,7;
7,38;
38,7;
7,39;
39,7;
8,9;
9,8;
8,21;
21,8;
8,22;
22,8;
9,8;
8,9;
9,10;
10,9;
9,20;
20,9;
9,22;
22,9;
10,9;
9,10;
10,11;
11,10;
10,19;
19,10;
10,20;
20,10;
11,10;
10,11;
11,12;
12,11;
11,19;
19,11;
11,20;
20,11;
12,11;
11,12;
12,13;
13,12;
12,19;
19,12;
12,40;
40,12;
13,12;
12,13;
13,29;
29,13;
13,40;
40,13;
13,41;
41,13;
14,30;
30,14;
14,31;
31,14;
14,32;
32,14;
15,31;
31,15;
15,32;
32,15;
15,33;
33,15;
15,34;
34,15;
16,33;
33,16;
16,34;
34,16;
16,36;
36,16;
16,37;
37,16;
17,18;
18,17;
17,35;
35,17;
17,36;
36,17;
17,37;
37,17;
18,17;
17,18;
18,35;
35,18;
18,36;
36,18;
19,10;
10,19;
19,11;
11,19;
19,12;
12,19;
20,9;
9,20;
20,10;
10,20;
20,11;
11,20;
20,22;
22,20;
21,7;
7,21;
21,8;
8,21;
21,22;
22,21;
21,39;
39,21;
22,8;
8,22;
22,9;
9,22;
22,20;
20,22;
22,21;
21,22;
23,1;
1,23;
23,2;
2,23;
23,24;
24,23;
24,1;
1,24;
24,2;
2,24;
24,23;
23,24;
24,26;
26,24;
25,3;
3,25;
25,4;
4,25;
25,26;
26,25;
26,2;
2,26;
26,3;
3,26;
26,24;
24,26;
26,25;
25,26;
27,4;
4,27;
27,5;
5,27;
27,28;
28,27;
28,5;
5,28;
28,6;
6,28;
28,27;
27,28;
29,13;
13,29;
29,30;
30,29;
29,41;
41,29;
30,14;
14,30;
30,29;
29,30;
30,31;
31,30;
31,14;
14,31;
31,15;
15,31;
31,30;
30,31;
31,32;
32,31;
31,33;
33,31;
32,14;
14,32;
32,15;
15,32;
32,31;
31,32;
32,33;
33,32;
33,15;
15,33;
33,16;
16,33;
33,31;
31,33;
33,32;
32,33;
33,34;
34,33;
34,15;
15,34;
34,16;
16,34;
34,33;
33,34;
34,37;
37,34;
35,17;
17,35;
35,18;
18,35;
35,36;
36,35;
36,16;
16,36;
36,17;
17,36;
36,18;
18,36;
36,35;
35,36;
36,37;
37,36;
37,16;
16,37;
37,17;
17,37;
37,34;
34,37;
37,36;
36,37;
38,6;
6,38;
38,7;
7,38;
38,39;
39,38;
39,7;
7,39;
39,21;
21,39;
39,38;
38,39;
40,12;
12,40;
40,13;
13,40;
40,41;
41,40;
41,13;
13,41;
41,29;
29,41;
41,40;
40,41;
}
label = {
1,1;
2,1;
3,1;
4,1;
5,1;
6,1;
7,1;
8,1;
9,1;
10,1;
11,1;
12,1;
13,1;
14,1;
15,1;
16,1;
17,1;
18,1;
19,2;
20,2;
21,2;
22,2;
23,2;
24,2;
25,2;
26,2;
27,2;
28,2;
29,2;
30,2;
31,2;
32,2;
33,2;
34,2;
35,2;
36,2;
37,2;
38,2;
39,2;
40,2;
41,2;
}