edge = {
1,2;
2,1;
1,20;
20,1;
1,23;
23,1;
2,1;
1,2;
2,20;
20,2;
2,23;
23,2;
3,4;
4,3;
3,23;
23,3;
3,24;
24,3;
4,3;
3,4;
4,5;
5,4;
4,24;
24,4;
5,4;
4,5;
5,6;
6,5;
5,24;
24,5;
5,25;
25,5;
6,5;
5,6;
6,7;
7,6;
6,8;
8,6;
6,25;
25,6;
7,6;
6,7;
7,8;
8,7;
7,9;
9,7;
7,25;
25,7;
8,6;
6,8;
8,7;
7,8;
8,9;
9,8;
8,10;
10,8;
8,11;
11,8;
8,25;
25,8;
9,7;
7,9;
9,8;
8,9;
9,10;
10,9;
9,11;
11,9;
10,8;
8,10;
10,9;
9,10;
10,11;
11,10;
11,8;
8,11;
11,9;
9,11;
11,10;
10,11;
11,12;
12,11;
11,22;
22,11;
12,11;
11,12;
12,21;
21,12;
12,22;
22,12;
13,14;
14,13;
13,15;
15,13;
13,16;
16,13;
13,21;
21,13;
14,13;
13,14;
14,15;
15,14;
14,16;
16,14;
15,13;
13,15;
15,14;
14,15;
15,16;
16,15;
16,13;
13,16;
16,14;
14,16;
16,15;
15,16;
16,17;
17,16;
16,18;
18,16;
16,19;
19,16;
17,16;
16,17;
17,18;
18,17;
17,19;
19,17;
18,16;
16,18;
18,17;
17,18;
18,19;
19,18;
19,16;
16,19;
19,17;
17,19;
19,18;
18,19;
20,1;
1,20;
20,2;
2,20;
20,23;
23,20;
21,12;
12,21;
21,13;
13,21;
21,22;
22,21;
22,11;
11,22;
22,12;
12,22;
22,21;
21,22;
23,1;
1,23;
23,2;
2,23;
23,3;
3,23;
23,20;
20,23;
23,24;
24,23;
24,3;
3,24;
24,4;
4,24;
24,5;
5,24;
24,23;
23,24;
25,5;
5,25;
25,6;
6,25;
25,7;
7,25;
25,8;
8,25;
}
label = {
1,1;
2,1;
3,1;
4,1;
5,1;
6,1;
7,1;
8,1;
9,1;
10,1;
11,1;
12,1;
13,1;
14,1;
15,1;
16,1;
17,1;
18,1;
19,1;
20,2;
21,2;
22,2;
23,2;
24,2;
25,2;
}