edge = {
1,2;
2,1;
1,19;
19,1;
1,27;
27,1;
2,1;
1,2;
2,3;
3,2;
2,19;
19,2;
2,27;
27,2;
2,29;
29,2;
3,2;
2,3;
3,4;
4,3;
3,28;
28,3;
3,29;
29,3;
4,3;
3,4;
4,20;
20,4;
4,28;
28,4;
5,20;
20,5;
5,21;
21,5;
5,25;
25,5;
6,7;
7,6;
6,8;
8,6;
6,9;
9,6;
6,25;
25,6;
7,6;
6,7;
7,8;
8,7;
7,9;
9,7;
8,6;
6,8;
8,7;
7,8;
8,9;
9,8;
8,10;
10,8;
9,6;
6,9;
9,7;
7,9;
9,8;
8,9;
9,10;
10,9;
9,11;
11,9;
9,12;
12,9;
10,8;
8,10;
10,9;
9,10;
10,11;
11,10;
10,12;
12,10;
11,9;
9,11;
11,10;
10,11;
11,12;
12,11;
12,9;
9,12;
12,10;
10,12;
12,11;
11,12;
12,26;
26,12;
13,14;
14,13;
13,22;
22,13;
13,23;
23,13;
14,13;
13,14;
14,22;
22,14;
14,23;
23,14;
14,31;
31,14;
15,16;
16,15;
15,30;
30,15;
15,31;
31,15;
16,15;
15,16;
16,17;
17,16;
16,30;
30,16;
16,32;
32,16;
17,16;
16,17;
17,18;
18,17;
17,32;
32,17;
17,33;
33,17;
18,17;
17,18;
18,33;
33,18;
18,34;
34,18;
19,1;
1,19;
19,2;
2,19;
19,27;
27,19;
19,29;
29,19;
20,4;
4,20;
20,5;
5,20;
20,21;
21,20;
20,28;
28,20;
21,5;
5,21;
21,20;
20,21;
21,25;
25,21;
22,13;
13,22;
22,14;
14,22;
22,23;
23,22;
22,24;
24,22;
22,31;
31,22;
23,13;
13,23;
23,14;
14,23;
23,22;
22,23;
23,24;
24,23;
23,26;
26,23;
24,22;
22,24;
24,23;
23,24;
24,26;
26,24;
25,5;
5,25;
25,6;
6,25;
25,21;
21,25;
26,12;
12,26;
26,23;
23,26;
26,24;
24,26;
27,1;
1,27;
27,2;
2,27;
27,19;
19,27;
27,28;
28,27;
27,29;
29,27;
28,3;
3,28;
28,4;
4,28;
28,20;
20,28;
28,27;
27,28;
28,29;
29,28;
29,2;
2,29;
29,3;
3,29;
29,19;
19,29;
29,27;
27,29;
29,28;
28,29;
30,15;
15,30;
30,16;
16,30;
30,31;
31,30;
30,32;
32,30;
31,14;
14,31;
31,15;
15,31;
31,22;
22,31;
31,30;
30,31;
32,16;
16,32;
32,17;
17,32;
32,30;
30,32;
32,33;
33,32;
32,34;
34,32;
33,17;
17,33;
33,18;
18,33;
33,32;
32,33;
33,34;
34,33;
34,18;
18,34;
34,32;
32,34;
34,33;
33,34;
}
label = {
1,1;
2,1;
3,1;
4,1;
5,1;
6,1;
7,1;
8,1;
9,1;
10,1;
11,1;
12,1;
13,1;
14,1;
15,1;
16,1;
17,1;
18,1;
19,2;
20,2;
21,2;
22,2;
23,2;
24,2;
25,2;
26,2;
27,2;
28,2;
29,2;
30,2;
31,2;
32,2;
33,2;
34,2;
}