edge = {
1,2;
2,1;
1,11;
11,1;
2,1;
1,2;
2,10;
10,2;
2,20;
20,2;
2,25;
25,2;
3,4;
4,3;
3,5;
5,3;
3,14;
14,3;
3,27;
27,3;
4,3;
3,4;
4,5;
5,4;
4,12;
12,4;
4,14;
14,4;
4,15;
15,4;
4,30;
30,4;
5,3;
3,5;
5,4;
4,5;
5,6;
6,5;
5,7;
7,5;
5,13;
13,5;
5,15;
15,5;
5,30;
30,5;
6,5;
5,6;
6,7;
7,6;
6,30;
30,6;
7,5;
5,7;
7,6;
6,7;
7,29;
29,7;
8,9;
9,8;
8,15;
15,8;
8,17;
17,8;
8,31;
31,8;
9,8;
8,9;
9,16;
16,9;
9,17;
17,9;
9,26;
26,9;
10,2;
2,10;
10,11;
11,10;
10,35;
35,10;
10,36;
36,10;
11,1;
1,11;
11,10;
10,11;
11,36;
36,11;
11,41;
41,11;
12,4;
4,12;
12,13;
13,12;
12,14;
14,12;
12,43;
43,12;
13,5;
5,13;
13,12;
12,13;
13,30;
30,13;
13,46;
46,13;
14,3;
3,14;
14,4;
4,14;
14,12;
12,14;
14,15;
15,14;
14,46;
46,14;
15,4;
4,15;
15,5;
5,15;
15,8;
8,15;
15,14;
14,15;
15,45;
45,15;
16,9;
9,16;
16,17;
17,16;
16,31;
31,16;
16,47;
47,16;
17,8;
8,17;
17,9;
9,17;
17,16;
16,17;
17,26;
26,17;
17,42;
42,17;
18,19;
19,18;
18,35;
35,18;
19,18;
18,19;
19,20;
20,19;
19,34;
34,19;
19,36;
36,19;
20,2;
2,20;
20,19;
19,20;
20,35;
35,20;
21,26;
26,21;
21,28;
28,21;
21,42;
42,21;
21,44;
44,21;
22,24;
24,22;
22,27;
27,22;
22,43;
43,22;
23,28;
28,23;
23,44;
44,23;
24,22;
22,24;
24,25;
25,24;
24,41;
41,24;
25,2;
2,25;
25,24;
24,25;
25,40;
40,25;
26,9;
9,26;
26,17;
17,26;
26,21;
21,26;
26,37;
37,26;
27,3;
3,27;
27,22;
22,27;
27,30;
30,27;
27,38;
38,27;
27,46;
46,27;
28,21;
21,28;
28,23;
23,28;
28,37;
37,28;
28,39;
39,28;
29,7;
7,29;
29,32;
32,29;
29,48;
48,29;
30,4;
4,30;
30,5;
5,30;
30,6;
6,30;
30,13;
13,30;
30,27;
27,30;
30,43;
43,30;
31,8;
8,31;
31,16;
16,31;
31,33;
33,31;
31,49;
49,31;
32,29;
29,32;
32,33;
33,32;
32,45;
45,32;
32,49;
49,32;
33,31;
31,33;
33,32;
32,33;
33,47;
47,33;
33,49;
49,33;
34,19;
19,34;
34,35;
35,34;
35,10;
10,35;
35,18;
18,35;
35,20;
20,35;
35,34;
34,35;
35,36;
36,35;
36,10;
10,36;
36,11;
11,36;
36,19;
19,36;
36,35;
35,36;
37,26;
26,37;
37,28;
28,37;
37,42;
42,37;
37,44;
44,37;
38,27;
27,38;
38,40;
40,38;
38,43;
43,38;
39,28;
28,39;
39,44;
44,39;
40,25;
25,40;
40,38;
38,40;
40,41;
41,40;
41,11;
11,41;
41,24;
24,41;
41,40;
40,41;
42,17;
17,42;
42,21;
21,42;
42,37;
37,42;
43,12;
12,43;
43,22;
22,43;
43,30;
30,43;
43,38;
38,43;
43,46;
46,43;
44,21;
21,44;
44,23;
23,44;
44,37;
37,44;
44,39;
39,44;
45,15;
15,45;
45,32;
32,45;
45,48;
48,45;
46,13;
13,46;
46,14;
14,46;
46,27;
27,46;
46,43;
43,46;
47,16;
16,47;
47,33;
33,47;
47,49;
49,47;
48,29;
29,48;
48,45;
45,48;
48,49;
49,48;
49,31;
31,49;
49,32;
32,49;
49,33;
33,49;
49,47;
47,49;
49,48;
48,49;
}
label = {
1,1;
2,1;
3,1;
4,1;
5,1;
6,1;
7,1;
8,1;
9,1;
10,1;
11,1;
12,1;
13,1;
14,1;
15,1;
16,1;
17,1;
18,2;
19,2;
20,2;
21,2;
22,2;
23,2;
24,2;
25,2;
26,2;
27,2;
28,2;
29,2;
30,2;
31,2;
32,2;
33,2;
34,2;
35,2;
36,2;
37,2;
38,2;
39,2;
40,2;
41,2;
42,2;
43,2;
44,2;
45,2;
46,2;
47,2;
48,2;
49,2;
}