edge = {
1,2;
2,1;
1,3;
3,1;
1,17;
17,1;
2,1;
1,2;
2,3;
3,2;
2,4;
4,2;
2,16;
16,2;
2,37;
37,2;
3,1;
1,3;
3,2;
2,3;
3,4;
4,3;
3,19;
19,3;
4,2;
2,4;
4,3;
3,4;
4,19;
19,4;
4,36;
36,4;
5,6;
6,5;
5,23;
23,5;
5,36;
36,5;
6,5;
5,6;
6,7;
7,6;
6,21;
21,6;
6,23;
23,6;
7,6;
6,7;
7,8;
8,7;
7,21;
21,7;
7,24;
24,7;
7,34;
34,7;
8,7;
7,8;
8,9;
9,8;
8,23;
23,8;
8,34;
34,8;
9,8;
8,9;
9,10;
10,9;
9,26;
26,9;
10,9;
9,10;
10,11;
11,10;
11,10;
10,11;
11,12;
12,11;
11,13;
13,11;
11,30;
30,11;
12,11;
11,12;
12,13;
13,12;
12,27;
27,12;
12,28;
28,12;
12,30;
30,12;
13,11;
11,13;
13,12;
12,13;
13,14;
14,13;
13,31;
31,13;
13,32;
32,13;
13,33;
33,13;
13,44;
44,13;
14,13;
13,14;
14,15;
15,14;
14,30;
30,14;
14,33;
33,14;
15,14;
14,15;
15,30;
30,15;
15,32;
32,15;
16,2;
2,16;
16,17;
17,16;
16,18;
18,16;
16,41;
41,16;
16,42;
42,16;
17,1;
1,17;
17,16;
16,17;
17,18;
18,17;
17,41;
41,17;
18,16;
16,18;
18,17;
17,18;
18,19;
19,18;
19,3;
3,19;
19,4;
4,19;
19,18;
18,19;
19,20;
20,19;
20,19;
19,20;
20,21;
21,20;
20,40;
40,20;
21,6;
6,21;
21,7;
7,21;
21,20;
20,21;
21,22;
22,21;
21,40;
40,21;
22,21;
21,22;
22,23;
23,22;
23,5;
5,23;
23,6;
6,23;
23,8;
8,23;
23,22;
22,23;
23,24;
24,23;
23,43;
43,23;
24,7;
7,24;
24,23;
23,24;
24,25;
25,24;
24,43;
43,24;
25,24;
24,25;
25,26;
26,25;
26,9;
9,26;
26,25;
25,26;
26,27;
27,26;
27,12;
12,27;
27,26;
26,27;
27,28;
28,27;
27,29;
29,27;
28,12;
12,28;
28,27;
27,28;
28,29;
29,28;
29,27;
27,29;
29,28;
28,29;
29,30;
30,29;
30,11;
11,30;
30,12;
12,30;
30,14;
14,30;
30,15;
15,30;
30,29;
29,30;
30,31;
31,30;
30,44;
44,30;
31,13;
13,31;
31,30;
30,31;
31,32;
32,31;
31,38;
38,31;
31,44;
44,31;
32,13;
13,32;
32,15;
15,32;
32,31;
31,32;
32,38;
38,32;
33,13;
13,33;
33,14;
14,33;
33,38;
38,33;
33,44;
44,33;
34,7;
7,34;
34,8;
8,34;
34,36;
36,34;
34,40;
40,34;
34,43;
43,34;
35,37;
37,35;
35,41;
41,35;
35,42;
42,35;
36,4;
4,36;
36,5;
5,36;
36,34;
34,36;
36,43;
43,36;
37,2;
2,37;
37,35;
35,37;
37,39;
39,37;
37,41;
41,37;
37,42;
42,37;
38,31;
31,38;
38,32;
32,38;
38,33;
33,38;
38,44;
44,38;
39,37;
37,39;
39,42;
42,39;
40,20;
20,40;
40,21;
21,40;
40,34;
34,40;
40,43;
43,40;
41,16;
16,41;
41,17;
17,41;
41,35;
35,41;
41,37;
37,41;
41,42;
42,41;
42,16;
16,42;
42,35;
35,42;
42,37;
37,42;
42,39;
39,42;
42,41;
41,42;
43,23;
23,43;
43,24;
24,43;
43,34;
34,43;
43,36;
36,43;
43,40;
40,43;
44,13;
13,44;
44,30;
30,44;
44,31;
31,44;
44,33;
33,44;
44,38;
38,44;
}
label = {
1,1;
2,1;
3,1;
4,1;
5,1;
6,1;
7,1;
8,1;
9,1;
10,1;
11,1;
12,1;
13,1;
14,1;
15,1;
16,1;
17,1;
18,1;
19,1;
20,1;
21,1;
22,1;
23,1;
24,1;
25,1;
26,1;
27,1;
28,1;
29,1;
30,1;
31,1;
32,1;
33,2;
34,2;
35,2;
36,2;
37,2;
38,2;
39,2;
40,2;
41,2;
42,2;
43,2;
44,2;
}