edge = {
1,2;
2,1;
1,3;
3,1;
1,17;
17,1;
2,1;
1,2;
2,3;
3,2;
2,4;
4,2;
2,16;
16,2;
2,35;
35,2;
3,1;
1,3;
3,2;
2,3;
3,4;
4,3;
4,2;
2,4;
4,3;
3,4;
4,34;
34,4;
5,6;
6,5;
5,21;
21,5;
5,34;
34,5;
6,5;
5,6;
6,7;
7,6;
6,20;
20,6;
6,22;
22,6;
7,6;
6,7;
7,8;
8,7;
7,20;
20,7;
7,21;
21,7;
7,23;
23,7;
7,32;
32,7;
8,7;
7,8;
8,9;
9,8;
8,22;
22,8;
8,32;
32,8;
9,8;
8,9;
9,10;
10,9;
10,9;
9,10;
10,11;
11,10;
11,10;
10,11;
11,12;
12,11;
11,13;
13,11;
11,28;
28,11;
12,11;
11,12;
12,13;
13,12;
12,26;
26,12;
12,28;
28,12;
13,11;
11,13;
13,12;
12,13;
13,14;
14,13;
13,29;
29,13;
13,30;
30,13;
13,31;
31,13;
13,42;
42,13;
14,13;
13,14;
14,15;
15,14;
14,28;
28,14;
14,31;
31,14;
15,14;
14,15;
15,28;
28,15;
15,30;
30,15;
16,2;
2,16;
16,17;
17,16;
16,18;
18,16;
16,39;
39,16;
16,40;
40,16;
17,1;
1,17;
17,16;
16,17;
17,18;
18,17;
17,19;
19,17;
17,39;
39,17;
18,16;
16,18;
18,17;
17,18;
18,19;
19,18;
19,17;
17,19;
19,18;
18,19;
19,38;
38,19;
20,6;
6,20;
20,7;
7,20;
20,21;
21,20;
20,38;
38,20;
21,5;
5,21;
21,7;
7,21;
21,20;
20,21;
21,22;
22,21;
22,6;
6,22;
22,8;
8,22;
22,21;
21,22;
22,23;
23,22;
22,41;
41,22;
23,7;
7,23;
23,22;
22,23;
23,24;
24,23;
23,41;
41,23;
24,23;
23,24;
24,25;
25,24;
25,24;
24,25;
25,26;
26,25;
26,12;
12,26;
26,25;
25,26;
26,27;
27,26;
26,28;
28,26;
27,26;
26,27;
27,28;
28,27;
28,11;
11,28;
28,12;
12,28;
28,14;
14,28;
28,15;
15,28;
28,26;
26,28;
28,27;
27,28;
28,29;
29,28;
28,42;
42,28;
29,13;
13,29;
29,28;
28,29;
29,30;
30,29;
29,36;
36,29;
29,42;
42,29;
30,13;
13,30;
30,15;
15,30;
30,29;
29,30;
30,36;
36,30;
31,13;
13,31;
31,14;
14,31;
31,36;
36,31;
31,42;
42,31;
32,7;
7,32;
32,8;
8,32;
32,34;
34,32;
32,38;
38,32;
32,41;
41,32;
33,35;
35,33;
33,39;
39,33;
33,40;
40,33;
34,4;
4,34;
34,5;
5,34;
34,32;
32,34;
34,41;
41,34;
35,2;
2,35;
35,33;
33,35;
35,37;
37,35;
35,39;
39,35;
35,40;
40,35;
36,29;
29,36;
36,30;
30,36;
36,31;
31,36;
36,42;
42,36;
37,35;
35,37;
37,40;
40,37;
38,19;
19,38;
38,20;
20,38;
38,32;
32,38;
38,41;
41,38;
39,16;
16,39;
39,17;
17,39;
39,33;
33,39;
39,35;
35,39;
39,40;
40,39;
40,16;
16,40;
40,33;
33,40;
40,35;
35,40;
40,37;
37,40;
40,39;
39,40;
41,22;
22,41;
41,23;
23,41;
41,32;
32,41;
41,34;
34,41;
41,38;
38,41;
42,13;
13,42;
42,28;
28,42;
42,29;
29,42;
42,31;
31,42;
42,36;
36,42;
}
label = {
1,1;
2,1;
3,1;
4,1;
5,1;
6,1;
7,1;
8,1;
9,1;
10,1;
11,1;
12,1;
13,1;
14,1;
15,1;
16,1;
17,1;
18,1;
19,1;
20,1;
21,1;
22,1;
23,1;
24,1;
25,1;
26,1;
27,1;
28,1;
29,1;
30,1;
31,2;
32,2;
33,2;
34,2;
35,2;
36,2;
37,2;
38,2;
39,2;
40,2;
41,2;
42,2;
}