edge = {
1,2;
2,1;
1,3;
3,1;
1,17;
17,1;
2,1;
1,2;
2,3;
3,2;
2,4;
4,2;
2,16;
16,2;
2,36;
36,2;
3,1;
1,3;
3,2;
2,3;
3,4;
4,3;
4,2;
2,4;
4,3;
3,4;
4,19;
19,4;
4,35;
35,4;
5,6;
6,5;
5,21;
21,5;
5,22;
22,5;
5,35;
35,5;
6,5;
5,6;
6,7;
7,6;
6,20;
20,6;
6,22;
22,6;
7,6;
6,7;
7,8;
8,7;
7,20;
20,7;
7,21;
21,7;
7,23;
23,7;
7,33;
33,7;
8,7;
7,8;
8,9;
9,8;
8,22;
22,8;
8,33;
33,8;
9,8;
8,9;
9,10;
10,9;
9,25;
25,9;
10,9;
9,10;
10,11;
11,10;
11,10;
10,11;
11,12;
12,11;
11,13;
13,11;
11,27;
27,11;
12,11;
11,12;
12,13;
13,12;
12,26;
26,12;
12,27;
27,12;
13,11;
11,13;
13,12;
12,13;
13,14;
14,13;
13,30;
30,13;
13,31;
31,13;
13,32;
32,13;
13,37;
37,13;
14,13;
13,14;
14,15;
15,14;
14,29;
29,14;
14,32;
32,14;
15,14;
14,15;
15,30;
30,15;
15,31;
31,15;
16,2;
2,16;
16,17;
17,16;
16,18;
18,16;
16,39;
39,16;
16,41;
41,16;
17,1;
1,17;
17,16;
16,17;
17,18;
18,17;
17,19;
19,17;
17,41;
41,17;
18,16;
16,18;
18,17;
17,18;
18,19;
19,18;
19,4;
4,19;
19,17;
17,19;
19,18;
18,19;
19,40;
40,19;
20,6;
6,20;
20,7;
7,20;
20,21;
21,20;
20,40;
40,20;
21,5;
5,21;
21,7;
7,21;
21,20;
20,21;
21,22;
22,21;
22,5;
5,22;
22,6;
6,22;
22,8;
8,22;
22,21;
21,22;
22,23;
23,22;
22,38;
38,22;
23,7;
7,23;
23,22;
22,23;
23,24;
24,23;
23,38;
38,23;
24,23;
23,24;
24,25;
25,24;
25,9;
9,25;
25,24;
24,25;
25,26;
26,25;
26,12;
12,26;
26,25;
25,26;
26,27;
27,26;
26,28;
28,26;
27,11;
11,27;
27,12;
12,27;
27,26;
26,27;
27,28;
28,27;
27,29;
29,27;
28,26;
26,28;
28,27;
27,28;
28,29;
29,28;
29,14;
14,29;
29,27;
27,29;
29,28;
28,29;
29,30;
30,29;
29,37;
37,29;
30,13;
13,30;
30,15;
15,30;
30,29;
29,30;
30,31;
31,30;
30,37;
37,30;
31,13;
13,31;
31,15;
15,31;
31,30;
30,31;
31,32;
32,31;
31,37;
37,31;
32,13;
13,32;
32,14;
14,32;
32,31;
31,32;
32,37;
37,32;
33,7;
7,33;
33,8;
8,33;
33,35;
35,33;
33,40;
40,33;
34,36;
36,34;
34,41;
41,34;
35,4;
4,35;
35,5;
5,35;
35,33;
33,35;
35,38;
38,35;
36,2;
2,36;
36,34;
34,36;
36,39;
39,36;
36,41;
41,36;
37,13;
13,37;
37,29;
29,37;
37,30;
30,37;
37,31;
31,37;
37,32;
32,37;
38,22;
22,38;
38,23;
23,38;
38,35;
35,38;
38,40;
40,38;
39,16;
16,39;
39,36;
36,39;
39,41;
41,39;
40,19;
19,40;
40,20;
20,40;
40,33;
33,40;
40,38;
38,40;
41,16;
16,41;
41,17;
17,41;
41,34;
34,41;
41,36;
36,41;
41,39;
39,41;
}
label = {
1,1;
2,1;
3,1;
4,1;
5,1;
6,1;
7,1;
8,1;
9,1;
10,1;
11,1;
12,1;
13,1;
14,1;
15,1;
16,1;
17,1;
18,1;
19,1;
20,1;
21,1;
22,1;
23,1;
24,1;
25,1;
26,1;
27,1;
28,1;
29,1;
30,1;
31,1;
32,2;
33,2;
34,2;
35,2;
36,2;
37,2;
38,2;
39,2;
40,2;
41,2;
}