edge = {
1,2;
2,1;
1,3;
3,1;
1,18;
18,1;
2,1;
1,2;
2,3;
3,2;
2,4;
4,2;
2,17;
17,2;
2,37;
37,2;
3,1;
1,3;
3,2;
2,3;
3,4;
4,3;
4,2;
2,4;
4,3;
3,4;
4,36;
36,4;
5,6;
6,5;
5,22;
22,5;
5,36;
36,5;
6,5;
5,6;
6,7;
7,6;
6,21;
21,6;
6,23;
23,6;
7,6;
6,7;
7,8;
8,7;
7,21;
21,7;
7,22;
22,7;
7,24;
24,7;
7,34;
34,7;
8,7;
7,8;
8,9;
9,8;
8,23;
23,8;
8,34;
34,8;
9,8;
8,9;
9,10;
10,9;
9,26;
26,9;
10,9;
9,10;
10,11;
11,10;
11,10;
10,11;
11,12;
12,11;
11,13;
13,11;
11,14;
14,11;
12,11;
11,12;
12,13;
13,12;
12,14;
14,12;
13,11;
11,13;
13,12;
12,13;
13,14;
14,13;
13,27;
27,13;
13,28;
28,13;
13,30;
30,13;
13,31;
31,13;
14,11;
11,14;
14,12;
12,14;
14,13;
13,14;
14,15;
15,14;
14,31;
31,14;
14,32;
32,14;
14,33;
33,14;
14,38;
38,14;
15,14;
14,15;
15,16;
16,15;
15,30;
30,15;
15,33;
33,15;
16,15;
15,16;
16,31;
31,16;
16,32;
32,16;
17,2;
2,17;
17,18;
18,17;
17,19;
19,17;
17,40;
40,17;
17,42;
42,17;
18,1;
1,18;
18,17;
17,18;
18,19;
19,18;
18,20;
20,18;
18,42;
42,18;
19,17;
17,19;
19,18;
18,19;
19,20;
20,19;
20,18;
18,20;
20,19;
19,20;
20,41;
41,20;
21,6;
6,21;
21,7;
7,21;
21,22;
22,21;
21,41;
41,21;
22,5;
5,22;
22,7;
7,22;
22,21;
21,22;
22,23;
23,22;
23,6;
6,23;
23,8;
8,23;
23,22;
22,23;
23,24;
24,23;
23,39;
39,23;
24,7;
7,24;
24,23;
23,24;
24,25;
25,24;
24,39;
39,24;
25,24;
24,25;
25,26;
26,25;
26,9;
9,26;
26,25;
25,26;
26,27;
27,26;
27,13;
13,27;
27,26;
26,27;
27,28;
28,27;
27,29;
29,27;
28,13;
13,28;
28,27;
27,28;
28,29;
29,28;
29,27;
27,29;
29,28;
28,29;
29,30;
30,29;
30,13;
13,30;
30,15;
15,30;
30,29;
29,30;
30,38;
38,30;
31,13;
13,31;
31,14;
14,31;
31,16;
16,31;
31,32;
32,31;
31,38;
38,31;
32,14;
14,32;
32,16;
16,32;
32,31;
31,32;
32,33;
33,32;
32,38;
38,32;
33,14;
14,33;
33,15;
15,33;
33,32;
32,33;
34,7;
7,34;
34,8;
8,34;
34,36;
36,34;
34,41;
41,34;
35,37;
37,35;
35,42;
42,35;
36,4;
4,36;
36,5;
5,36;
36,34;
34,36;
36,39;
39,36;
37,2;
2,37;
37,35;
35,37;
37,40;
40,37;
37,42;
42,37;
38,14;
14,38;
38,30;
30,38;
38,31;
31,38;
38,32;
32,38;
39,23;
23,39;
39,24;
24,39;
39,36;
36,39;
39,41;
41,39;
40,17;
17,40;
40,37;
37,40;
40,42;
42,40;
41,20;
20,41;
41,21;
21,41;
41,34;
34,41;
41,39;
39,41;
42,17;
17,42;
42,18;
18,42;
42,35;
35,42;
42,37;
37,42;
42,40;
40,42;
}
label = {
1,1;
2,1;
3,1;
4,1;
5,1;
6,1;
7,1;
8,1;
9,1;
10,1;
11,1;
12,1;
13,1;
14,1;
15,1;
16,1;
17,1;
18,1;
19,1;
20,1;
21,1;
22,1;
23,1;
24,1;
25,1;
26,1;
27,1;
28,1;
29,1;
30,1;
31,1;
32,1;
33,2;
34,2;
35,2;
36,2;
37,2;
38,2;
39,2;
40,2;
41,2;
42,2;
}