edge = {
1,2;
2,1;
1,3;
3,1;
1,18;
18,1;
2,1;
1,2;
2,3;
3,2;
2,4;
4,2;
2,17;
17,2;
2,36;
36,2;
3,1;
1,3;
3,2;
2,3;
3,4;
4,3;
4,2;
2,4;
4,3;
3,4;
4,35;
35,4;
5,6;
6,5;
5,22;
22,5;
5,35;
35,5;
6,5;
5,6;
6,7;
7,6;
6,21;
21,6;
6,23;
23,6;
7,6;
6,7;
7,8;
8,7;
7,21;
21,7;
7,22;
22,7;
7,24;
24,7;
7,38;
38,7;
8,7;
7,8;
8,9;
9,8;
8,23;
23,8;
8,38;
38,8;
9,8;
8,9;
9,10;
10,9;
9,26;
26,9;
10,9;
9,10;
10,11;
11,10;
11,10;
10,11;
11,12;
12,11;
11,13;
13,11;
11,14;
14,11;
12,11;
11,12;
12,13;
13,12;
12,14;
14,12;
13,11;
11,13;
13,12;
12,13;
13,14;
14,13;
13,27;
27,13;
13,28;
28,13;
13,30;
30,13;
13,31;
31,13;
14,11;
11,14;
14,12;
12,14;
14,13;
13,14;
14,15;
15,14;
14,31;
31,14;
14,32;
32,14;
14,39;
39,14;
15,14;
14,15;
15,16;
16,15;
15,30;
30,15;
15,33;
33,15;
15,39;
39,15;
16,15;
15,16;
16,30;
30,16;
16,32;
32,16;
16,33;
33,16;
17,2;
2,17;
17,18;
18,17;
17,19;
19,17;
17,43;
43,17;
17,44;
44,17;
18,1;
1,18;
18,17;
17,18;
18,19;
19,18;
18,20;
20,18;
18,43;
43,18;
19,17;
17,19;
19,18;
18,19;
19,20;
20,19;
20,18;
18,20;
20,19;
19,20;
20,42;
42,20;
21,6;
6,21;
21,7;
7,21;
21,22;
22,21;
21,42;
42,21;
22,5;
5,22;
22,7;
7,22;
22,21;
21,22;
22,23;
23,22;
23,6;
6,23;
23,8;
8,23;
23,22;
22,23;
23,24;
24,23;
23,45;
45,23;
24,7;
7,24;
24,23;
23,24;
24,25;
25,24;
24,45;
45,24;
25,24;
24,25;
25,26;
26,25;
26,9;
9,26;
26,25;
25,26;
26,27;
27,26;
27,13;
13,27;
27,26;
26,27;
27,28;
28,27;
27,29;
29,27;
28,13;
13,28;
28,27;
27,28;
28,29;
29,28;
29,27;
27,29;
29,28;
28,29;
29,30;
30,29;
30,13;
13,30;
30,15;
15,30;
30,16;
16,30;
30,29;
29,30;
30,46;
46,30;
31,13;
13,31;
31,14;
14,31;
31,32;
32,31;
31,40;
40,31;
31,46;
46,31;
32,14;
14,32;
32,16;
16,32;
32,31;
31,32;
32,40;
40,32;
33,15;
15,33;
33,16;
16,33;
33,39;
39,33;
33,46;
46,33;
34,37;
37,34;
34,44;
44,34;
35,4;
4,35;
35,5;
5,35;
35,38;
38,35;
35,45;
45,35;
36,2;
2,36;
36,37;
37,36;
36,43;
43,36;
36,44;
44,36;
37,34;
34,37;
37,36;
36,37;
37,41;
41,37;
37,43;
43,37;
37,44;
44,37;
38,7;
7,38;
38,8;
8,38;
38,35;
35,38;
38,42;
42,38;
39,14;
14,39;
39,15;
15,39;
39,33;
33,39;
39,40;
40,39;
39,46;
46,39;
40,31;
31,40;
40,32;
32,40;
40,39;
39,40;
40,46;
46,40;
41,37;
37,41;
41,44;
44,41;
42,20;
20,42;
42,21;
21,42;
42,38;
38,42;
42,45;
45,42;
43,17;
17,43;
43,18;
18,43;
43,36;
36,43;
43,37;
37,43;
43,44;
44,43;
44,17;
17,44;
44,34;
34,44;
44,36;
36,44;
44,37;
37,44;
44,41;
41,44;
44,43;
43,44;
45,23;
23,45;
45,24;
24,45;
45,35;
35,45;
45,42;
42,45;
46,30;
30,46;
46,31;
31,46;
46,33;
33,46;
46,39;
39,46;
46,40;
40,46;
}
label = {
1,1;
2,1;
3,1;
4,1;
5,1;
6,1;
7,1;
8,1;
9,1;
10,1;
11,1;
12,1;
13,1;
14,1;
15,1;
16,1;
17,1;
18,1;
19,1;
20,1;
21,1;
22,1;
23,1;
24,1;
25,1;
26,1;
27,1;
28,1;
29,1;
30,1;
31,1;
32,1;
33,2;
34,2;
35,2;
36,2;
37,2;
38,2;
39,2;
40,2;
41,2;
42,2;
43,2;
44,2;
45,2;
46,2;
}