edge = {
1,2;
2,1;
1,3;
3,1;
1,38;
38,1;
2,1;
1,2;
2,3;
3,2;
2,40;
40,2;
2,43;
43,2;
3,1;
1,3;
3,2;
2,3;
3,4;
4,3;
3,40;
40,3;
3,50;
50,3;
4,3;
3,4;
4,5;
5,4;
4,22;
22,4;
4,40;
40,4;
4,50;
50,4;
5,4;
4,5;
5,21;
21,5;
5,45;
45,5;
6,7;
7,6;
6,8;
8,6;
6,39;
39,6;
7,6;
6,7;
7,8;
8,7;
7,23;
23,7;
7,25;
25,7;
8,6;
6,8;
8,7;
7,8;
8,23;
23,8;
8,24;
24,8;
8,26;
26,8;
8,37;
37,8;
9,10;
10,9;
9,27;
27,9;
9,37;
37,9;
9,42;
42,9;
10,9;
9,10;
10,11;
11,10;
11,10;
10,11;
11,12;
12,11;
11,29;
29,11;
12,11;
11,12;
12,13;
13,12;
12,14;
14,12;
13,12;
12,13;
13,14;
14,13;
13,32;
32,13;
14,12;
12,14;
14,13;
13,14;
14,33;
33,14;
14,36;
36,14;
15,16;
16,15;
15,17;
17,15;
15,32;
32,15;
15,41;
41,15;
16,15;
15,16;
16,17;
17,16;
16,35;
35,16;
16,44;
44,16;
17,15;
15,17;
17,16;
16,17;
17,34;
34,17;
17,35;
35,17;
17,44;
44,17;
18,19;
19,18;
18,20;
20,18;
18,21;
21,18;
18,53;
53,18;
19,18;
18,19;
19,20;
20,19;
19,21;
21,19;
19,50;
50,19;
20,18;
18,20;
20,19;
19,20;
20,21;
21,20;
20,50;
50,20;
21,5;
5,21;
21,18;
18,21;
21,19;
19,21;
21,20;
20,21;
21,22;
22,21;
22,4;
4,22;
22,21;
21,22;
22,55;
55,22;
23,7;
7,23;
23,8;
8,23;
23,24;
24,23;
23,49;
49,23;
24,8;
8,24;
24,23;
23,24;
24,25;
25,24;
25,7;
7,25;
25,24;
24,25;
25,26;
26,25;
25,52;
52,25;
26,8;
8,26;
26,25;
25,26;
26,27;
27,26;
26,47;
47,26;
27,9;
9,27;
27,26;
26,27;
27,28;
28,27;
28,27;
27,28;
28,29;
29,28;
28,30;
30,28;
29,11;
11,29;
29,28;
28,29;
29,30;
30,29;
29,31;
31,29;
30,28;
28,30;
30,29;
29,30;
30,31;
31,30;
30,32;
32,30;
31,29;
29,31;
31,30;
30,31;
31,32;
32,31;
32,13;
13,32;
32,15;
15,32;
32,30;
30,32;
32,31;
31,32;
32,46;
46,32;
33,14;
14,33;
33,34;
34,33;
33,35;
35,33;
33,51;
51,33;
34,17;
17,34;
34,33;
33,34;
34,35;
35,34;
34,54;
54,34;
35,16;
16,35;
35,17;
17,35;
35,33;
33,35;
35,34;
34,35;
35,54;
54,35;
36,14;
14,36;
36,41;
41,36;
36,44;
44,36;
36,54;
54,36;
37,8;
8,37;
37,9;
9,37;
37,42;
42,37;
38,1;
1,38;
38,43;
43,38;
38,53;
53,38;
39,6;
6,39;
39,45;
45,39;
39,55;
55,39;
40,2;
2,40;
40,3;
3,40;
40,4;
4,40;
41,15;
15,41;
41,36;
36,41;
41,44;
44,41;
41,54;
54,41;
42,9;
9,42;
42,37;
37,42;
43,2;
2,43;
43,38;
38,43;
43,48;
48,43;
44,16;
16,44;
44,17;
17,44;
44,36;
36,44;
44,41;
41,44;
45,5;
5,45;
45,39;
39,45;
45,49;
49,45;
45,55;
55,45;
46,32;
32,46;
46,51;
51,46;
47,26;
26,47;
47,52;
52,47;
48,43;
43,48;
48,53;
53,48;
49,23;
23,49;
49,45;
45,49;
49,55;
55,49;
50,3;
3,50;
50,4;
4,50;
50,19;
19,50;
50,20;
20,50;
51,33;
33,51;
51,46;
46,51;
52,25;
25,52;
52,47;
47,52;
53,18;
18,53;
53,38;
38,53;
53,48;
48,53;
54,34;
34,54;
54,35;
35,54;
54,36;
36,54;
54,41;
41,54;
55,22;
22,55;
55,39;
39,55;
55,45;
45,55;
55,49;
49,55;
}
label = {
1,1;
2,1;
3,1;
4,1;
5,1;
6,1;
7,1;
8,1;
9,1;
10,1;
11,1;
12,1;
13,1;
14,1;
15,1;
16,1;
17,1;
18,1;
19,1;
20,1;
21,1;
22,1;
23,1;
24,1;
25,1;
26,1;
27,1;
28,1;
29,1;
30,1;
31,1;
32,1;
33,1;
34,1;
35,1;
36,2;
37,2;
38,2;
39,2;
40,2;
41,2;
42,2;
43,2;
44,2;
45,2;
46,2;
47,2;
48,2;
49,2;
50,2;
51,2;
52,2;
53,2;
54,2;
55,2;
}