edge = {
1,2;
2,1;
1,17;
17,1;
2,1;
1,2;
2,3;
3,2;
2,20;
20,2;
2,37;
37,2;
3,2;
2,3;
3,19;
19,3;
3,36;
36,3;
4,5;
5,4;
4,22;
22,4;
4,23;
23,4;
4,36;
36,4;
5,4;
4,5;
5,6;
6,5;
5,21;
21,5;
5,23;
23,5;
6,5;
5,6;
6,7;
7,6;
6,21;
21,6;
6,22;
22,6;
6,24;
24,6;
6,39;
39,6;
7,6;
6,7;
7,8;
8,7;
7,23;
23,7;
7,34;
34,7;
8,7;
7,8;
8,9;
9,8;
8,26;
26,8;
9,8;
8,9;
9,10;
10,9;
9,11;
11,9;
10,9;
9,10;
10,11;
11,10;
10,26;
26,10;
11,9;
9,11;
11,10;
10,11;
11,12;
12,11;
11,13;
13,11;
12,11;
11,12;
12,13;
13,12;
12,28;
28,12;
12,30;
30,12;
13,11;
11,13;
13,12;
12,13;
13,31;
31,13;
13,33;
33,13;
14,15;
15,14;
14,16;
16,14;
14,30;
30,14;
14,38;
38,14;
15,14;
14,15;
15,16;
16,15;
15,32;
32,15;
15,41;
41,15;
16,14;
14,16;
16,15;
15,16;
16,32;
32,16;
16,41;
41,16;
17,1;
1,17;
17,18;
18,17;
17,19;
19,17;
17,46;
46,17;
17,49;
49,17;
18,17;
17,18;
18,19;
19,18;
18,20;
20,18;
18,46;
46,18;
19,3;
3,19;
19,17;
17,19;
19,18;
18,19;
19,20;
20,19;
20,2;
2,20;
20,18;
18,20;
20,19;
19,20;
20,45;
45,20;
21,5;
5,21;
21,6;
6,21;
21,22;
22,21;
21,45;
45,21;
22,4;
4,22;
22,6;
6,22;
22,21;
21,22;
22,23;
23,22;
23,4;
4,23;
23,5;
5,23;
23,7;
7,23;
23,22;
22,23;
23,24;
24,23;
23,48;
48,23;
24,6;
6,24;
24,23;
23,24;
24,25;
25,24;
24,43;
43,24;
25,24;
24,25;
25,26;
26,25;
26,8;
8,26;
26,10;
10,26;
26,25;
25,26;
26,27;
27,26;
27,26;
26,27;
27,28;
28,27;
28,12;
12,28;
28,27;
27,28;
28,29;
29,28;
29,28;
28,29;
29,30;
30,29;
30,12;
12,30;
30,14;
14,30;
30,29;
29,30;
30,31;
31,30;
30,42;
42,30;
31,13;
13,31;
31,30;
30,31;
31,32;
32,31;
31,47;
47,31;
31,50;
50,31;
32,15;
15,32;
32,16;
16,32;
32,31;
31,32;
32,50;
50,32;
33,13;
13,33;
33,38;
38,33;
33,41;
41,33;
33,50;
50,33;
34,7;
7,34;
34,36;
36,34;
34,39;
39,34;
34,45;
45,34;
35,37;
37,35;
35,40;
40,35;
35,46;
46,35;
35,49;
49,35;
36,3;
3,36;
36,4;
4,36;
36,34;
34,36;
36,39;
39,36;
37,2;
2,37;
37,35;
35,37;
37,40;
40,37;
38,14;
14,38;
38,33;
33,38;
38,41;
41,38;
38,50;
50,38;
39,6;
6,39;
39,34;
34,39;
39,36;
36,39;
39,45;
45,39;
40,35;
35,40;
40,37;
37,40;
40,44;
44,40;
40,46;
46,40;
41,15;
15,41;
41,16;
16,41;
41,33;
33,41;
41,38;
38,41;
41,50;
50,41;
42,30;
30,42;
42,47;
47,42;
43,24;
24,43;
43,48;
48,43;
44,40;
40,44;
44,49;
49,44;
45,20;
20,45;
45,21;
21,45;
45,34;
34,45;
45,39;
39,45;
46,17;
17,46;
46,18;
18,46;
46,35;
35,46;
46,40;
40,46;
47,31;
31,47;
47,42;
42,47;
48,23;
23,48;
48,43;
43,48;
49,17;
17,49;
49,35;
35,49;
49,44;
44,49;
50,31;
31,50;
50,32;
32,50;
50,33;
33,50;
50,38;
38,50;
50,41;
41,50;
}
label = {
1,1;
2,1;
3,1;
4,1;
5,1;
6,1;
7,1;
8,1;
9,1;
10,1;
11,1;
12,1;
13,1;
14,1;
15,1;
16,1;
17,1;
18,1;
19,1;
20,1;
21,1;
22,1;
23,1;
24,1;
25,1;
26,1;
27,1;
28,1;
29,1;
30,1;
31,1;
32,1;
33,2;
34,2;
35,2;
36,2;
37,2;
38,2;
39,2;
40,2;
41,2;
42,2;
43,2;
44,2;
45,2;
46,2;
47,2;
48,2;
49,2;
50,2;
}