edge = {
1,2;
2,1;
1,13;
13,1;
2,1;
1,2;
2,3;
3,2;
2,4;
4,2;
2,34;
34,2;
3,2;
2,3;
3,4;
4,3;
3,5;
5,3;
3,6;
6,3;
4,2;
2,4;
4,3;
3,4;
4,5;
5,4;
4,6;
6,4;
5,3;
3,5;
5,4;
4,5;
5,6;
6,5;
6,3;
3,6;
6,4;
4,6;
6,5;
5,6;
6,35;
35,6;
7,8;
8,7;
7,9;
9,7;
7,19;
19,7;
7,35;
35,7;
7,37;
37,7;
8,7;
7,8;
8,9;
9,8;
8,18;
18,8;
8,37;
37,8;
9,7;
7,9;
9,8;
8,9;
9,10;
10,9;
9,19;
19,9;
10,9;
9,10;
10,11;
11,10;
10,22;
22,10;
10,23;
23,10;
10,38;
38,10;
11,10;
10,11;
11,22;
22,11;
11,38;
38,11;
12,13;
13,12;
12,25;
25,12;
12,39;
39,12;
12,41;
41,12;
13,1;
1,13;
13,12;
12,13;
13,14;
14,13;
13,26;
26,13;
13,39;
39,13;
14,13;
13,14;
14,15;
15,14;
14,25;
25,14;
15,14;
14,15;
15,16;
16,15;
15,17;
17,15;
15,25;
25,15;
16,15;
15,16;
16,17;
17,16;
16,27;
27,16;
17,15;
15,17;
17,16;
16,17;
17,40;
40,17;
18,8;
8,18;
18,19;
19,18;
18,20;
20,18;
18,40;
40,18;
18,42;
42,18;
19,7;
7,19;
19,9;
9,19;
19,18;
18,19;
19,20;
20,19;
19,42;
42,19;
20,18;
18,20;
20,19;
19,20;
20,21;
21,20;
21,20;
20,21;
21,22;
22,21;
21,23;
23,21;
21,43;
43,21;
22,10;
10,22;
22,11;
11,22;
22,21;
21,22;
22,23;
23,22;
22,43;
43,22;
23,10;
10,23;
23,21;
21,23;
23,22;
22,23;
24,25;
25,24;
24,36;
36,24;
24,41;
41,24;
24,44;
44,24;
24,46;
46,24;
25,12;
12,25;
25,14;
14,25;
25,15;
15,25;
25,24;
24,25;
25,26;
26,25;
25,34;
34,25;
25,39;
39,25;
25,44;
44,25;
26,13;
13,26;
26,25;
25,26;
26,27;
27,26;
26,34;
34,26;
27,16;
16,27;
27,26;
26,27;
27,35;
35,27;
27,45;
45,27;
28,37;
37,28;
28,42;
42,28;
28,45;
45,28;
28,47;
47,28;
29,30;
30,29;
29,37;
37,29;
29,42;
42,29;
29,47;
47,29;
30,29;
29,30;
30,31;
31,30;
30,37;
37,30;
31,30;
30,31;
31,32;
32,31;
31,33;
33,31;
31,38;
38,31;
31,43;
43,31;
31,48;
48,31;
32,31;
31,32;
32,33;
33,32;
32,38;
38,32;
32,48;
48,32;
33,31;
31,33;
33,32;
32,33;
34,2;
2,34;
34,25;
25,34;
34,26;
26,34;
34,36;
36,34;
35,6;
6,35;
35,7;
7,35;
35,27;
27,35;
35,37;
37,35;
35,42;
42,35;
35,47;
47,35;
36,24;
24,36;
36,34;
34,36;
37,7;
7,37;
37,8;
8,37;
37,28;
28,37;
37,29;
29,37;
37,30;
30,37;
37,35;
35,37;
37,40;
40,37;
37,45;
45,37;
38,10;
10,38;
38,11;
11,38;
38,31;
31,38;
38,32;
32,38;
38,48;
48,38;
39,12;
12,39;
39,13;
13,39;
39,25;
25,39;
40,17;
17,40;
40,18;
18,40;
40,37;
37,40;
41,12;
12,41;
41,24;
24,41;
42,18;
18,42;
42,19;
19,42;
42,28;
28,42;
42,29;
29,42;
42,35;
35,42;
43,21;
21,43;
43,22;
22,43;
43,31;
31,43;
43,48;
48,43;
44,24;
24,44;
44,25;
25,44;
45,27;
27,45;
45,28;
28,45;
45,37;
37,45;
46,24;
24,46;
47,28;
28,47;
47,29;
29,47;
47,35;
35,47;
48,31;
31,48;
48,32;
32,48;
48,38;
38,48;
48,43;
43,48;
}
label = {
1,1;
2,1;
3,1;
4,1;
5,1;
6,1;
7,1;
8,1;
9,1;
10,1;
11,1;
12,1;
13,1;
14,1;
15,1;
16,1;
17,1;
18,1;
19,1;
20,1;
21,1;
22,1;
23,1;
24,1;
25,1;
26,1;
27,1;
28,1;
29,1;
30,1;
31,1;
32,1;
33,1;
34,2;
35,2;
36,2;
37,2;
38,2;
39,2;
40,2;
41,2;
42,2;
43,2;
44,2;
45,2;
46,2;
47,2;
48,2;
}