edge = {
1,2;
2,1;
1,3;
3,1;
1,4;
4,1;
2,1;
1,2;
2,3;
3,2;
2,4;
4,2;
3,1;
1,3;
3,2;
2,3;
3,4;
4,3;
3,5;
5,3;
3,20;
20,3;
4,1;
1,4;
4,2;
2,4;
4,3;
3,4;
4,5;
5,4;
4,6;
6,4;
4,23;
23,4;
5,3;
3,5;
5,4;
4,5;
5,6;
6,5;
5,7;
7,5;
5,21;
21,5;
6,4;
4,6;
6,5;
5,6;
6,7;
7,6;
6,8;
8,6;
6,38;
38,6;
7,5;
5,7;
7,6;
6,7;
7,8;
8,7;
7,9;
9,7;
8,6;
6,8;
8,7;
7,8;
8,9;
9,8;
8,26;
26,8;
9,7;
7,9;
9,8;
8,9;
9,10;
10,9;
9,27;
27,9;
9,28;
28,9;
10,9;
9,10;
10,11;
11,10;
10,12;
12,10;
10,29;
29,10;
10,35;
35,10;
11,10;
10,11;
11,12;
12,11;
11,13;
13,11;
11,14;
14,11;
11,34;
34,11;
12,10;
10,12;
12,11;
11,12;
12,13;
13,12;
12,14;
14,12;
13,11;
11,13;
13,12;
12,13;
13,14;
14,13;
13,15;
15,13;
14,11;
11,14;
14,12;
12,14;
14,13;
13,14;
14,15;
15,14;
14,33;
33,14;
15,13;
13,15;
15,14;
14,15;
15,16;
16,15;
15,32;
32,15;
15,33;
33,15;
16,15;
15,16;
16,17;
17,16;
16,18;
18,16;
16,19;
19,16;
16,31;
31,16;
17,16;
16,17;
17,18;
18,17;
17,19;
19,17;
17,30;
30,17;
18,16;
16,18;
18,17;
17,18;
18,19;
19,18;
18,30;
30,18;
19,16;
16,19;
19,17;
17,19;
19,18;
18,19;
20,3;
3,20;
20,23;
23,20;
20,24;
24,20;
20,25;
25,20;
21,5;
5,21;
21,22;
22,21;
21,37;
37,21;
21,38;
38,21;
22,21;
21,22;
22,37;
37,22;
22,38;
38,22;
23,4;
4,23;
23,20;
20,23;
23,24;
24,23;
23,25;
25,23;
24,20;
20,24;
24,23;
23,24;
24,25;
25,24;
25,20;
20,25;
25,23;
23,25;
25,24;
24,25;
26,8;
8,26;
26,27;
27,26;
26,28;
28,26;
26,29;
29,26;
27,9;
9,27;
27,26;
26,27;
27,28;
28,27;
27,29;
29,27;
28,9;
9,28;
28,26;
26,28;
28,27;
27,28;
28,29;
29,28;
29,10;
10,29;
29,26;
26,29;
29,27;
27,29;
29,28;
28,29;
29,34;
34,29;
29,35;
35,29;
29,36;
36,29;
30,17;
17,30;
30,18;
18,30;
30,31;
31,30;
30,32;
32,30;
30,33;
33,30;
31,16;
16,31;
31,30;
30,31;
31,32;
32,31;
31,33;
33,31;
32,15;
15,32;
32,30;
30,32;
32,31;
31,32;
32,33;
33,32;
33,14;
14,33;
33,15;
15,33;
33,30;
30,33;
33,31;
31,33;
33,32;
32,33;
33,34;
34,33;
34,11;
11,34;
34,29;
29,34;
34,33;
33,34;
34,35;
35,34;
34,36;
36,34;
35,10;
10,35;
35,29;
29,35;
35,34;
34,35;
35,36;
36,35;
36,29;
29,36;
36,34;
34,36;
36,35;
35,36;
37,21;
21,37;
37,22;
22,37;
37,38;
38,37;
38,6;
6,38;
38,21;
21,38;
38,22;
22,38;
38,37;
37,38;
}
label = {
1,1;
2,1;
3,1;
4,1;
5,1;
6,1;
7,1;
8,1;
9,1;
10,1;
11,1;
12,1;
13,1;
14,1;
15,1;
16,1;
17,1;
18,1;
19,1;
20,2;
21,2;
22,2;
23,2;
24,2;
25,2;
26,2;
27,2;
28,2;
29,2;
30,2;
31,2;
32,2;
33,2;
34,2;
35,2;
36,2;
37,2;
38,2;
}