edge = {
1,37;
37,1;
1,39;
39,1;
1,42;
42,1;
1,44;
44,1;
1,47;
47,1;
1,49;
49,1;
2,3;
3,2;
2,37;
37,2;
2,42;
42,2;
3,2;
2,3;
3,4;
4,3;
3,28;
28,3;
4,3;
3,4;
4,5;
5,4;
5,4;
4,5;
5,6;
6,5;
5,29;
29,5;
6,5;
5,6;
6,29;
29,6;
6,38;
38,6;
7,32;
32,7;
7,38;
38,7;
7,40;
40,7;
8,9;
9,8;
8,33;
33,8;
8,40;
40,8;
8,45;
45,8;
8,50;
50,8;
9,8;
8,9;
9,10;
10,9;
9,32;
32,9;
9,34;
34,9;
10,9;
9,10;
10,33;
33,10;
10,41;
41,10;
11,12;
12,11;
11,41;
41,11;
11,46;
46,11;
11,51;
51,11;
12,11;
11,12;
12,41;
41,12;
12,46;
46,12;
13,14;
14,13;
13,26;
26,13;
13,42;
42,13;
13,44;
44,13;
14,13;
13,14;
14,15;
15,14;
14,25;
25,14;
14,27;
27,14;
14,42;
42,14;
15,14;
14,15;
15,16;
16,15;
15,26;
26,15;
15,28;
28,15;
16,15;
15,16;
16,17;
17,16;
16,27;
27,16;
17,16;
16,17;
17,18;
18,17;
17,30;
30,17;
18,17;
17,18;
18,29;
29,18;
18,43;
43,18;
19,20;
20,19;
19,32;
32,19;
19,43;
43,19;
19,45;
45,19;
20,19;
19,20;
20,21;
21,20;
20,31;
31,20;
20,45;
45,20;
21,20;
20,21;
21,22;
22,21;
21,34;
34,21;
22,21;
21,22;
22,35;
35,22;
22,46;
46,22;
23,24;
24,23;
23,36;
36,23;
23,46;
46,23;
24,23;
23,24;
24,35;
35,24;
24,36;
36,24;
25,14;
14,25;
25,26;
26,25;
25,47;
47,25;
25,49;
49,25;
26,13;
13,26;
26,15;
15,26;
26,25;
25,26;
26,27;
27,26;
26,47;
47,26;
27,14;
14,27;
27,16;
16,27;
27,26;
26,27;
27,28;
28,27;
28,3;
3,28;
28,15;
15,28;
28,27;
27,28;
28,29;
29,28;
29,5;
5,29;
29,6;
6,29;
29,18;
18,29;
29,28;
28,29;
29,30;
30,29;
30,17;
17,30;
30,29;
29,30;
30,48;
48,30;
31,20;
20,31;
31,32;
32,31;
31,48;
48,31;
31,50;
50,31;
32,7;
7,32;
32,9;
9,32;
32,19;
19,32;
32,31;
31,32;
32,33;
33,32;
32,40;
40,32;
32,45;
45,32;
32,50;
50,32;
33,8;
8,33;
33,10;
10,33;
33,32;
32,33;
33,34;
34,33;
34,9;
9,34;
34,21;
21,34;
34,33;
33,34;
34,35;
35,34;
34,51;
51,34;
35,22;
22,35;
35,24;
24,35;
35,34;
34,35;
35,36;
36,35;
35,51;
51,35;
36,23;
23,36;
36,24;
24,36;
36,35;
35,36;
37,1;
1,37;
37,2;
2,37;
37,39;
39,37;
37,42;
42,37;
38,6;
6,38;
38,7;
7,38;
38,40;
40,38;
38,43;
43,38;
39,1;
1,39;
39,37;
37,39;
40,7;
7,40;
40,8;
8,40;
40,32;
32,40;
40,38;
38,40;
40,43;
43,40;
40,48;
48,40;
41,10;
10,41;
41,11;
11,41;
41,12;
12,41;
41,51;
51,41;
42,1;
1,42;
42,2;
2,42;
42,13;
13,42;
42,14;
14,42;
42,37;
37,42;
42,47;
47,42;
43,18;
18,43;
43,19;
19,43;
43,38;
38,43;
43,40;
40,43;
43,48;
48,43;
44,1;
1,44;
44,13;
13,44;
45,8;
8,45;
45,19;
19,45;
45,20;
20,45;
45,32;
32,45;
46,11;
11,46;
46,12;
12,46;
46,22;
22,46;
46,23;
23,46;
46,51;
51,46;
47,1;
1,47;
47,25;
25,47;
47,26;
26,47;
47,42;
42,47;
48,30;
30,48;
48,31;
31,48;
48,40;
40,48;
48,43;
43,48;
49,1;
1,49;
49,25;
25,49;
50,8;
8,50;
50,31;
31,50;
50,32;
32,50;
51,11;
11,51;
51,34;
34,51;
51,35;
35,51;
51,41;
41,51;
51,46;
46,51;
}
label = {
1,1;
2,1;
3,1;
4,1;
5,1;
6,1;
7,1;
8,1;
9,1;
10,1;
11,1;
12,1;
13,1;
14,1;
15,1;
16,1;
17,1;
18,1;
19,1;
20,1;
21,1;
22,1;
23,1;
24,1;
25,1;
26,1;
27,1;
28,1;
29,1;
30,1;
31,1;
32,1;
33,1;
34,1;
35,1;
36,1;
37,2;
38,2;
39,2;
40,2;
41,2;
42,2;
43,2;
44,2;
45,2;
46,2;
47,2;
48,2;
49,2;
50,2;
51,2;
}