edge = {
1,2;
2,1;
1,8;
8,1;
1,9;
9,1;
2,1;
1,2;
2,3;
3,2;
2,4;
4,2;
2,17;
17,2;
3,2;
2,3;
3,4;
4,3;
3,8;
8,3;
3,15;
15,3;
4,2;
2,4;
4,3;
3,4;
4,5;
5,4;
4,11;
11,4;
4,15;
15,4;
5,4;
4,5;
5,6;
6,5;
5,10;
10,5;
5,12;
12,5;
5,16;
16,5;
6,5;
5,6;
6,11;
11,6;
6,12;
12,6;
6,16;
16,6;
6,18;
18,6;
7,14;
14,7;
7,19;
19,7;
7,24;
24,7;
8,1;
1,8;
8,3;
3,8;
8,22;
22,8;
9,1;
1,9;
9,10;
10,9;
9,17;
17,9;
9,20;
20,9;
9,22;
22,9;
10,5;
5,10;
10,9;
9,10;
10,11;
11,10;
10,15;
15,10;
10,20;
20,10;
11,4;
4,11;
11,6;
6,11;
11,10;
10,11;
11,12;
12,11;
11,21;
21,11;
12,5;
5,12;
12,6;
6,12;
12,11;
11,12;
12,13;
13,12;
12,21;
21,12;
12,23;
23,12;
13,12;
12,13;
13,18;
18,13;
13,19;
19,13;
13,23;
23,13;
13,24;
24,13;
14,7;
7,14;
14,24;
24,14;
15,3;
3,15;
15,4;
4,15;
15,10;
10,15;
15,17;
17,15;
15,22;
22,15;
16,5;
5,16;
16,6;
6,16;
16,18;
18,16;
16,23;
23,16;
17,2;
2,17;
17,9;
9,17;
17,15;
15,17;
17,20;
20,17;
18,6;
6,18;
18,13;
13,18;
18,16;
16,18;
18,19;
19,18;
18,21;
21,18;
19,7;
7,19;
19,13;
13,19;
19,18;
18,19;
19,24;
24,19;
20,9;
9,20;
20,10;
10,20;
20,17;
17,20;
21,11;
11,21;
21,12;
12,21;
21,18;
18,21;
21,23;
23,21;
22,8;
8,22;
22,9;
9,22;
22,15;
15,22;
23,12;
12,23;
23,13;
13,23;
23,16;
16,23;
23,21;
21,23;
24,7;
7,24;
24,13;
13,24;
24,14;
14,24;
24,19;
19,24;
}
label = {
1,1;
2,1;
3,1;
4,1;
5,1;
6,1;
7,1;
8,1;
9,1;
10,1;
11,1;
12,1;
13,1;
14,1;
15,2;
16,2;
17,2;
18,2;
19,2;
20,2;
21,2;
22,2;
23,2;
24,2;
}