edge = {
1,2;
2,1;
1,3;
3,1;
1,10;
10,1;
2,1;
1,2;
2,3;
3,2;
2,10;
10,2;
2,34;
34,2;
3,1;
1,3;
3,2;
2,3;
3,4;
4,3;
3,10;
10,3;
3,32;
32,3;
3,34;
34,3;
4,3;
3,4;
4,5;
5,4;
4,12;
12,4;
4,32;
32,4;
5,4;
4,5;
5,6;
6,5;
5,11;
11,5;
5,33;
33,5;
6,5;
5,6;
6,7;
7,6;
6,33;
33,6;
6,35;
35,6;
7,6;
6,7;
7,8;
8,7;
7,9;
9,7;
7,15;
15,7;
7,35;
35,7;
8,7;
7,8;
8,9;
9,8;
8,36;
36,8;
9,7;
7,9;
9,8;
8,9;
9,16;
16,9;
9,36;
36,9;
10,1;
1,10;
10,2;
2,10;
10,3;
3,10;
10,11;
11,10;
10,17;
17,10;
10,37;
37,10;
10,39;
39,10;
11,5;
5,11;
11,10;
10,11;
11,12;
12,11;
11,37;
37,11;
12,4;
4,12;
12,11;
11,12;
12,13;
13,12;
12,38;
38,12;
13,12;
12,13;
13,14;
14,13;
13,38;
38,13;
13,40;
40,13;
14,13;
13,14;
14,15;
15,14;
14,40;
40,14;
15,7;
7,15;
15,14;
14,15;
15,16;
16,15;
15,22;
22,15;
15,24;
24,15;
15,41;
41,15;
16,9;
9,16;
16,15;
15,16;
16,24;
24,16;
16,36;
36,16;
16,41;
41,16;
17,10;
10,17;
17,18;
18,17;
17,25;
25,17;
17,44;
44,17;
18,17;
17,18;
18,19;
19,18;
18,25;
25,18;
18,42;
42,18;
18,44;
44,18;
19,18;
18,19;
19,20;
20,19;
19,27;
27,19;
19,42;
42,19;
20,19;
19,20;
20,21;
21,20;
20,26;
26,20;
20,43;
43,20;
21,20;
20,21;
21,22;
22,21;
21,43;
43,21;
21,45;
45,21;
22,15;
15,22;
22,21;
21,22;
22,23;
23,22;
22,45;
45,22;
23,22;
22,23;
23,24;
24,23;
23,46;
46,23;
24,15;
15,24;
24,16;
16,24;
24,23;
23,24;
24,31;
31,24;
24,46;
46,24;
25,17;
17,25;
25,18;
18,25;
25,26;
26,25;
25,47;
47,25;
25,49;
49,25;
26,20;
20,26;
26,25;
25,26;
26,27;
27,26;
26,47;
47,26;
27,19;
19,27;
27,26;
26,27;
27,28;
28,27;
27,48;
48,27;
28,27;
27,28;
28,29;
29,28;
28,30;
30,28;
28,48;
48,28;
28,50;
50,28;
29,28;
28,29;
29,30;
30,29;
29,31;
31,29;
29,50;
50,29;
30,28;
28,30;
30,29;
29,30;
30,31;
31,30;
30,51;
51,30;
31,24;
24,31;
31,29;
29,31;
31,30;
30,31;
31,51;
51,31;
32,3;
3,32;
32,4;
4,32;
33,5;
5,33;
33,6;
6,33;
34,2;
2,34;
34,3;
3,34;
35,6;
6,35;
35,7;
7,35;
36,8;
8,36;
36,9;
9,36;
36,16;
16,36;
36,51;
51,36;
37,10;
10,37;
37,11;
11,37;
38,12;
12,38;
38,13;
13,38;
39,10;
10,39;
40,13;
13,40;
40,14;
14,40;
41,15;
15,41;
41,16;
16,41;
41,51;
51,41;
42,18;
18,42;
42,19;
19,42;
43,20;
20,43;
43,21;
21,43;
44,17;
17,44;
44,18;
18,44;
45,21;
21,45;
45,22;
22,45;
46,23;
23,46;
46,24;
24,46;
46,51;
51,46;
47,25;
25,47;
47,26;
26,47;
48,27;
27,48;
48,28;
28,48;
49,25;
25,49;
50,28;
28,50;
50,29;
29,50;
51,30;
30,51;
51,31;
31,51;
51,36;
36,51;
51,41;
41,51;
51,46;
46,51;
}
label = {
1,1;
2,1;
3,1;
4,1;
5,1;
6,1;
7,1;
8,1;
9,1;
10,1;
11,1;
12,1;
13,1;
14,1;
15,1;
16,1;
17,1;
18,1;
19,1;
20,1;
21,1;
22,1;
23,1;
24,1;
25,1;
26,1;
27,1;
28,1;
29,1;
30,1;
31,1;
32,2;
33,2;
34,2;
35,2;
36,2;
37,2;
38,2;
39,2;
40,2;
41,2;
42,2;
43,2;
44,2;
45,2;
46,2;
47,2;
48,2;
49,2;
50,2;
51,2;
}