edge = {
1,2;
2,1;
1,10;
10,1;
2,1;
1,2;
2,3;
3,2;
2,9;
9,2;
2,11;
11,2;
2,33;
33,2;
2,35;
35,2;
3,2;
2,3;
3,4;
4,3;
3,12;
12,3;
3,33;
33,3;
4,3;
3,4;
4,5;
5,4;
4,11;
11,4;
4,34;
34,4;
5,4;
4,5;
5,6;
6,5;
5,7;
7,5;
5,34;
34,5;
5,36;
36,5;
6,5;
5,6;
6,7;
7,6;
6,8;
8,6;
6,15;
15,6;
6,36;
36,6;
7,5;
5,7;
7,6;
6,7;
7,8;
8,7;
7,37;
37,7;
8,6;
6,8;
8,7;
7,8;
8,37;
37,8;
9,2;
2,9;
9,10;
10,9;
9,40;
40,9;
10,1;
1,10;
10,9;
9,10;
10,11;
11,10;
10,38;
38,10;
10,40;
40,10;
11,2;
2,11;
11,4;
4,11;
11,10;
10,11;
11,12;
12,11;
11,38;
38,11;
12,3;
3,12;
12,11;
11,12;
12,39;
39,12;
13,34;
34,13;
13,39;
39,13;
13,41;
41,13;
13,44;
44,13;
14,15;
15,14;
14,36;
36,14;
14,41;
41,14;
15,6;
6,15;
15,14;
14,15;
15,36;
36,15;
15,41;
41,15;
15,42;
42,15;
16,37;
37,16;
16,42;
42,16;
16,47;
47,16;
17,26;
26,17;
17,35;
35,17;
17,40;
40,17;
17,45;
45,17;
18,35;
35,18;
18,40;
40,18;
18,43;
43,18;
18,45;
45,18;
19,20;
20,19;
19,28;
28,19;
19,43;
43,19;
20,19;
19,20;
20,27;
27,20;
20,44;
44,20;
21,34;
34,21;
21,39;
39,21;
21,44;
44,21;
21,46;
46,21;
22,23;
23,22;
22,36;
36,22;
22,41;
41,22;
22,46;
46,22;
23,22;
22,23;
23,36;
36,23;
23,41;
41,23;
23,47;
47,23;
24,37;
37,24;
24,42;
42,24;
24,47;
47,24;
25,26;
26,25;
25,35;
35,25;
25,40;
40,25;
25,50;
50,25;
26,17;
17,26;
26,25;
25,26;
26,27;
27,26;
26,48;
48,26;
26,50;
50,26;
27,20;
20,27;
27,26;
26,27;
27,28;
28,27;
27,48;
48,27;
28,19;
19,28;
28,27;
27,28;
28,29;
29,28;
28,49;
49,28;
29,28;
28,29;
29,30;
30,29;
29,49;
49,29;
29,51;
51,29;
30,29;
29,30;
30,31;
31,30;
30,36;
36,30;
30,51;
51,30;
31,30;
30,31;
31,32;
32,31;
31,36;
36,31;
31,52;
52,31;
32,31;
31,32;
32,52;
52,32;
33,2;
2,33;
33,3;
3,33;
34,4;
4,34;
34,5;
5,34;
34,13;
13,34;
34,21;
21,34;
35,2;
2,35;
35,17;
17,35;
35,18;
18,35;
35,25;
25,35;
36,5;
5,36;
36,6;
6,36;
36,14;
14,36;
36,15;
15,36;
36,22;
22,36;
36,23;
23,36;
36,30;
30,36;
36,31;
31,36;
37,7;
7,37;
37,8;
8,37;
37,16;
16,37;
37,24;
24,37;
37,52;
52,37;
38,10;
10,38;
38,11;
11,38;
39,12;
12,39;
39,13;
13,39;
39,21;
21,39;
40,9;
9,40;
40,10;
10,40;
40,17;
17,40;
40,18;
18,40;
40,25;
25,40;
41,13;
13,41;
41,14;
14,41;
41,15;
15,41;
41,22;
22,41;
41,23;
23,41;
42,15;
15,42;
42,16;
16,42;
42,24;
24,42;
42,52;
52,42;
43,18;
18,43;
43,19;
19,43;
44,13;
13,44;
44,20;
20,44;
44,21;
21,44;
45,17;
17,45;
45,18;
18,45;
46,21;
21,46;
46,22;
22,46;
47,16;
16,47;
47,23;
23,47;
47,24;
24,47;
47,52;
52,47;
48,26;
26,48;
48,27;
27,48;
49,28;
28,49;
49,29;
29,49;
50,25;
25,50;
50,26;
26,50;
51,29;
29,51;
51,30;
30,51;
52,31;
31,52;
52,32;
32,52;
52,37;
37,52;
52,42;
42,52;
52,47;
47,52;
}
label = {
1,1;
2,1;
3,1;
4,1;
5,1;
6,1;
7,1;
8,1;
9,1;
10,1;
11,1;
12,1;
13,1;
14,1;
15,1;
16,1;
17,1;
18,1;
19,1;
20,1;
21,1;
22,1;
23,1;
24,1;
25,1;
26,1;
27,1;
28,1;
29,1;
30,1;
31,1;
32,1;
33,2;
34,2;
35,2;
36,2;
37,2;
38,2;
39,2;
40,2;
41,2;
42,2;
43,2;
44,2;
45,2;
46,2;
47,2;
48,2;
49,2;
50,2;
51,2;
52,2;
}