edge = {
1,10;
10,1;
1,17;
17,1;
2,3;
3,2;
2,14;
14,2;
2,21;
21,2;
3,2;
2,3;
3,4;
4,3;
3,8;
8,3;
4,3;
3,4;
4,7;
7,4;
4,8;
8,4;
5,10;
10,5;
5,13;
13,5;
5,17;
17,5;
5,20;
20,5;
6,7;
7,6;
6,8;
8,6;
6,21;
21,6;
7,4;
4,7;
7,6;
6,7;
7,8;
8,7;
8,3;
3,8;
8,4;
4,8;
8,6;
6,8;
8,7;
7,8;
9,10;
10,9;
9,15;
15,9;
9,22;
22,9;
10,1;
1,10;
10,5;
5,10;
10,9;
9,10;
10,13;
13,10;
11,12;
12,11;
11,14;
14,11;
11,18;
18,11;
11,19;
19,11;
11,21;
21,11;
12,11;
11,12;
12,13;
13,12;
12,20;
20,12;
13,5;
5,13;
13,10;
10,13;
13,12;
12,13;
13,17;
17,13;
13,19;
19,13;
14,2;
2,14;
14,11;
11,14;
14,18;
18,14;
15,9;
9,15;
15,16;
16,15;
15,22;
22,15;
16,15;
15,16;
16,22;
22,16;
17,1;
1,17;
17,5;
5,17;
17,13;
13,17;
17,22;
22,17;
18,11;
11,18;
18,14;
14,18;
18,19;
19,18;
18,21;
21,18;
19,11;
11,19;
19,13;
13,19;
19,18;
18,19;
19,20;
20,19;
20,5;
5,20;
20,12;
12,20;
20,19;
19,20;
21,2;
2,21;
21,6;
6,21;
21,11;
11,21;
21,18;
18,21;
22,9;
9,22;
22,15;
15,22;
22,16;
16,22;
22,17;
17,22;
}
label = {
1,1;
2,1;
3,1;
4,1;
5,1;
6,1;
7,1;
8,1;
9,2;
10,2;
11,2;
12,2;
13,2;
14,2;
15,2;
16,2;
17,2;
18,2;
19,2;
20,2;
21,2;
22,2;
}