edge = {
1,2;
2,1;
1,14;
14,1;
2,1;
1,2;
2,3;
3,2;
2,13;
13,2;
2,25;
25,2;
2,28;
28,2;
3,2;
2,3;
3,14;
14,3;
3,28;
28,3;
3,29;
29,3;
4,5;
5,4;
4,6;
6,4;
4,7;
7,4;
4,29;
29,4;
5,4;
4,5;
5,6;
6,5;
5,7;
7,5;
5,8;
8,5;
6,4;
4,6;
6,5;
5,6;
6,7;
7,6;
6,8;
8,6;
6,30;
30,6;
7,4;
4,7;
7,5;
5,7;
7,6;
6,7;
7,8;
8,7;
7,30;
30,7;
7,40;
40,7;
8,5;
5,8;
8,6;
6,8;
8,7;
7,8;
8,31;
31,8;
9,10;
10,9;
9,22;
22,9;
9,33;
33,9;
10,9;
9,10;
10,11;
11,10;
10,21;
21,10;
11,10;
10,11;
11,12;
12,11;
11,24;
24,11;
11,34;
34,11;
11,44;
44,11;
12,11;
11,12;
12,23;
23,12;
12,24;
24,12;
12,34;
34,12;
12,44;
44,12;
13,2;
2,13;
13,14;
14,13;
13,36;
36,13;
13,37;
37,13;
14,1;
1,14;
14,3;
3,14;
14,13;
13,14;
14,15;
15,14;
14,25;
25,14;
14,35;
35,14;
14,38;
38,14;
15,14;
14,15;
15,28;
28,15;
15,38;
38,15;
15,39;
39,15;
16,17;
17,16;
16,18;
18,16;
16,19;
19,16;
16,39;
39,16;
17,16;
16,17;
17,18;
18,17;
17,19;
19,17;
17,20;
20,17;
18,16;
16,18;
18,17;
17,18;
18,19;
19,18;
18,20;
20,18;
18,40;
40,18;
19,16;
16,19;
19,17;
17,19;
19,18;
18,19;
19,20;
20,19;
19,40;
40,19;
20,17;
17,20;
20,18;
18,20;
20,19;
19,20;
20,41;
41,20;
21,10;
10,21;
21,22;
22,21;
21,43;
43,21;
22,9;
9,22;
22,21;
21,22;
22,23;
23,22;
23,12;
12,23;
23,22;
22,23;
23,24;
24,23;
24,11;
11,24;
24,12;
12,24;
24,23;
23,24;
24,44;
44,24;
25,2;
2,25;
25,14;
14,25;
25,26;
26,25;
25,28;
28,25;
25,36;
36,25;
25,38;
38,25;
26,25;
25,26;
26,27;
27,26;
26,35;
35,26;
26,37;
37,26;
27,26;
26,27;
27,36;
36,27;
28,2;
2,28;
28,3;
3,28;
28,15;
15,28;
28,25;
25,28;
28,29;
29,28;
28,35;
35,28;
28,39;
39,28;
29,3;
3,29;
29,4;
4,29;
29,28;
28,29;
29,38;
38,29;
30,6;
6,30;
30,7;
7,30;
30,31;
31,30;
31,8;
8,31;
31,30;
30,31;
31,32;
32,31;
31,40;
40,31;
31,42;
42,31;
32,31;
31,32;
32,33;
33,32;
32,41;
41,32;
32,42;
42,32;
32,43;
43,32;
33,9;
9,33;
33,32;
32,33;
33,42;
42,33;
34,11;
11,34;
34,12;
12,34;
34,44;
44,34;
35,14;
14,35;
35,26;
26,35;
35,28;
28,35;
35,36;
36,35;
35,38;
38,35;
36,13;
13,36;
36,25;
25,36;
36,27;
27,36;
36,35;
35,36;
36,37;
37,36;
37,13;
13,37;
37,26;
26,37;
37,36;
36,37;
38,14;
14,38;
38,15;
15,38;
38,25;
25,38;
38,29;
29,38;
38,35;
35,38;
38,39;
39,38;
39,15;
15,39;
39,16;
16,39;
39,28;
28,39;
39,38;
38,39;
40,7;
7,40;
40,18;
18,40;
40,19;
19,40;
40,31;
31,40;
41,20;
20,41;
41,32;
32,41;
41,42;
42,41;
42,31;
31,42;
42,32;
32,42;
42,33;
33,42;
42,41;
41,42;
42,43;
43,42;
43,21;
21,43;
43,32;
32,43;
43,42;
42,43;
44,11;
11,44;
44,12;
12,44;
44,24;
24,44;
44,34;
34,44;
}
label = {
1,1;
2,1;
3,1;
4,1;
5,1;
6,1;
7,1;
8,1;
9,1;
10,1;
11,1;
12,1;
13,1;
14,1;
15,1;
16,1;
17,1;
18,1;
19,1;
20,1;
21,1;
22,1;
23,1;
24,1;
25,2;
26,2;
27,2;
28,2;
29,2;
30,2;
31,2;
32,2;
33,2;
34,2;
35,2;
36,2;
37,2;
38,2;
39,2;
40,2;
41,2;
42,2;
43,2;
44,2;
}