edge = {
1,2;
2,1;
1,13;
13,1;
2,1;
1,2;
2,3;
3,2;
2,12;
12,2;
2,23;
23,2;
2,26;
26,2;
3,2;
2,3;
3,13;
13,3;
3,14;
14,3;
3,26;
26,3;
3,27;
27,3;
4,5;
5,4;
4,6;
6,4;
4,7;
7,4;
4,27;
27,4;
4,44;
44,4;
5,4;
4,5;
5,6;
6,5;
5,7;
7,5;
5,28;
28,5;
6,4;
4,6;
6,5;
5,6;
6,7;
7,6;
6,28;
28,6;
7,4;
4,7;
7,5;
5,7;
7,6;
6,7;
7,29;
29,7;
8,9;
9,8;
8,20;
20,8;
8,31;
31,8;
9,8;
8,9;
9,10;
10,9;
9,19;
19,9;
10,9;
9,10;
10,11;
11,10;
10,22;
22,10;
10,32;
32,10;
10,42;
42,10;
11,10;
10,11;
11,21;
21,11;
11,22;
22,11;
11,32;
32,11;
11,42;
42,11;
12,2;
2,12;
12,13;
13,12;
12,34;
34,12;
12,35;
35,12;
13,1;
1,13;
13,3;
3,13;
13,12;
12,13;
13,14;
14,13;
13,23;
23,13;
13,33;
33,13;
13,36;
36,13;
14,3;
3,14;
14,13;
13,14;
14,26;
26,14;
14,36;
36,14;
14,37;
37,14;
15,16;
16,15;
15,17;
17,15;
15,18;
18,15;
15,44;
44,15;
16,15;
15,16;
16,17;
17,16;
16,18;
18,16;
16,38;
38,16;
17,15;
15,17;
17,16;
16,17;
17,18;
18,17;
17,38;
38,17;
18,15;
15,18;
18,16;
16,18;
18,17;
17,18;
18,39;
39,18;
19,9;
9,19;
19,20;
20,19;
19,41;
41,19;
20,8;
8,20;
20,19;
19,20;
20,21;
21,20;
21,11;
11,21;
21,20;
20,21;
21,22;
22,21;
22,10;
10,22;
22,11;
11,22;
22,21;
21,22;
22,42;
42,22;
23,2;
2,23;
23,13;
13,23;
23,24;
24,23;
23,26;
26,23;
23,34;
34,23;
23,36;
36,23;
24,23;
23,24;
24,25;
25,24;
24,33;
33,24;
24,35;
35,24;
25,24;
24,25;
25,34;
34,25;
26,2;
2,26;
26,3;
3,26;
26,14;
14,26;
26,23;
23,26;
26,33;
33,26;
27,3;
3,27;
27,4;
4,27;
27,43;
43,27;
27,44;
44,27;
28,5;
5,28;
28,6;
6,28;
28,43;
43,28;
28,44;
44,28;
29,7;
7,29;
29,30;
30,29;
29,40;
40,29;
30,29;
29,30;
30,31;
31,30;
30,39;
39,30;
30,40;
40,30;
30,41;
41,30;
31,8;
8,31;
31,30;
30,31;
31,40;
40,31;
32,10;
10,32;
32,11;
11,32;
32,42;
42,32;
33,13;
13,33;
33,24;
24,33;
33,26;
26,33;
33,34;
34,33;
33,36;
36,33;
34,12;
12,34;
34,23;
23,34;
34,25;
25,34;
34,33;
33,34;
34,35;
35,34;
35,12;
12,35;
35,24;
24,35;
35,34;
34,35;
36,13;
13,36;
36,14;
14,36;
36,23;
23,36;
36,33;
33,36;
37,14;
14,37;
37,43;
43,37;
37,44;
44,37;
38,16;
16,38;
38,17;
17,38;
38,43;
43,38;
38,44;
44,38;
39,18;
18,39;
39,30;
30,39;
39,40;
40,39;
40,29;
29,40;
40,30;
30,40;
40,31;
31,40;
40,39;
39,40;
40,41;
41,40;
41,19;
19,41;
41,30;
30,41;
41,40;
40,41;
42,10;
10,42;
42,11;
11,42;
42,22;
22,42;
42,32;
32,42;
43,27;
27,43;
43,28;
28,43;
43,37;
37,43;
43,38;
38,43;
43,44;
44,43;
44,4;
4,44;
44,15;
15,44;
44,27;
27,44;
44,28;
28,44;
44,37;
37,44;
44,38;
38,44;
44,43;
43,44;
}
label = {
1,1;
2,1;
3,1;
4,1;
5,1;
6,1;
7,1;
8,1;
9,1;
10,1;
11,1;
12,1;
13,1;
14,1;
15,1;
16,1;
17,1;
18,1;
19,1;
20,1;
21,1;
22,1;
23,2;
24,2;
25,2;
26,2;
27,2;
28,2;
29,2;
30,2;
31,2;
32,2;
33,2;
34,2;
35,2;
36,2;
37,2;
38,2;
39,2;
40,2;
41,2;
42,2;
43,2;
44,2;
}