edge = {
1,2;
2,1;
1,18;
18,1;
1,25;
25,1;
2,1;
1,2;
2,3;
3,2;
2,4;
4,2;
2,21;
21,2;
3,2;
2,3;
3,4;
4,3;
3,21;
21,3;
4,2;
2,4;
4,3;
3,4;
4,5;
5,4;
4,19;
19,4;
5,4;
4,5;
5,6;
6,5;
5,7;
7,5;
5,19;
19,5;
6,5;
5,6;
6,7;
7,6;
6,8;
8,6;
6,15;
15,6;
7,5;
5,7;
7,6;
6,7;
7,8;
8,7;
7,22;
22,7;
8,6;
6,8;
8,7;
7,8;
8,9;
9,8;
8,26;
26,8;
9,8;
8,9;
9,10;
10,9;
9,11;
11,9;
9,30;
30,9;
10,9;
9,10;
10,11;
11,10;
10,12;
12,10;
11,9;
9,11;
11,10;
10,11;
11,12;
12,11;
11,13;
13,11;
12,10;
10,12;
12,11;
11,12;
12,13;
13,12;
12,28;
28,12;
13,11;
11,13;
13,12;
12,13;
13,14;
14,13;
13,29;
29,13;
13,31;
31,13;
14,13;
13,14;
14,16;
16,14;
14,23;
23,14;
15,6;
6,15;
15,19;
19,15;
15,22;
22,15;
15,26;
26,15;
15,27;
27,15;
15,30;
30,15;
16,14;
14,16;
16,23;
23,16;
16,28;
28,16;
16,29;
29,16;
16,31;
31,16;
17,18;
18,17;
17,24;
24,17;
17,25;
25,17;
18,1;
1,18;
18,17;
17,18;
18,20;
20,18;
18,21;
21,18;
18,24;
24,18;
18,25;
25,18;
19,4;
4,19;
19,5;
5,19;
19,15;
15,19;
19,22;
22,19;
20,18;
18,20;
20,21;
21,20;
20,25;
25,20;
21,2;
2,21;
21,3;
3,21;
21,18;
18,21;
21,20;
20,21;
21,25;
25,21;
22,7;
7,22;
22,15;
15,22;
22,19;
19,22;
22,26;
26,22;
23,14;
14,23;
23,16;
16,23;
23,29;
29,23;
23,31;
31,23;
24,17;
17,24;
24,18;
18,24;
24,25;
25,24;
25,1;
1,25;
25,17;
17,25;
25,18;
18,25;
25,20;
20,25;
25,21;
21,25;
25,24;
24,25;
26,8;
8,26;
26,15;
15,26;
26,22;
22,26;
26,27;
27,26;
26,30;
30,26;
27,15;
15,27;
27,26;
26,27;
27,30;
30,27;
28,12;
12,28;
28,16;
16,28;
28,29;
29,28;
28,31;
31,28;
29,13;
13,29;
29,16;
16,29;
29,23;
23,29;
29,28;
28,29;
29,31;
31,29;
30,9;
9,30;
30,15;
15,30;
30,26;
26,30;
30,27;
27,30;
31,13;
13,31;
31,16;
16,31;
31,23;
23,31;
31,28;
28,31;
31,29;
29,31;
}
label = {
1,1;
2,1;
3,1;
4,1;
5,1;
6,1;
7,1;
8,1;
9,1;
10,1;
11,1;
12,1;
13,1;
14,1;
15,2;
16,2;
17,2;
18,2;
19,2;
20,2;
21,2;
22,2;
23,2;
24,2;
25,2;
26,2;
27,2;
28,2;
29,2;
30,2;
31,2;
}