edge = {
1,21;
21,1;
1,38;
38,1;
2,4;
4,2;
2,12;
12,2;
2,16;
16,2;
2,19;
19,2;
3,21;
21,3;
3,37;
37,3;
3,38;
38,3;
4,2;
2,4;
4,19;
19,4;
4,29;
29,4;
4,33;
33,4;
5,9;
9,5;
5,13;
13,5;
5,30;
30,5;
6,14;
14,6;
7,15;
15,7;
8,15;
15,8;
8,16;
16,8;
8,33;
33,8;
9,5;
5,9;
9,21;
21,9;
9,38;
38,9;
10,17;
17,10;
10,20;
20,10;
10,37;
37,10;
11,18;
18,11;
11,19;
19,11;
12,2;
2,12;
12,19;
19,12;
12,36;
36,12;
13,5;
5,13;
13,18;
18,13;
13,22;
22,13;
14,6;
6,14;
14,17;
17,14;
15,7;
7,15;
15,8;
8,15;
16,2;
2,16;
16,8;
8,16;
16,25;
25,16;
17,10;
10,17;
17,14;
14,17;
17,20;
20,17;
17,37;
37,17;
18,11;
11,18;
18,13;
13,18;
19,2;
2,19;
19,4;
4,19;
19,11;
11,19;
19,12;
12,19;
19,29;
29,19;
20,10;
10,20;
20,17;
17,20;
20,21;
21,20;
21,1;
1,21;
21,3;
3,21;
21,9;
9,21;
21,20;
20,21;
21,26;
26,21;
21,38;
38,21;
22,13;
13,22;
22,30;
30,22;
22,35;
35,22;
23,31;
31,23;
24,32;
32,24;
25,16;
16,25;
25,32;
32,25;
25,33;
33,25;
26,21;
21,26;
26,30;
30,26;
26,38;
38,26;
27,34;
34,27;
27,37;
37,27;
28,35;
35,28;
28,36;
36,28;
29,4;
4,29;
29,19;
19,29;
29,36;
36,29;
30,5;
5,30;
30,22;
22,30;
30,26;
26,30;
31,23;
23,31;
31,34;
34,31;
32,24;
24,32;
32,25;
25,32;
33,4;
4,33;
33,8;
8,33;
33,25;
25,33;
34,27;
27,34;
34,31;
31,34;
35,22;
22,35;
35,28;
28,35;
36,12;
12,36;
36,28;
28,36;
36,29;
29,36;
37,3;
3,37;
37,10;
10,37;
37,17;
17,37;
37,27;
27,37;
38,1;
1,38;
38,3;
3,38;
38,9;
9,38;
38,21;
21,38;
38,26;
26,38;
}
label = {
1,1;
2,1;
3,1;
4,1;
5,2;
6,2;
7,2;
8,2;
9,2;
10,2;
11,2;
12,2;
13,2;
14,2;
15,2;
16,2;
17,2;
18,2;
19,2;
20,2;
21,2;
22,2;
23,2;
24,2;
25,2;
26,2;
27,2;
28,2;
29,2;
30,2;
31,2;
32,2;
33,2;
34,2;
35,2;
36,2;
37,2;
38,2;
}