edge = {
1,2;
2,1;
1,3;
3,1;
1,12;
12,1;
2,1;
1,2;
2,3;
3,2;
2,4;
4,2;
2,5;
5,2;
2,12;
12,2;
2,15;
15,2;
3,1;
1,3;
3,2;
2,3;
3,4;
4,3;
3,5;
5,3;
3,12;
12,3;
3,17;
17,3;
4,2;
2,4;
4,3;
3,4;
4,5;
5,4;
4,16;
16,4;
5,2;
2,5;
5,3;
3,5;
5,4;
4,5;
5,18;
18,5;
6,7;
7,6;
6,8;
8,6;
6,9;
9,6;
6,21;
21,6;
7,6;
6,7;
7,8;
8,7;
7,9;
9,7;
8,6;
6,8;
8,7;
7,8;
8,9;
9,8;
8,10;
10,8;
8,11;
11,8;
9,6;
6,9;
9,7;
7,9;
9,8;
8,9;
9,10;
10,9;
9,11;
11,9;
10,8;
8,10;
10,9;
9,10;
10,11;
11,10;
11,8;
8,11;
11,9;
9,11;
11,10;
10,11;
12,1;
1,12;
12,2;
2,12;
12,3;
3,12;
13,14;
14,13;
13,15;
15,13;
13,17;
17,13;
14,13;
13,14;
14,15;
15,14;
14,17;
17,14;
15,2;
2,15;
15,13;
13,15;
15,14;
14,15;
15,16;
16,15;
15,17;
17,15;
16,4;
4,16;
16,15;
15,16;
16,17;
17,16;
16,18;
18,16;
17,3;
3,17;
17,13;
13,17;
17,14;
14,17;
17,15;
15,17;
17,16;
16,17;
18,5;
5,18;
18,16;
16,18;
18,19;
19,18;
18,20;
20,18;
18,21;
21,18;
19,18;
18,19;
19,20;
20,19;
19,21;
21,19;
20,18;
18,20;
20,19;
19,20;
20,21;
21,20;
21,6;
6,21;
21,18;
18,21;
21,19;
19,21;
21,20;
20,21;
}
label = {
1,1;
2,1;
3,1;
4,1;
5,1;
6,1;
7,1;
8,1;
9,1;
10,1;
11,1;
12,1;
13,2;
14,2;
15,2;
16,2;
17,2;
18,2;
19,2;
20,2;
21,2;
}