edge = {
1,2;
2,1;
1,3;
3,1;
1,21;
21,1;
2,1;
1,2;
2,3;
3,2;
2,21;
21,2;
3,1;
1,3;
3,2;
2,3;
3,4;
4,3;
3,21;
21,3;
3,22;
22,3;
4,3;
3,4;
4,5;
5,4;
4,6;
6,4;
4,22;
22,4;
4,23;
23,4;
4,25;
25,4;
5,4;
4,5;
5,6;
6,5;
5,7;
7,5;
5,24;
24,5;
6,4;
4,6;
6,5;
5,6;
6,7;
7,6;
6,26;
26,6;
7,5;
5,7;
7,6;
6,7;
7,8;
8,7;
7,26;
26,7;
7,28;
28,7;
8,7;
7,8;
8,9;
9,8;
8,10;
10,8;
8,27;
27,8;
9,8;
8,9;
9,10;
10,9;
9,11;
11,9;
10,8;
8,10;
10,9;
9,10;
10,11;
11,10;
11,9;
9,11;
11,10;
10,11;
11,12;
12,11;
11,13;
13,11;
12,11;
11,12;
12,13;
13,12;
12,14;
14,12;
13,11;
11,13;
13,12;
12,13;
13,14;
14,13;
13,15;
15,13;
14,12;
12,14;
14,13;
13,14;
14,15;
15,14;
14,16;
16,14;
15,13;
13,15;
15,14;
14,15;
15,16;
16,15;
15,17;
17,15;
16,14;
14,16;
16,15;
15,16;
16,17;
17,16;
17,15;
15,17;
17,16;
16,17;
17,18;
18,17;
17,19;
19,17;
17,20;
20,17;
18,17;
17,18;
18,19;
19,18;
18,20;
20,18;
19,17;
17,19;
19,18;
18,19;
19,20;
20,19;
20,17;
17,20;
20,18;
18,20;
20,19;
19,20;
21,1;
1,21;
21,2;
2,21;
21,3;
3,21;
21,22;
22,21;
21,23;
23,21;
22,3;
3,22;
22,4;
4,22;
22,21;
21,22;
22,23;
23,22;
23,4;
4,23;
23,21;
21,23;
23,22;
22,23;
23,24;
24,23;
23,25;
25,23;
24,5;
5,24;
24,23;
23,24;
24,25;
25,24;
24,26;
26,24;
25,4;
4,25;
25,23;
23,25;
25,24;
24,25;
26,6;
6,26;
26,7;
7,26;
26,24;
24,26;
26,27;
27,26;
26,28;
28,26;
26,29;
29,26;
27,8;
8,27;
27,26;
26,27;
27,28;
28,27;
27,29;
29,27;
28,7;
7,28;
28,26;
26,28;
28,27;
27,28;
28,29;
29,28;
29,26;
26,29;
29,27;
27,29;
29,28;
28,29;
}
label = {
1,1;
2,1;
3,1;
4,1;
5,1;
6,1;
7,1;
8,1;
9,1;
10,1;
11,1;
12,1;
13,1;
14,1;
15,1;
16,1;
17,1;
18,1;
19,1;
20,1;
21,2;
22,2;
23,2;
24,2;
25,2;
26,2;
27,2;
28,2;
29,2;
}