edge = {
1,2;
2,1;
1,13;
13,1;
1,14;
14,1;
2,1;
1,2;
2,3;
3,2;
2,11;
11,2;
2,12;
12,2;
2,28;
28,2;
3,2;
2,3;
3,11;
11,3;
3,12;
12,3;
3,29;
29,3;
4,5;
5,4;
4,6;
6,4;
4,16;
16,4;
4,17;
17,4;
4,23;
23,4;
4,24;
24,4;
5,4;
4,5;
5,6;
6,5;
5,15;
15,5;
5,24;
24,5;
6,4;
4,6;
6,5;
5,6;
6,15;
15,6;
6,30;
30,6;
7,8;
8,7;
7,9;
9,7;
7,10;
10,7;
7,18;
18,7;
7,33;
33,7;
7,34;
34,7;
8,7;
7,8;
8,9;
9,8;
8,10;
10,8;
8,35;
35,8;
9,7;
7,9;
9,8;
8,9;
9,10;
10,9;
10,7;
7,10;
10,8;
8,10;
10,9;
9,10;
10,20;
20,10;
11,2;
2,11;
11,3;
3,11;
11,12;
12,11;
12,2;
2,12;
12,3;
3,12;
12,11;
11,12;
12,42;
42,12;
13,1;
1,13;
13,14;
14,13;
13,43;
43,13;
14,1;
1,14;
14,13;
13,14;
14,15;
15,14;
14,44;
44,14;
15,5;
5,15;
15,6;
6,15;
15,14;
14,15;
15,16;
16,15;
15,17;
17,15;
15,38;
38,15;
15,39;
39,15;
16,4;
4,16;
16,15;
15,16;
16,17;
17,16;
16,39;
39,16;
17,4;
4,17;
17,15;
15,17;
17,16;
16,17;
17,45;
45,17;
18,7;
7,18;
18,19;
19,18;
18,20;
20,18;
18,48;
48,18;
18,49;
49,18;
19,18;
18,19;
19,20;
20,19;
19,35;
35,19;
19,50;
50,19;
20,10;
10,20;
20,18;
18,20;
20,19;
19,20;
21,27;
27,21;
21,28;
28,21;
21,42;
42,21;
21,43;
43,21;
22,23;
23,22;
22,29;
29,22;
22,38;
38,22;
22,44;
44,22;
23,4;
4,23;
23,22;
22,23;
23,24;
24,23;
23,37;
37,23;
23,39;
39,23;
24,4;
4,24;
24,5;
5,24;
24,23;
23,24;
24,38;
38,24;
25,26;
26,25;
25,33;
33,25;
25,41;
41,25;
25,48;
48,25;
26,25;
25,26;
26,30;
30,26;
26,40;
40,26;
26,45;
45,26;
27,21;
21,27;
27,28;
28,27;
27,36;
36,27;
27,43;
43,27;
28,2;
2,28;
28,21;
21,28;
28,27;
27,28;
29,3;
3,29;
29,22;
22,29;
29,37;
37,29;
30,6;
6,30;
30,26;
26,30;
30,41;
41,30;
31,32;
32,31;
31,35;
35,31;
31,47;
47,31;
31,50;
50,31;
32,31;
31,32;
32,34;
34,32;
32,46;
46,32;
32,49;
49,32;
33,7;
7,33;
33,25;
25,33;
33,40;
40,33;
34,7;
7,34;
34,32;
32,34;
34,47;
47,34;
35,8;
8,35;
35,19;
19,35;
35,31;
31,35;
35,46;
46,35;
35,50;
50,35;
36,27;
27,36;
36,42;
42,36;
36,43;
43,36;
37,23;
23,37;
37,29;
29,37;
37,38;
38,37;
37,44;
44,37;
38,15;
15,38;
38,22;
22,38;
38,24;
24,38;
38,37;
37,38;
38,39;
39,38;
39,15;
15,39;
39,16;
16,39;
39,23;
23,39;
39,38;
38,39;
40,26;
26,40;
40,33;
33,40;
40,41;
41,40;
40,48;
48,40;
41,25;
25,41;
41,30;
30,41;
41,40;
40,41;
41,45;
45,41;
42,12;
12,42;
42,21;
21,42;
42,36;
36,42;
43,13;
13,43;
43,21;
21,43;
43,27;
27,43;
43,36;
36,43;
44,14;
14,44;
44,22;
22,44;
44,37;
37,44;
45,17;
17,45;
45,26;
26,45;
45,41;
41,45;
46,32;
32,46;
46,35;
35,46;
46,47;
47,46;
46,50;
50,46;
47,31;
31,47;
47,34;
34,47;
47,46;
46,47;
47,49;
49,47;
48,18;
18,48;
48,25;
25,48;
48,40;
40,48;
49,18;
18,49;
49,32;
32,49;
49,47;
47,49;
50,19;
19,50;
50,31;
31,50;
50,35;
35,50;
50,46;
46,50;
}
label = {
1,1;
2,1;
3,1;
4,1;
5,1;
6,1;
7,1;
8,1;
9,1;
10,1;
11,1;
12,1;
13,1;
14,1;
15,1;
16,1;
17,1;
18,1;
19,1;
20,1;
21,2;
22,2;
23,2;
24,2;
25,2;
26,2;
27,2;
28,2;
29,2;
30,2;
31,2;
32,2;
33,2;
34,2;
35,2;
36,2;
37,2;
38,2;
39,2;
40,2;
41,2;
42,2;
43,2;
44,2;
45,2;
46,2;
47,2;
48,2;
49,2;
50,2;
}