edge = {
1,2;
2,1;
1,11;
11,1;
2,1;
1,2;
2,3;
3,2;
2,10;
10,2;
2,11;
11,2;
2,19;
19,2;
3,2;
2,3;
3,4;
4,3;
3,10;
10,3;
3,20;
20,3;
4,3;
3,4;
4,5;
5,4;
4,6;
6,4;
4,13;
13,4;
4,14;
14,4;
4,23;
23,4;
4,24;
24,4;
5,4;
4,5;
5,6;
6,5;
5,12;
12,5;
5,24;
24,5;
6,4;
4,6;
6,5;
5,6;
6,12;
12,6;
6,26;
26,6;
7,8;
8,7;
7,9;
9,7;
7,15;
15,7;
7,27;
27,7;
7,30;
30,7;
8,7;
7,8;
8,9;
9,8;
8,17;
17,8;
8,31;
31,8;
9,7;
7,9;
9,8;
8,9;
9,17;
17,9;
10,2;
2,10;
10,3;
3,10;
10,11;
11,10;
10,33;
33,10;
11,1;
1,11;
11,2;
2,11;
11,10;
10,11;
11,12;
12,11;
11,39;
39,11;
11,40;
40,11;
12,5;
5,12;
12,6;
6,12;
12,11;
11,12;
12,13;
13,12;
12,14;
14,12;
12,35;
35,12;
12,36;
36,12;
13,4;
4,13;
13,12;
12,13;
13,14;
14,13;
13,36;
36,13;
14,4;
4,14;
14,12;
12,14;
14,13;
13,14;
14,44;
44,14;
15,7;
7,15;
15,16;
16,15;
15,17;
17,15;
15,41;
41,15;
15,45;
45,15;
16,15;
15,16;
16,17;
17,16;
16,31;
31,16;
16,46;
46,16;
17,8;
8,17;
17,9;
9,17;
17,15;
15,17;
17,16;
16,17;
18,25;
25,18;
18,26;
26,18;
18,37;
37,18;
18,38;
38,18;
18,44;
44,18;
19,2;
2,19;
19,21;
21,19;
19,33;
33,19;
20,3;
3,20;
20,22;
22,20;
20,34;
34,20;
20,40;
40,20;
21,19;
19,21;
21,39;
39,21;
22,20;
20,22;
22,23;
23,22;
22,40;
40,22;
23,4;
4,23;
23,22;
22,23;
23,24;
24,23;
23,35;
35,23;
23,36;
36,23;
24,4;
4,24;
24,5;
5,24;
24,23;
23,24;
24,35;
35,24;
25,18;
18,25;
25,26;
26,25;
25,27;
27,25;
25,37;
37,25;
25,41;
41,25;
26,6;
6,26;
26,18;
18,26;
26,25;
25,26;
26,32;
32,26;
26,37;
37,26;
26,38;
38,26;
27,7;
7,27;
27,25;
25,27;
27,37;
37,27;
28,29;
29,28;
28,30;
30,28;
28,43;
43,28;
28,45;
45,28;
29,28;
28,29;
29,31;
31,29;
29,42;
42,29;
29,43;
43,29;
29,46;
46,29;
30,7;
7,30;
30,28;
28,30;
30,42;
42,30;
31,8;
8,31;
31,16;
16,31;
31,29;
29,31;
31,43;
43,31;
31,46;
46,31;
32,26;
26,32;
32,37;
37,32;
32,38;
38,32;
32,44;
44,32;
33,10;
10,33;
33,19;
19,33;
33,39;
39,33;
34,20;
20,34;
34,35;
35,34;
34,40;
40,34;
35,12;
12,35;
35,23;
23,35;
35,24;
24,35;
35,34;
34,35;
35,36;
36,35;
36,12;
12,36;
36,13;
13,36;
36,23;
23,36;
36,35;
35,36;
37,18;
18,37;
37,25;
25,37;
37,26;
26,37;
37,27;
27,37;
37,32;
32,37;
37,41;
41,37;
38,18;
18,38;
38,26;
26,38;
38,32;
32,38;
38,44;
44,38;
39,11;
11,39;
39,21;
21,39;
39,33;
33,39;
40,11;
11,40;
40,20;
20,40;
40,22;
22,40;
40,34;
34,40;
41,15;
15,41;
41,25;
25,41;
41,37;
37,41;
42,29;
29,42;
42,30;
30,42;
42,43;
43,42;
42,45;
45,42;
43,28;
28,43;
43,29;
29,43;
43,31;
31,43;
43,42;
42,43;
43,46;
46,43;
44,14;
14,44;
44,18;
18,44;
44,32;
32,44;
44,38;
38,44;
45,15;
15,45;
45,28;
28,45;
45,42;
42,45;
46,16;
16,46;
46,29;
29,46;
46,31;
31,46;
46,43;
43,46;
}
label = {
1,1;
2,1;
3,1;
4,1;
5,1;
6,1;
7,1;
8,1;
9,1;
10,1;
11,1;
12,1;
13,1;
14,1;
15,1;
16,1;
17,1;
18,2;
19,2;
20,2;
21,2;
22,2;
23,2;
24,2;
25,2;
26,2;
27,2;
28,2;
29,2;
30,2;
31,2;
32,2;
33,2;
34,2;
35,2;
36,2;
37,2;
38,2;
39,2;
40,2;
41,2;
42,2;
43,2;
44,2;
45,2;
46,2;
}