edge = {
1,2;
2,1;
1,17;
17,1;
2,1;
1,2;
2,3;
3,2;
2,4;
4,2;
2,16;
16,2;
2,32;
32,2;
3,2;
2,3;
3,4;
4,3;
3,19;
19,3;
3,34;
34,3;
4,2;
2,4;
4,3;
3,4;
4,5;
5,4;
4,36;
36,4;
5,4;
4,5;
5,6;
6,5;
5,21;
21,5;
5,35;
35,5;
6,5;
5,6;
6,7;
7,6;
6,20;
20,6;
6,37;
37,6;
7,6;
6,7;
7,8;
8,7;
7,21;
21,7;
7,37;
37,7;
7,39;
39,7;
8,7;
7,8;
8,9;
9,8;
8,10;
10,8;
8,38;
38,8;
9,8;
8,9;
9,10;
10,9;
9,11;
11,9;
10,8;
8,10;
10,9;
9,10;
10,11;
11,10;
11,9;
9,11;
11,10;
10,11;
11,12;
12,11;
11,27;
27,11;
12,11;
11,12;
12,13;
13,12;
12,27;
27,12;
13,12;
12,13;
13,14;
14,13;
13,15;
15,13;
13,30;
30,13;
14,13;
13,14;
14,15;
15,14;
14,31;
31,14;
15,13;
13,15;
15,14;
14,15;
15,30;
30,15;
16,2;
2,16;
16,17;
17,16;
17,1;
1,17;
17,16;
16,17;
17,18;
18,17;
17,19;
19,17;
17,41;
41,17;
18,17;
17,18;
18,19;
19,18;
18,20;
20,18;
18,43;
43,18;
19,3;
3,19;
19,17;
17,19;
19,18;
18,19;
19,20;
20,19;
19,45;
45,19;
20,6;
6,20;
20,18;
18,20;
20,19;
19,20;
20,21;
21,20;
20,44;
44,20;
21,5;
5,21;
21,7;
7,21;
21,20;
20,21;
21,22;
22,21;
21,46;
46,21;
22,21;
21,22;
22,23;
23,22;
22,46;
46,22;
22,48;
48,22;
23,22;
22,23;
23,24;
24,23;
23,25;
25,23;
23,47;
47,23;
24,23;
23,24;
24,25;
25,24;
24,26;
26,24;
25,23;
23,25;
25,24;
24,25;
25,26;
26,25;
26,24;
24,26;
26,25;
25,26;
26,27;
27,26;
27,11;
11,27;
27,12;
12,27;
27,26;
26,27;
27,28;
28,27;
27,29;
29,27;
28,27;
27,28;
28,29;
29,28;
28,30;
30,28;
29,27;
27,29;
29,28;
28,29;
29,30;
30,29;
29,31;
31,29;
30,13;
13,30;
30,15;
15,30;
30,28;
28,30;
30,29;
29,30;
30,31;
31,30;
31,14;
14,31;
31,29;
29,31;
31,30;
30,31;
32,2;
2,32;
32,33;
33,32;
32,41;
41,32;
32,42;
42,32;
33,32;
32,33;
33,34;
34,33;
33,41;
41,33;
33,42;
42,33;
33,43;
43,33;
34,3;
3,34;
34,33;
33,34;
34,42;
42,34;
35,5;
5,35;
35,36;
36,35;
35,45;
45,35;
36,4;
4,36;
36,35;
35,36;
36,44;
44,36;
37,6;
6,37;
37,7;
7,37;
37,39;
39,37;
37,48;
48,37;
38,8;
8,38;
38,40;
40,38;
38,49;
49,38;
39,7;
7,39;
39,37;
37,39;
39,40;
40,39;
39,46;
46,39;
39,49;
49,39;
40,38;
38,40;
40,39;
39,40;
40,47;
47,40;
40,48;
48,40;
40,49;
49,40;
41,17;
17,41;
41,32;
32,41;
41,33;
33,41;
41,42;
42,41;
42,32;
32,42;
42,33;
33,42;
42,34;
34,42;
42,41;
41,42;
42,43;
43,42;
43,18;
18,43;
43,33;
33,43;
43,42;
42,43;
44,20;
20,44;
44,36;
36,44;
44,45;
45,44;
45,19;
19,45;
45,35;
35,45;
45,44;
44,45;
46,21;
21,46;
46,22;
22,46;
46,39;
39,46;
46,48;
48,46;
47,23;
23,47;
47,40;
40,47;
47,49;
49,47;
48,22;
22,48;
48,37;
37,48;
48,40;
40,48;
48,46;
46,48;
48,49;
49,48;
49,38;
38,49;
49,39;
39,49;
49,40;
40,49;
49,47;
47,49;
49,48;
48,49;
}
label = {
1,1;
2,1;
3,1;
4,1;
5,1;
6,1;
7,1;
8,1;
9,1;
10,1;
11,1;
12,1;
13,1;
14,1;
15,1;
16,1;
17,1;
18,1;
19,1;
20,1;
21,1;
22,1;
23,1;
24,1;
25,1;
26,1;
27,1;
28,1;
29,1;
30,1;
31,1;
32,2;
33,2;
34,2;
35,2;
36,2;
37,2;
38,2;
39,2;
40,2;
41,2;
42,2;
43,2;
44,2;
45,2;
46,2;
47,2;
48,2;
49,2;
}