edge = {
1,2;
2,1;
1,3;
3,1;
1,21;
21,1;
2,1;
1,2;
2,3;
3,2;
2,4;
4,2;
2,21;
21,2;
3,1;
1,3;
3,2;
2,3;
3,4;
4,3;
3,21;
21,3;
3,26;
26,3;
4,2;
2,4;
4,3;
3,4;
4,5;
5,4;
4,24;
24,4;
5,4;
4,5;
5,6;
6,5;
5,7;
7,5;
5,38;
38,5;
6,5;
5,6;
6,7;
7,6;
6,8;
8,6;
6,39;
39,6;
7,5;
5,7;
7,6;
6,7;
7,8;
8,7;
8,6;
6,8;
8,7;
7,8;
8,9;
9,8;
8,27;
27,8;
8,39;
39,8;
9,8;
8,9;
9,10;
10,9;
9,28;
28,9;
9,29;
29,9;
10,9;
9,10;
10,11;
11,10;
10,30;
30,10;
10,36;
36,10;
11,10;
10,11;
11,12;
12,11;
11,13;
13,11;
11,14;
14,11;
11,35;
35,11;
12,11;
11,12;
12,13;
13,12;
12,14;
14,12;
13,11;
11,13;
13,12;
12,13;
13,14;
14,13;
13,15;
15,13;
14,11;
11,14;
14,12;
12,14;
14,13;
13,14;
14,15;
15,14;
14,16;
16,14;
15,13;
13,15;
15,14;
14,15;
15,16;
16,15;
15,17;
17,15;
15,34;
34,15;
16,14;
14,16;
16,15;
15,16;
16,17;
17,16;
16,33;
33,16;
16,34;
34,16;
17,15;
15,17;
17,16;
16,17;
17,18;
18,17;
17,19;
19,17;
17,20;
20,17;
17,32;
32,17;
18,17;
17,18;
18,19;
19,18;
18,20;
20,18;
18,31;
31,18;
19,17;
17,19;
19,18;
18,19;
19,20;
20,19;
19,31;
31,19;
20,17;
17,20;
20,18;
18,20;
20,19;
19,20;
21,1;
1,21;
21,2;
2,21;
21,3;
3,21;
21,24;
24,21;
21,25;
25,21;
21,26;
26,21;
22,23;
23,22;
22,38;
38,22;
22,39;
39,22;
23,22;
22,23;
23,38;
38,23;
23,39;
39,23;
24,4;
4,24;
24,21;
21,24;
24,25;
25,24;
24,26;
26,24;
25,21;
21,25;
25,24;
24,25;
25,26;
26,25;
26,3;
3,26;
26,21;
21,26;
26,24;
24,26;
26,25;
25,26;
27,8;
8,27;
27,28;
28,27;
27,29;
29,27;
27,30;
30,27;
28,9;
9,28;
28,27;
27,28;
28,29;
29,28;
28,30;
30,28;
29,9;
9,29;
29,27;
27,29;
29,28;
28,29;
29,30;
30,29;
30,10;
10,30;
30,27;
27,30;
30,28;
28,30;
30,29;
29,30;
30,35;
35,30;
30,36;
36,30;
30,37;
37,30;
31,18;
18,31;
31,19;
19,31;
31,32;
32,31;
31,33;
33,31;
32,17;
17,32;
32,31;
31,32;
32,33;
33,32;
32,34;
34,32;
33,16;
16,33;
33,31;
31,33;
33,32;
32,33;
33,34;
34,33;
34,15;
15,34;
34,16;
16,34;
34,32;
32,34;
34,33;
33,34;
34,35;
35,34;
35,11;
11,35;
35,30;
30,35;
35,34;
34,35;
35,36;
36,35;
35,37;
37,35;
36,10;
10,36;
36,30;
30,36;
36,35;
35,36;
36,37;
37,36;
37,30;
30,37;
37,35;
35,37;
37,36;
36,37;
38,5;
5,38;
38,22;
22,38;
38,23;
23,38;
38,39;
39,38;
39,6;
6,39;
39,8;
8,39;
39,22;
22,39;
39,23;
23,39;
39,38;
38,39;
}
label = {
1,1;
2,1;
3,1;
4,1;
5,1;
6,1;
7,1;
8,1;
9,1;
10,1;
11,1;
12,1;
13,1;
14,1;
15,1;
16,1;
17,1;
18,1;
19,1;
20,1;
21,2;
22,2;
23,2;
24,2;
25,2;
26,2;
27,2;
28,2;
29,2;
30,2;
31,2;
32,2;
33,2;
34,2;
35,2;
36,2;
37,2;
38,2;
39,2;
}