edge = {
1,2;
2,1;
1,8;
8,1;
1,14;
14,1;
2,1;
1,2;
2,3;
3,2;
2,8;
8,2;
2,9;
9,2;
2,14;
14,2;
3,2;
2,3;
3,8;
8,3;
3,14;
14,3;
4,5;
5,4;
4,11;
11,4;
5,4;
4,5;
5,6;
6,5;
5,10;
10,5;
6,5;
5,6;
6,7;
7,6;
6,13;
13,6;
7,6;
6,7;
7,8;
8,7;
7,12;
12,7;
7,14;
14,7;
8,1;
1,8;
8,2;
2,8;
8,3;
3,8;
8,7;
7,8;
8,9;
9,8;
8,13;
13,8;
8,14;
14,8;
9,2;
2,9;
9,8;
8,9;
9,14;
14,9;
10,5;
5,10;
10,11;
11,10;
11,4;
4,11;
11,10;
10,11;
11,12;
12,11;
12,7;
7,12;
12,11;
11,12;
12,13;
13,12;
13,6;
6,13;
13,8;
8,13;
13,12;
12,13;
13,14;
14,13;
14,1;
1,14;
14,2;
2,14;
14,3;
3,14;
14,7;
7,14;
14,8;
8,14;
14,9;
9,14;
14,13;
13,14;
}
label = {
1,1;
2,1;
3,2;
4,2;
5,2;
6,2;
7,2;
8,2;
9,2;
10,2;
11,2;
12,2;
13,2;
14,2;
}