edge = {
1,23;
23,1;
1,24;
24,1;
1,26;
26,1;
2,3;
3,2;
2,25;
25,2;
2,29;
29,2;
3,2;
2,3;
3,4;
4,3;
3,25;
25,3;
3,29;
29,3;
3,32;
32,3;
4,3;
3,4;
4,5;
5,4;
4,30;
30,4;
4,32;
32,4;
5,4;
4,5;
5,6;
6,5;
5,7;
7,5;
5,33;
33,5;
6,5;
5,6;
6,7;
7,6;
6,8;
8,6;
7,5;
5,7;
7,6;
6,7;
7,8;
8,7;
8,6;
6,8;
8,7;
7,8;
8,9;
9,8;
8,10;
10,8;
9,8;
8,9;
9,10;
10,9;
9,11;
11,9;
10,8;
8,10;
10,9;
9,10;
10,11;
11,10;
11,9;
9,11;
11,10;
10,11;
11,12;
12,11;
12,11;
11,12;
12,13;
13,12;
12,14;
14,12;
12,15;
15,12;
13,12;
12,13;
13,14;
14,13;
13,15;
15,13;
14,12;
12,14;
14,13;
13,14;
14,15;
15,14;
15,12;
12,15;
15,13;
13,15;
15,14;
14,15;
15,16;
16,15;
16,15;
15,16;
16,17;
17,16;
16,18;
18,16;
16,19;
19,16;
16,20;
20,16;
17,16;
16,17;
17,18;
18,17;
17,19;
19,17;
17,20;
20,17;
18,16;
16,18;
18,17;
17,18;
18,19;
19,18;
19,16;
16,19;
19,17;
17,19;
19,18;
18,19;
19,20;
20,19;
20,16;
16,20;
20,17;
17,20;
20,19;
19,20;
21,22;
22,21;
21,23;
23,21;
21,27;
27,21;
21,28;
28,21;
22,21;
21,22;
22,23;
23,22;
22,24;
24,22;
22,27;
27,22;
22,28;
28,22;
23,1;
1,23;
23,21;
21,23;
23,22;
22,23;
23,24;
24,23;
24,1;
1,24;
24,22;
22,24;
24,23;
23,24;
24,26;
26,24;
25,2;
2,25;
25,3;
3,25;
25,26;
26,25;
25,29;
29,25;
26,1;
1,26;
26,24;
24,26;
26,25;
25,26;
26,29;
29,26;
27,21;
21,27;
27,22;
22,27;
27,28;
28,27;
28,21;
21,28;
28,22;
22,28;
28,27;
27,28;
29,2;
2,29;
29,3;
3,29;
29,25;
25,29;
29,26;
26,29;
30,4;
4,30;
30,31;
31,30;
30,32;
32,30;
30,33;
33,30;
31,30;
30,31;
31,32;
32,31;
31,33;
33,31;
32,3;
3,32;
32,4;
4,32;
32,30;
30,32;
32,31;
31,32;
32,33;
33,32;
33,5;
5,33;
33,30;
30,33;
33,31;
31,33;
33,32;
32,33;
}
label = {
1,1;
2,1;
3,1;
4,1;
5,1;
6,1;
7,1;
8,1;
9,1;
10,1;
11,1;
12,1;
13,1;
14,1;
15,1;
16,1;
17,1;
18,1;
19,1;
20,1;
21,2;
22,2;
23,2;
24,2;
25,2;
26,2;
27,2;
28,2;
29,2;
30,2;
31,2;
32,2;
33,2;
}