edge = {
1,2;
2,1;
1,17;
17,1;
1,19;
19,1;
2,1;
1,2;
2,3;
3,2;
2,19;
19,2;
2,24;
24,2;
3,2;
2,3;
3,4;
4,3;
3,18;
18,3;
3,25;
25,3;
4,3;
3,4;
4,5;
5,4;
4,25;
25,4;
5,4;
4,5;
5,6;
6,5;
5,26;
26,5;
5,27;
27,5;
6,5;
5,6;
6,7;
7,6;
6,8;
8,6;
6,26;
26,6;
6,27;
27,6;
7,6;
6,7;
7,8;
8,7;
7,9;
9,7;
8,6;
6,8;
8,7;
7,8;
8,9;
9,8;
9,7;
7,9;
9,8;
8,9;
9,10;
10,9;
10,9;
9,10;
10,11;
11,10;
10,12;
12,10;
11,10;
10,11;
11,12;
12,11;
11,13;
13,11;
11,14;
14,11;
12,10;
10,12;
12,11;
11,12;
12,13;
13,12;
12,14;
14,12;
13,11;
11,13;
13,12;
12,13;
13,14;
14,13;
14,11;
11,14;
14,12;
12,14;
14,13;
13,14;
15,16;
16,15;
15,20;
20,15;
15,21;
21,15;
16,15;
15,16;
16,17;
17,16;
16,19;
19,16;
16,20;
20,16;
16,21;
21,16;
16,22;
22,16;
17,1;
1,17;
17,16;
16,17;
17,19;
19,17;
17,21;
21,17;
17,22;
22,17;
18,3;
3,18;
18,23;
23,18;
18,24;
24,18;
18,25;
25,18;
19,1;
1,19;
19,2;
2,19;
19,16;
16,19;
19,17;
17,19;
19,22;
22,19;
20,15;
15,20;
20,16;
16,20;
20,21;
21,20;
21,15;
15,21;
21,16;
16,21;
21,17;
17,21;
21,20;
20,21;
21,22;
22,21;
22,16;
16,22;
22,17;
17,22;
22,19;
19,22;
22,21;
21,22;
23,18;
18,23;
23,24;
24,23;
23,25;
25,23;
24,2;
2,24;
24,18;
18,24;
24,23;
23,24;
24,25;
25,24;
25,3;
3,25;
25,4;
4,25;
25,18;
18,25;
25,23;
23,25;
25,24;
24,25;
26,5;
5,26;
26,6;
6,26;
26,27;
27,26;
27,5;
5,27;
27,6;
6,27;
27,26;
26,27;
}
label = {
1,1;
2,1;
3,1;
4,1;
5,1;
6,1;
7,1;
8,1;
9,1;
10,1;
11,1;
12,1;
13,1;
14,1;
15,2;
16,2;
17,2;
18,2;
19,2;
20,2;
21,2;
22,2;
23,2;
24,2;
25,2;
26,2;
27,2;
}