edge = {
1,2;
2,1;
1,22;
22,1;
1,23;
23,1;
2,1;
1,2;
2,23;
23,2;
2,24;
24,2;
2,26;
26,2;
3,4;
4,3;
3,5;
5,3;
3,25;
25,3;
4,3;
3,4;
4,5;
5,4;
4,25;
25,4;
4,27;
27,4;
5,3;
3,5;
5,4;
4,5;
5,6;
6,5;
5,7;
7,5;
5,27;
27,5;
5,28;
28,5;
6,5;
5,6;
6,7;
7,6;
6,8;
8,6;
6,9;
9,6;
6,28;
28,6;
7,5;
5,7;
7,6;
6,7;
7,8;
8,7;
7,9;
9,7;
8,6;
6,8;
8,7;
7,8;
8,9;
9,8;
9,6;
6,9;
9,7;
7,9;
9,8;
8,9;
9,10;
10,9;
10,9;
9,10;
10,11;
11,10;
10,12;
12,10;
11,10;
10,11;
11,12;
12,11;
11,13;
13,11;
12,10;
10,12;
12,11;
11,12;
12,13;
13,12;
13,11;
11,13;
13,12;
12,13;
13,14;
14,13;
13,15;
15,13;
14,13;
13,14;
14,15;
15,14;
14,16;
16,14;
14,17;
17,14;
15,13;
13,15;
15,14;
14,15;
15,16;
16,15;
15,17;
17,15;
15,18;
18,15;
16,14;
14,16;
16,15;
15,16;
16,17;
17,16;
16,18;
18,16;
16,19;
19,16;
17,14;
14,17;
17,15;
15,17;
17,16;
16,17;
17,18;
18,17;
17,19;
19,17;
18,15;
15,18;
18,16;
16,18;
18,17;
17,18;
18,19;
19,18;
19,16;
16,19;
19,17;
17,19;
19,18;
18,19;
20,21;
21,20;
20,22;
22,20;
20,23;
23,20;
21,20;
20,21;
21,22;
22,21;
21,23;
23,21;
22,1;
1,22;
22,20;
20,22;
22,21;
21,22;
22,23;
23,22;
22,24;
24,22;
23,1;
1,23;
23,2;
2,23;
23,20;
20,23;
23,21;
21,23;
23,22;
22,23;
23,24;
24,23;
24,2;
2,24;
24,22;
22,24;
24,23;
23,24;
24,26;
26,24;
25,3;
3,25;
25,4;
4,25;
25,26;
26,25;
26,2;
2,26;
26,24;
24,26;
26,25;
25,26;
27,4;
4,27;
27,5;
5,27;
27,28;
28,27;
28,5;
5,28;
28,6;
6,28;
28,27;
27,28;
}
label = {
1,1;
2,1;
3,1;
4,1;
5,1;
6,1;
7,1;
8,1;
9,1;
10,1;
11,1;
12,1;
13,1;
14,1;
15,1;
16,1;
17,1;
18,1;
19,1;
20,2;
21,2;
22,2;
23,2;
24,2;
25,2;
26,2;
27,2;
28,2;
}