edge = {
1,3;
3,1;
1,7;
7,1;
1,11;
11,1;
2,5;
5,2;
2,9;
9,2;
2,11;
11,2;
3,1;
1,3;
3,7;
7,3;
3,11;
11,3;
4,5;
5,4;
4,6;
6,4;
4,8;
8,4;
4,9;
9,4;
4,10;
10,4;
4,12;
12,4;
5,2;
2,5;
5,4;
4,5;
5,8;
8,5;
5,9;
9,5;
6,4;
4,6;
6,8;
8,6;
6,10;
10,6;
6,12;
12,6;
7,1;
1,7;
7,3;
3,7;
7,11;
11,7;
8,4;
4,8;
8,5;
5,8;
8,6;
6,8;
8,9;
9,8;
9,2;
2,9;
9,4;
4,9;
9,5;
5,9;
9,8;
8,9;
10,4;
4,10;
10,6;
6,10;
10,12;
12,10;
11,1;
1,11;
11,2;
2,11;
11,3;
3,11;
11,7;
7,11;
12,4;
4,12;
12,6;
6,12;
12,10;
10,12;
}
label = {
1,2;
2,2;
3,2;
4,2;
5,2;
6,2;
7,2;
8,2;
9,2;
10,2;
11,2;
12,2;
}