edge = {
1,2;
2,1;
1,3;
3,1;
1,4;
4,1;
2,1;
1,2;
2,3;
3,2;
2,4;
4,2;
2,5;
5,2;
3,1;
1,3;
3,2;
2,3;
3,4;
4,3;
3,5;
5,3;
4,1;
1,4;
4,2;
2,4;
4,3;
3,4;
4,5;
5,4;
4,6;
6,4;
4,18;
18,4;
5,2;
2,5;
5,3;
3,5;
5,4;
4,5;
5,6;
6,5;
5,18;
18,5;
6,4;
4,6;
6,5;
5,6;
6,7;
7,6;
7,6;
6,7;
7,8;
8,7;
7,20;
20,7;
8,7;
7,8;
8,19;
19,8;
8,25;
25,8;
9,10;
10,9;
9,11;
11,9;
9,26;
26,9;
10,9;
9,10;
10,11;
11,10;
10,12;
12,10;
11,9;
9,11;
11,10;
10,11;
11,12;
12,11;
12,10;
10,12;
12,11;
11,12;
12,24;
24,12;
13,14;
14,13;
13,15;
15,13;
13,16;
16,13;
14,13;
13,14;
14,15;
15,14;
14,16;
16,14;
14,17;
17,14;
15,13;
13,15;
15,14;
14,15;
15,16;
16,15;
15,17;
17,15;
16,13;
13,16;
16,14;
14,16;
16,15;
15,16;
16,17;
17,16;
17,14;
14,17;
17,15;
15,17;
17,16;
16,17;
17,18;
18,17;
18,4;
4,18;
18,5;
5,18;
18,17;
17,18;
18,19;
19,18;
19,8;
8,19;
19,18;
18,19;
19,20;
20,19;
20,7;
7,20;
20,19;
19,20;
20,27;
27,20;
21,22;
22,21;
21,23;
23,21;
21,28;
28,21;
22,21;
21,22;
22,23;
23,22;
22,24;
24,22;
23,21;
21,23;
23,22;
22,23;
23,24;
24,23;
24,12;
12,24;
24,22;
22,24;
24,23;
23,24;
25,8;
8,25;
25,26;
26,25;
25,28;
28,25;
26,9;
9,26;
26,25;
25,26;
26,27;
27,26;
26,28;
28,26;
27,20;
20,27;
27,26;
26,27;
27,28;
28,27;
28,21;
21,28;
28,25;
25,28;
28,26;
26,28;
28,27;
27,28;
}
label = {
1,1;
2,1;
3,1;
4,1;
5,1;
6,1;
7,1;
8,1;
9,1;
10,1;
11,1;
12,1;
13,1;
14,1;
15,1;
16,1;
17,1;
18,1;
19,1;
20,1;
21,1;
22,1;
23,1;
24,1;
25,2;
26,2;
27,2;
28,2;
}