edge = {
1,17;
17,1;
1,18;
18,1;
1,19;
19,1;
2,3;
3,2;
2,18;
18,2;
2,19;
19,2;
2,20;
20,2;
2,22;
22,2;
3,2;
2,3;
3,20;
20,3;
3,21;
21,3;
3,22;
22,3;
4,5;
5,4;
4,6;
6,4;
4,21;
21,4;
5,4;
4,5;
5,6;
6,5;
5,21;
21,5;
6,4;
4,6;
6,5;
5,6;
6,23;
23,6;
6,24;
24,6;
7,8;
8,7;
7,9;
9,7;
7,24;
24,7;
8,7;
7,8;
8,9;
9,8;
8,10;
10,8;
8,23;
23,8;
8,24;
24,8;
9,7;
7,9;
9,8;
8,9;
9,10;
10,9;
10,8;
8,10;
10,9;
9,10;
10,11;
11,10;
11,10;
10,11;
11,12;
12,11;
11,13;
13,11;
12,11;
11,12;
12,13;
13,12;
12,14;
14,12;
12,15;
15,12;
13,11;
11,13;
13,12;
12,13;
13,14;
14,13;
13,15;
15,13;
13,16;
16,13;
14,12;
12,14;
14,13;
13,14;
14,15;
15,14;
14,16;
16,14;
15,12;
12,15;
15,13;
13,15;
15,14;
14,15;
15,16;
16,15;
16,13;
13,16;
16,14;
14,16;
16,15;
15,16;
17,1;
1,17;
17,18;
18,17;
17,19;
19,17;
18,1;
1,18;
18,2;
2,18;
18,17;
17,18;
18,19;
19,18;
18,20;
20,18;
19,1;
1,19;
19,2;
2,19;
19,17;
17,19;
19,18;
18,19;
19,20;
20,19;
20,2;
2,20;
20,3;
3,20;
20,18;
18,20;
20,19;
19,20;
21,3;
3,21;
21,4;
4,21;
21,5;
5,21;
21,22;
22,21;
22,2;
2,22;
22,3;
3,22;
22,21;
21,22;
23,6;
6,23;
23,8;
8,23;
23,24;
24,23;
24,6;
6,24;
24,7;
7,24;
24,8;
8,24;
24,23;
23,24;
}
label = {
1,1;
2,1;
3,1;
4,1;
5,1;
6,1;
7,1;
8,1;
9,1;
10,1;
11,1;
12,1;
13,1;
14,1;
15,1;
16,1;
17,1;
18,2;
19,2;
20,2;
21,2;
22,2;
23,2;
24,2;
}