edge = {
1,2;
2,1;
1,16;
16,1;
1,21;
21,1;
2,1;
1,2;
2,16;
16,2;
2,20;
20,2;
2,21;
21,2;
3,4;
4,3;
3,19;
19,3;
3,20;
20,3;
4,3;
3,4;
4,17;
17,4;
4,19;
19,4;
4,20;
20,4;
5,6;
6,5;
5,17;
17,5;
5,18;
18,5;
6,5;
5,6;
6,7;
7,6;
6,18;
18,6;
6,22;
22,6;
7,6;
6,7;
7,22;
22,7;
7,23;
23,7;
8,9;
9,8;
8,10;
10,8;
8,23;
23,8;
9,8;
8,9;
9,10;
10,9;
9,11;
11,9;
10,8;
8,10;
10,9;
9,10;
10,11;
11,10;
11,9;
9,11;
11,10;
10,11;
11,12;
12,11;
12,11;
11,12;
12,13;
13,12;
12,14;
14,12;
12,15;
15,12;
13,12;
12,13;
13,14;
14,13;
13,15;
15,13;
14,12;
12,14;
14,13;
13,14;
14,15;
15,14;
15,12;
12,15;
15,13;
13,15;
15,14;
14,15;
16,1;
1,16;
16,2;
2,16;
16,21;
21,16;
17,4;
4,17;
17,5;
5,17;
17,18;
18,17;
18,5;
5,18;
18,6;
6,18;
18,17;
17,18;
19,3;
3,19;
19,4;
4,19;
19,20;
20,19;
19,21;
21,19;
20,2;
2,20;
20,3;
3,20;
20,4;
4,20;
20,19;
19,20;
20,21;
21,20;
21,1;
1,21;
21,2;
2,21;
21,16;
16,21;
21,19;
19,21;
21,20;
20,21;
22,6;
6,22;
22,7;
7,22;
22,23;
23,22;
23,7;
7,23;
23,8;
8,23;
23,22;
22,23;
}
label = {
1,1;
2,1;
3,1;
4,1;
5,1;
6,1;
7,1;
8,1;
9,1;
10,1;
11,1;
12,1;
13,1;
14,1;
15,1;
16,1;
17,2;
18,2;
19,2;
20,2;
21,2;
22,2;
23,2;
}