edge = {
1,2;
2,1;
1,3;
3,1;
1,18;
18,1;
2,1;
1,2;
2,3;
3,2;
2,18;
18,2;
3,1;
1,3;
3,2;
2,3;
3,4;
4,3;
3,18;
18,3;
3,19;
19,3;
4,3;
3,4;
4,19;
19,4;
4,20;
20,4;
5,28;
28,5;
5,29;
29,5;
5,30;
30,5;
6,7;
7,6;
6,30;
30,6;
6,31;
31,6;
7,6;
6,7;
7,8;
8,7;
7,31;
31,7;
7,32;
32,7;
8,7;
7,8;
8,9;
9,8;
8,31;
31,8;
8,32;
32,8;
9,8;
8,9;
9,10;
10,9;
9,32;
32,9;
9,33;
33,9;
10,9;
9,10;
10,32;
32,10;
10,33;
33,10;
11,12;
12,11;
11,33;
33,11;
11,34;
34,11;
12,11;
11,12;
12,13;
13,12;
12,34;
34,12;
13,12;
12,13;
13,14;
14,13;
13,34;
34,13;
14,13;
13,14;
14,15;
15,14;
14,35;
35,14;
15,14;
14,15;
15,16;
16,15;
15,35;
35,15;
15,36;
36,15;
16,15;
15,16;
16,17;
17,16;
16,36;
36,16;
16,37;
37,16;
17,16;
16,17;
17,37;
37,17;
17,38;
38,17;
17,39;
39,17;
18,1;
1,18;
18,2;
2,18;
18,3;
3,18;
18,19;
19,18;
19,3;
3,19;
19,4;
4,19;
19,18;
18,19;
20,4;
4,20;
20,21;
21,20;
20,22;
22,20;
21,20;
20,21;
21,22;
22,21;
21,23;
23,21;
22,20;
20,22;
22,21;
21,22;
22,23;
23,22;
22,24;
24,22;
23,21;
21,23;
23,22;
22,23;
23,24;
24,23;
24,22;
22,24;
24,23;
23,24;
24,25;
25,24;
25,24;
24,25;
25,26;
26,25;
25,27;
27,25;
26,25;
25,26;
26,27;
27,26;
26,28;
28,26;
27,25;
25,27;
27,26;
26,27;
27,28;
28,27;
27,29;
29,27;
28,5;
5,28;
28,26;
26,28;
28,27;
27,28;
28,29;
29,28;
29,5;
5,29;
29,27;
27,29;
29,28;
28,29;
30,5;
5,30;
30,6;
6,30;
30,31;
31,30;
31,6;
6,31;
31,7;
7,31;
31,8;
8,31;
31,30;
30,31;
32,7;
7,32;
32,8;
8,32;
32,9;
9,32;
32,10;
10,32;
33,9;
9,33;
33,10;
10,33;
33,11;
11,33;
34,11;
11,34;
34,12;
12,34;
34,13;
13,34;
35,14;
14,35;
35,15;
15,35;
35,36;
36,35;
36,15;
15,36;
36,16;
16,36;
36,35;
35,36;
36,37;
37,36;
37,16;
16,37;
37,17;
17,37;
37,36;
36,37;
37,38;
38,37;
37,39;
39,37;
38,17;
17,38;
38,37;
37,38;
38,39;
39,38;
39,17;
17,39;
39,37;
37,39;
39,38;
38,39;
}
label = {
1,1;
2,1;
3,1;
4,1;
5,1;
6,1;
7,1;
8,1;
9,1;
10,1;
11,1;
12,1;
13,1;
14,1;
15,1;
16,1;
17,1;
18,2;
19,2;
20,2;
21,2;
22,2;
23,2;
24,2;
25,2;
26,2;
27,2;
28,2;
29,2;
30,2;
31,2;
32,2;
33,2;
34,2;
35,2;
36,2;
37,2;
38,2;
39,2;
}