edge = {
1,2;
2,1;
1,26;
26,1;
1,35;
35,1;
2,1;
1,2;
2,25;
25,2;
2,26;
26,2;
2,34;
34,2;
2,35;
35,2;
3,4;
4,3;
3,16;
16,3;
3,25;
25,3;
3,27;
27,3;
3,34;
34,3;
4,3;
3,4;
4,27;
27,4;
4,28;
28,4;
4,36;
36,4;
4,37;
37,4;
5,6;
6,5;
5,28;
28,5;
5,29;
29,5;
5,37;
37,5;
5,38;
38,5;
6,5;
5,6;
6,7;
7,6;
6,29;
29,6;
6,38;
38,6;
7,6;
6,7;
7,30;
30,7;
7,39;
39,7;
8,9;
9,8;
8,10;
10,8;
8,32;
32,8;
8,41;
41,8;
9,8;
8,9;
9,10;
10,9;
9,20;
20,9;
9,32;
32,9;
10,8;
8,10;
10,9;
9,10;
10,11;
11,10;
11,10;
10,11;
11,12;
12,11;
11,33;
33,11;
11,42;
42,11;
12,11;
11,12;
12,24;
24,12;
12,33;
33,12;
12,42;
42,12;
13,14;
14,13;
13,15;
15,13;
13,35;
35,13;
14,13;
13,14;
14,15;
15,14;
14,16;
16,14;
14,34;
34,14;
14,35;
35,14;
15,13;
13,15;
15,14;
14,15;
15,16;
16,15;
15,34;
34,15;
15,36;
36,15;
16,3;
3,16;
16,14;
14,16;
16,15;
15,16;
16,17;
17,16;
16,36;
36,16;
16,37;
37,16;
17,16;
16,17;
17,18;
18,17;
17,19;
19,17;
17,37;
37,17;
17,38;
38,17;
18,17;
17,18;
18,19;
19,18;
18,38;
38,18;
19,17;
17,19;
19,18;
18,19;
19,20;
20,19;
19,39;
39,19;
20,9;
9,20;
20,19;
19,20;
20,21;
21,20;
20,22;
22,20;
20,41;
41,20;
21,20;
20,21;
21,22;
22,21;
21,23;
23,21;
22,20;
20,22;
22,21;
21,22;
22,23;
23,22;
22,24;
24,22;
23,21;
21,23;
23,22;
22,23;
23,24;
24,23;
24,12;
12,24;
24,22;
22,24;
24,23;
23,24;
24,42;
42,24;
25,2;
2,25;
25,3;
3,25;
25,26;
26,25;
25,27;
27,25;
25,35;
35,25;
25,36;
36,25;
26,1;
1,26;
26,2;
2,26;
26,25;
25,26;
27,3;
3,27;
27,4;
4,27;
27,25;
25,27;
27,34;
34,27;
28,4;
4,28;
28,5;
5,28;
29,5;
5,29;
29,6;
6,29;
30,7;
7,30;
30,31;
31,30;
30,40;
40,30;
31,30;
30,31;
31,32;
32,31;
31,39;
39,31;
31,41;
41,31;
32,8;
8,32;
32,9;
9,32;
32,31;
31,32;
32,40;
40,32;
33,11;
11,33;
33,12;
12,33;
33,42;
42,33;
34,2;
2,34;
34,3;
3,34;
34,14;
14,34;
34,15;
15,34;
34,27;
27,34;
34,36;
36,34;
35,1;
1,35;
35,2;
2,35;
35,13;
13,35;
35,14;
14,35;
35,25;
25,35;
36,4;
4,36;
36,15;
15,36;
36,16;
16,36;
36,25;
25,36;
36,34;
34,36;
37,4;
4,37;
37,5;
5,37;
37,16;
16,37;
37,17;
17,37;
38,5;
5,38;
38,6;
6,38;
38,17;
17,38;
38,18;
18,38;
39,7;
7,39;
39,19;
19,39;
39,31;
31,39;
39,40;
40,39;
40,30;
30,40;
40,32;
32,40;
40,39;
39,40;
40,41;
41,40;
41,8;
8,41;
41,20;
20,41;
41,31;
31,41;
41,40;
40,41;
42,11;
11,42;
42,12;
12,42;
42,24;
24,42;
42,33;
33,42;
}
label = {
1,1;
2,1;
3,1;
4,1;
5,1;
6,1;
7,1;
8,1;
9,1;
10,1;
11,1;
12,1;
13,1;
14,1;
15,1;
16,1;
17,1;
18,1;
19,1;
20,1;
21,1;
22,1;
23,1;
24,1;
25,2;
26,2;
27,2;
28,2;
29,2;
30,2;
31,2;
32,2;
33,2;
34,2;
35,2;
36,2;
37,2;
38,2;
39,2;
40,2;
41,2;
42,2;
}