edge = {
1,2;
2,1;
1,14;
14,1;
2,1;
1,2;
2,15;
15,2;
2,38;
38,2;
2,39;
39,2;
3,4;
4,3;
3,38;
38,3;
3,40;
40,3;
4,3;
3,4;
4,40;
40,4;
4,41;
41,4;
5,6;
6,5;
5,31;
31,5;
5,41;
41,5;
5,42;
42,5;
6,5;
5,6;
6,7;
7,6;
6,31;
31,6;
6,42;
42,6;
7,6;
6,7;
7,31;
31,7;
7,43;
43,7;
8,9;
9,8;
8,10;
10,8;
8,21;
21,8;
8,45;
45,8;
9,8;
8,9;
9,10;
10,9;
9,33;
33,9;
10,8;
8,10;
10,9;
9,10;
10,11;
11,10;
11,10;
10,11;
11,12;
12,11;
12,11;
11,12;
12,36;
36,12;
12,37;
37,12;
12,46;
46,12;
13,25;
25,13;
13,27;
27,13;
13,48;
48,13;
14,1;
1,14;
14,15;
15,14;
14,47;
47,14;
14,48;
48,14;
15,2;
2,15;
15,14;
14,15;
15,16;
16,15;
15,27;
27,15;
15,47;
47,15;
15,49;
49,15;
16,15;
15,16;
16,17;
17,16;
16,28;
28,16;
16,49;
49,16;
16,50;
50,16;
17,16;
16,17;
17,18;
18,17;
17,50;
50,17;
17,51;
51,17;
18,17;
17,18;
18,19;
19,18;
18,31;
31,18;
18,51;
51,18;
19,18;
18,19;
19,20;
20,19;
19,52;
52,19;
20,19;
19,20;
20,21;
21,20;
20,34;
34,20;
20,54;
54,20;
21,8;
8,21;
21,20;
20,21;
21,22;
22,21;
21,33;
33,21;
21,35;
35,21;
22,21;
21,22;
22,23;
23,22;
22,34;
34,22;
23,22;
22,23;
23,24;
24,23;
23,37;
37,23;
24,23;
23,24;
24,36;
36,24;
24,37;
37,24;
24,55;
55,24;
25,13;
13,25;
25,26;
26,25;
25,27;
27,25;
26,25;
25,26;
26,27;
27,26;
26,57;
57,26;
27,13;
13,27;
27,15;
15,27;
27,25;
25,27;
27,26;
26,27;
27,56;
56,27;
27,57;
57,27;
28,16;
16,28;
28,29;
29,28;
28,56;
56,28;
28,58;
58,28;
29,28;
28,29;
29,40;
40,29;
29,49;
49,29;
29,58;
58,29;
29,59;
59,29;
30,41;
41,30;
30,50;
50,30;
30,59;
59,30;
30,60;
60,30;
31,5;
5,31;
31,6;
6,31;
31,7;
7,31;
31,18;
18,31;
31,32;
32,31;
31,42;
42,31;
31,51;
51,31;
31,60;
60,31;
32,31;
31,32;
32,43;
43,32;
32,52;
52,32;
32,61;
61,32;
33,9;
9,33;
33,21;
21,33;
33,34;
34,33;
33,63;
63,33;
34,20;
20,34;
34,22;
22,34;
34,33;
33,34;
34,35;
35,34;
35,21;
21,35;
35,34;
34,35;
35,36;
36,35;
36,12;
12,36;
36,24;
24,36;
36,35;
35,36;
36,37;
37,36;
37,12;
12,37;
37,23;
23,37;
37,24;
24,37;
37,36;
36,37;
37,64;
64,37;
38,2;
2,38;
38,3;
3,38;
38,39;
39,38;
38,40;
40,38;
38,48;
48,38;
38,49;
49,38;
38,57;
57,38;
38,58;
58,38;
39,2;
2,39;
39,38;
38,39;
40,3;
3,40;
40,4;
4,40;
40,29;
29,40;
40,38;
38,40;
40,47;
47,40;
40,56;
56,40;
41,4;
4,41;
41,5;
5,41;
41,30;
30,41;
42,5;
5,42;
42,6;
6,42;
42,31;
31,42;
43,7;
7,43;
43,32;
32,43;
43,44;
44,43;
44,43;
43,44;
44,45;
45,44;
44,52;
52,44;
44,53;
53,44;
44,54;
54,44;
44,61;
61,44;
44,62;
62,44;
44,63;
63,44;
45,8;
8,45;
45,44;
44,45;
46,12;
12,46;
46,64;
64,46;
47,14;
14,47;
47,15;
15,47;
47,40;
40,47;
48,13;
13,48;
48,14;
14,48;
48,38;
38,48;
49,15;
15,49;
49,16;
16,49;
49,29;
29,49;
49,38;
38,49;
50,16;
16,50;
50,17;
17,50;
50,30;
30,50;
51,17;
17,51;
51,18;
18,51;
51,31;
31,51;
52,19;
19,52;
52,32;
32,52;
52,44;
44,52;
52,53;
53,52;
53,44;
44,53;
53,52;
52,53;
53,54;
54,53;
54,20;
20,54;
54,44;
44,54;
54,53;
53,54;
54,62;
62,54;
55,24;
24,55;
55,64;
64,55;
56,27;
27,56;
56,28;
28,56;
56,40;
40,56;
57,26;
26,57;
57,27;
27,57;
57,38;
38,57;
58,28;
28,58;
58,29;
29,58;
58,38;
38,58;
59,29;
29,59;
59,30;
30,59;
60,30;
30,60;
60,31;
31,60;
61,32;
32,61;
61,44;
44,61;
61,62;
62,61;
62,44;
44,62;
62,54;
54,62;
62,61;
61,62;
62,63;
63,62;
63,33;
33,63;
63,44;
44,63;
63,62;
62,63;
64,37;
37,64;
64,46;
46,64;
64,55;
55,64;
}
label = {
1,1;
2,1;
3,1;
4,1;
5,1;
6,1;
7,1;
8,1;
9,1;
10,1;
11,1;
12,1;
13,1;
14,1;
15,1;
16,1;
17,1;
18,1;
19,1;
20,1;
21,1;
22,1;
23,1;
24,1;
25,1;
26,1;
27,1;
28,1;
29,1;
30,1;
31,1;
32,1;
33,1;
34,1;
35,1;
36,1;
37,1;
38,2;
39,2;
40,2;
41,2;
42,2;
43,2;
44,2;
45,2;
46,2;
47,2;
48,2;
49,2;
50,2;
51,2;
52,2;
53,2;
54,2;
55,2;
56,2;
57,2;
58,2;
59,2;
60,2;
61,2;
62,2;
63,2;
64,2;
}