edge = {
1,11;
11,1;
1,13;
13,1;
1,14;
14,1;
2,3;
3,2;
2,11;
11,2;
2,12;
12,2;
2,15;
15,2;
3,2;
2,3;
3,15;
15,3;
3,16;
16,3;
4,16;
16,4;
4,17;
17,4;
4,19;
19,4;
5,6;
6,5;
5,18;
18,5;
5,21;
21,5;
6,5;
5,6;
6,7;
7,6;
6,20;
20,6;
6,21;
21,6;
7,6;
6,7;
7,8;
8,7;
7,20;
20,7;
7,22;
22,7;
7,23;
23,7;
8,7;
7,8;
8,9;
9,8;
8,10;
10,8;
8,22;
22,8;
8,23;
23,8;
9,8;
8,9;
9,10;
10,9;
9,23;
23,9;
10,8;
8,10;
10,9;
9,10;
10,23;
23,10;
11,1;
1,11;
11,2;
2,11;
11,12;
12,11;
11,13;
13,11;
11,14;
14,11;
12,2;
2,12;
12,11;
11,12;
12,13;
13,12;
12,15;
15,12;
13,1;
1,13;
13,11;
11,13;
13,12;
12,13;
13,14;
14,13;
14,1;
1,14;
14,11;
11,14;
14,13;
13,14;
15,2;
2,15;
15,3;
3,15;
15,12;
12,15;
15,16;
16,15;
16,3;
3,16;
16,4;
4,16;
16,15;
15,16;
17,4;
4,17;
17,18;
18,17;
17,19;
19,17;
18,5;
5,18;
18,17;
17,18;
18,19;
19,18;
18,21;
21,18;
19,4;
4,19;
19,17;
17,19;
19,18;
18,19;
19,21;
21,19;
20,6;
6,20;
20,7;
7,20;
20,21;
21,20;
20,22;
22,20;
21,5;
5,21;
21,6;
6,21;
21,18;
18,21;
21,19;
19,21;
21,20;
20,21;
22,7;
7,22;
22,8;
8,22;
22,20;
20,22;
22,23;
23,22;
23,7;
7,23;
23,8;
8,23;
23,9;
9,23;
23,10;
10,23;
23,22;
22,23;
}
label = {
1,1;
2,1;
3,1;
4,1;
5,1;
6,1;
7,1;
8,1;
9,1;
10,1;
11,2;
12,2;
13,2;
14,2;
15,2;
16,2;
17,2;
18,2;
19,2;
20,2;
21,2;
22,2;
23,2;
}