edge = {
1,2;
2,1;
1,3;
3,1;
1,24;
24,1;
2,1;
1,2;
2,3;
3,2;
2,17;
17,2;
3,1;
1,3;
3,2;
2,3;
3,4;
4,3;
3,16;
16,3;
4,3;
3,4;
4,17;
17,4;
4,18;
18,4;
4,31;
31,4;
5,6;
6,5;
5,19;
19,5;
5,21;
21,5;
5,22;
22,5;
5,32;
32,5;
6,5;
5,6;
6,7;
7,6;
6,12;
12,6;
6,14;
14,6;
6,19;
19,6;
7,6;
6,7;
7,29;
29,7;
7,30;
30,7;
8,9;
9,8;
8,10;
10,8;
9,8;
8,9;
9,10;
10,9;
9,23;
23,9;
9,25;
25,9;
10,8;
8,10;
10,9;
9,10;
10,11;
11,10;
10,24;
24,10;
11,10;
10,11;
11,18;
18,11;
11,26;
26,11;
11,31;
31,11;
11,33;
33,11;
11,35;
35,11;
12,6;
6,12;
12,13;
13,12;
12,14;
14,12;
12,27;
27,12;
12,32;
32,12;
12,34;
34,12;
13,12;
12,13;
13,14;
14,13;
13,28;
28,13;
14,6;
6,14;
14,12;
12,14;
14,13;
13,14;
15,16;
16,15;
15,17;
17,15;
16,3;
3,16;
16,15;
15,16;
16,17;
17,16;
17,2;
2,17;
17,4;
4,17;
17,15;
15,17;
17,16;
16,17;
17,18;
18,17;
18,4;
4,18;
18,11;
11,18;
18,17;
17,18;
18,35;
35,18;
19,5;
5,19;
19,6;
6,19;
19,20;
20,19;
19,36;
36,19;
20,19;
19,20;
20,21;
21,20;
20,22;
22,20;
21,5;
5,21;
21,20;
20,21;
21,22;
22,21;
22,5;
5,22;
22,20;
20,22;
22,21;
21,22;
23,9;
9,23;
23,24;
24,23;
23,25;
25,23;
24,1;
1,24;
24,10;
10,24;
24,23;
23,24;
24,25;
25,24;
25,9;
9,25;
25,23;
23,25;
25,24;
24,25;
25,26;
26,25;
26,11;
11,26;
26,25;
25,26;
26,31;
31,26;
26,33;
33,26;
26,37;
37,26;
27,12;
12,27;
27,28;
28,27;
27,32;
32,27;
27,38;
38,27;
28,13;
13,28;
28,27;
27,28;
28,29;
29,28;
28,30;
30,28;
28,32;
32,28;
29,7;
7,29;
29,28;
28,29;
29,30;
30,29;
30,7;
7,30;
30,28;
28,30;
30,29;
29,30;
31,4;
4,31;
31,11;
11,31;
31,26;
26,31;
31,32;
32,31;
32,5;
5,32;
32,12;
12,32;
32,27;
27,32;
32,28;
28,32;
32,31;
31,32;
32,38;
38,32;
33,11;
11,33;
33,26;
26,33;
33,34;
34,33;
34,12;
12,34;
34,33;
33,34;
34,38;
38,34;
35,11;
11,35;
35,18;
18,35;
35,36;
36,35;
36,19;
19,36;
36,35;
35,36;
36,38;
38,36;
37,26;
26,37;
37,38;
38,37;
38,27;
27,38;
38,32;
32,38;
38,34;
34,38;
38,36;
36,38;
38,37;
37,38;
}
label = {
1,1;
2,1;
3,1;
4,1;
5,1;
6,1;
7,1;
8,1;
9,1;
10,1;
11,1;
12,1;
13,1;
14,1;
15,1;
16,1;
17,1;
18,1;
19,1;
20,1;
21,1;
22,1;
23,1;
24,1;
25,1;
26,1;
27,1;
28,1;
29,1;
30,1;
31,2;
32,2;
33,2;
34,2;
35,2;
36,2;
37,2;
38,2;
}