edge = {
1,2;
2,1;
1,11;
11,1;
2,1;
1,2;
2,3;
3,2;
2,10;
10,2;
2,12;
12,2;
3,2;
2,3;
3,4;
4,3;
3,11;
11,3;
3,13;
13,3;
4,3;
3,4;
4,5;
5,4;
4,12;
12,4;
4,13;
13,4;
4,17;
17,4;
5,4;
4,5;
5,6;
6,5;
5,17;
17,5;
5,19;
19,5;
6,5;
5,6;
6,7;
7,6;
6,14;
14,6;
6,15;
15,6;
6,18;
18,6;
7,6;
6,7;
7,8;
8,7;
7,9;
9,7;
7,15;
15,7;
7,16;
16,7;
8,7;
7,8;
8,9;
9,8;
8,14;
14,8;
9,7;
7,9;
9,8;
8,9;
9,16;
16,9;
10,2;
2,10;
10,11;
11,10;
11,1;
1,11;
11,3;
3,11;
11,10;
10,11;
11,12;
12,11;
12,2;
2,12;
12,4;
4,12;
12,11;
11,12;
12,13;
13,12;
13,3;
3,13;
13,4;
4,13;
13,12;
12,13;
13,20;
20,13;
14,6;
6,14;
14,8;
8,14;
14,15;
15,14;
14,21;
21,14;
15,6;
6,15;
15,7;
7,15;
15,14;
14,15;
15,16;
16,15;
16,7;
7,16;
16,9;
9,16;
16,15;
15,16;
17,4;
4,17;
17,5;
5,17;
17,19;
19,17;
17,22;
22,17;
18,6;
6,18;
18,19;
19,18;
18,22;
22,18;
19,5;
5,19;
19,17;
17,19;
19,18;
18,19;
19,20;
20,19;
19,21;
21,19;
19,22;
22,19;
20,13;
13,20;
20,19;
19,20;
20,22;
22,20;
21,14;
14,21;
21,19;
19,21;
21,22;
22,21;
22,17;
17,22;
22,18;
18,22;
22,19;
19,22;
22,20;
20,22;
22,21;
21,22;
}
label = {
1,1;
2,1;
3,1;
4,1;
5,1;
6,1;
7,1;
8,1;
9,1;
10,1;
11,1;
12,1;
13,1;
14,1;
15,1;
16,1;
17,2;
18,2;
19,2;
20,2;
21,2;
22,2;
}