edge = {
1,2;
2,1;
1,9;
9,1;
1,18;
18,1;
2,1;
1,2;
2,17;
17,2;
2,18;
18,2;
3,4;
4,3;
3,5;
5,3;
3,15;
15,3;
3,22;
22,3;
4,3;
3,4;
4,5;
5,4;
4,16;
16,4;
4,21;
21,4;
5,3;
3,5;
5,4;
4,5;
5,11;
11,5;
5,16;
16,5;
6,7;
7,6;
6,23;
23,6;
6,25;
25,6;
7,6;
6,7;
7,8;
8,7;
7,24;
24,7;
7,26;
26,7;
8,7;
7,8;
8,24;
24,8;
8,26;
26,8;
9,1;
1,9;
9,17;
17,9;
9,18;
18,9;
9,20;
20,9;
10,11;
11,10;
10,16;
16,10;
10,19;
19,10;
11,5;
5,11;
11,10;
10,11;
11,16;
16,11;
11,19;
19,11;
12,16;
16,12;
12,21;
21,12;
12,22;
22,12;
13,14;
14,13;
13,15;
15,13;
13,17;
17,13;
13,20;
20,13;
14,13;
13,14;
14,15;
15,14;
14,20;
20,14;
15,3;
3,15;
15,13;
13,15;
15,14;
14,15;
15,22;
22,15;
16,4;
4,16;
16,5;
5,16;
16,10;
10,16;
16,11;
11,16;
16,12;
12,16;
16,19;
19,16;
16,21;
21,16;
17,2;
2,17;
17,9;
9,17;
17,13;
13,17;
17,18;
18,17;
17,20;
20,17;
18,1;
1,18;
18,2;
2,18;
18,9;
9,18;
18,17;
17,18;
18,20;
20,18;
19,10;
10,19;
19,11;
11,19;
19,16;
16,19;
20,9;
9,20;
20,13;
13,20;
20,14;
14,20;
20,17;
17,20;
20,18;
18,20;
21,4;
4,21;
21,12;
12,21;
21,16;
16,21;
21,22;
22,21;
22,3;
3,22;
22,12;
12,22;
22,15;
15,22;
22,21;
21,22;
23,6;
6,23;
23,25;
25,23;
23,26;
26,23;
24,7;
7,24;
24,8;
8,24;
24,25;
25,24;
24,26;
26,24;
25,6;
6,25;
25,23;
23,25;
25,24;
24,25;
25,26;
26,25;
26,7;
7,26;
26,8;
8,26;
26,23;
23,26;
26,24;
24,26;
26,25;
25,26;
}
label = {
1,1;
2,1;
3,1;
4,1;
5,1;
6,1;
7,1;
8,1;
9,2;
10,2;
11,2;
12,2;
13,2;
14,2;
15,2;
16,2;
17,2;
18,2;
19,2;
20,2;
21,2;
22,2;
23,2;
24,2;
25,2;
26,2;
}