edge = {
1,2;
2,1;
1,7;
7,1;
2,1;
1,2;
2,3;
3,2;
2,7;
7,2;
2,12;
12,2;
2,14;
14,2;
3,2;
2,3;
3,4;
4,3;
3,5;
5,3;
3,14;
14,3;
3,15;
15,3;
4,3;
3,4;
4,5;
5,4;
4,15;
15,4;
5,3;
3,5;
5,4;
4,5;
5,10;
10,5;
5,11;
11,5;
6,12;
12,6;
6,13;
13,6;
6,16;
16,6;
6,17;
17,6;
7,1;
1,7;
7,2;
2,7;
7,8;
8,7;
7,9;
9,7;
7,16;
16,7;
8,7;
7,8;
8,9;
9,8;
8,14;
14,8;
8,18;
18,8;
9,7;
7,9;
9,8;
8,9;
9,10;
10,9;
9,18;
18,9;
9,19;
19,9;
10,5;
5,10;
10,9;
9,10;
10,11;
11,10;
10,15;
15,10;
10,19;
19,10;
11,5;
5,11;
11,10;
10,11;
11,19;
19,11;
12,2;
2,12;
12,6;
6,12;
12,13;
13,12;
12,14;
14,12;
12,17;
17,12;
12,18;
18,12;
13,6;
6,13;
13,12;
12,13;
14,2;
2,14;
14,3;
3,14;
14,8;
8,14;
14,12;
12,14;
14,15;
15,14;
14,16;
16,14;
14,19;
19,14;
15,3;
3,15;
15,4;
4,15;
15,10;
10,15;
15,14;
14,15;
15,18;
18,15;
15,19;
19,15;
16,6;
6,16;
16,7;
7,16;
16,14;
14,16;
16,18;
18,16;
17,6;
6,17;
17,12;
12,17;
18,8;
8,18;
18,9;
9,18;
18,12;
12,18;
18,15;
15,18;
18,16;
16,18;
18,19;
19,18;
19,9;
9,19;
19,10;
10,19;
19,11;
11,19;
19,14;
14,19;
19,15;
15,19;
19,18;
18,19;
}
label = {
1,1;
2,1;
3,1;
4,1;
5,1;
6,1;
7,1;
8,1;
9,1;
10,1;
11,1;
12,2;
13,2;
14,2;
15,2;
16,2;
17,2;
18,2;
19,2;
}