edge = {
1,36;
36,1;
1,44;
44,1;
1,53;
53,1;
2,3;
3,2;
2,19;
19,2;
2,34;
34,2;
3,2;
2,3;
3,18;
18,3;
3,33;
33,3;
4,5;
5,4;
4,21;
21,4;
4,33;
33,4;
4,41;
41,4;
5,4;
4,5;
5,20;
20,5;
5,22;
22,5;
5,35;
35,5;
6,35;
35,6;
6,37;
37,6;
6,43;
43,6;
7,38;
38,7;
7,40;
40,7;
7,49;
49,7;
7,57;
57,7;
8,38;
38,8;
8,47;
47,8;
8,64;
64,8;
9,10;
10,9;
9,26;
26,9;
9,42;
42,9;
9,44;
44,9;
10,9;
9,10;
10,11;
11,10;
10,27;
27,10;
10,42;
42,10;
11,10;
10,11;
11,26;
26,11;
11,41;
41,11;
12,13;
13,12;
12,29;
29,12;
12,41;
41,12;
13,12;
12,13;
13,28;
28,13;
13,43;
43,13;
14,28;
28,14;
14,29;
29,14;
14,43;
43,14;
14,45;
45,14;
15,40;
40,15;
15,46;
46,15;
15,49;
49,15;
15,57;
57,15;
16,32;
32,16;
16,47;
47,16;
16,64;
64,16;
17,18;
18,17;
17,36;
36,17;
17,51;
51,17;
17,53;
53,17;
18,3;
3,18;
18,17;
17,18;
18,19;
19,18;
18,51;
51,18;
19,2;
2,19;
19,18;
18,19;
19,50;
50,19;
20,5;
5,20;
20,21;
21,20;
20,50;
50,20;
21,4;
4,21;
21,20;
20,21;
21,52;
52,21;
22,5;
5,22;
22,35;
35,22;
22,52;
52,22;
22,54;
54,22;
23,40;
40,23;
23,55;
55,23;
23,57;
57,23;
24,47;
47,24;
24,55;
55,24;
24,64;
64,24;
25,36;
36,25;
25,59;
59,25;
25,61;
61,25;
26,9;
9,26;
26,11;
11,26;
26,27;
27,26;
26,34;
34,26;
26,59;
59,26;
27,10;
10,27;
27,26;
26,27;
27,58;
58,27;
28,13;
13,28;
28,14;
14,28;
28,29;
29,28;
28,33;
33,28;
28,58;
58,28;
29,12;
12,29;
29,14;
14,29;
29,28;
28,29;
29,60;
60,29;
30,35;
35,30;
30,43;
43,30;
30,60;
60,30;
30,62;
62,30;
31,40;
40,31;
31,57;
57,31;
31,63;
63,31;
31,66;
66,31;
32,16;
16,32;
32,47;
47,32;
32,64;
64,32;
33,3;
3,33;
33,4;
4,33;
33,28;
28,33;
34,2;
2,34;
34,26;
26,34;
34,36;
36,34;
35,5;
5,35;
35,6;
6,35;
35,22;
22,35;
35,30;
30,35;
36,1;
1,36;
36,17;
17,36;
36,25;
25,36;
36,34;
34,36;
37,6;
6,37;
37,39;
39,37;
38,7;
7,38;
38,8;
8,38;
38,46;
46,38;
38,63;
63,38;
39,37;
37,39;
39,40;
40,39;
39,56;
56,39;
40,7;
7,40;
40,15;
15,40;
40,23;
23,40;
40,31;
31,40;
40,39;
39,40;
40,66;
66,40;
41,4;
4,41;
41,11;
11,41;
41,12;
12,41;
42,9;
9,42;
42,10;
10,42;
43,6;
6,43;
43,13;
13,43;
43,14;
14,43;
43,30;
30,43;
44,1;
1,44;
44,9;
9,44;
45,14;
14,45;
45,48;
48,45;
46,15;
15,46;
46,38;
38,46;
46,47;
47,46;
46,55;
55,46;
46,64;
64,46;
47,8;
8,47;
47,16;
16,47;
47,24;
24,47;
47,32;
32,47;
47,46;
46,47;
48,45;
45,48;
48,49;
49,48;
48,56;
56,48;
49,7;
7,49;
49,15;
15,49;
49,48;
48,49;
49,66;
66,49;
50,19;
19,50;
50,20;
20,50;
51,17;
17,51;
51,18;
18,51;
52,21;
21,52;
52,22;
22,52;
53,1;
1,53;
53,17;
17,53;
54,22;
22,54;
54,56;
56,54;
55,23;
23,55;
55,24;
24,55;
55,46;
46,55;
55,63;
63,55;
56,39;
39,56;
56,48;
48,56;
56,54;
54,56;
56,57;
57,56;
56,65;
65,56;
57,7;
7,57;
57,15;
15,57;
57,23;
23,57;
57,31;
31,57;
57,56;
56,57;
57,66;
66,57;
58,27;
27,58;
58,28;
28,58;
59,25;
25,59;
59,26;
26,59;
60,29;
29,60;
60,30;
30,60;
61,25;
25,61;
62,30;
30,62;
62,65;
65,62;
63,31;
31,63;
63,38;
38,63;
63,55;
55,63;
63,64;
64,63;
64,8;
8,64;
64,16;
16,64;
64,24;
24,64;
64,32;
32,64;
64,46;
46,64;
64,63;
63,64;
65,56;
56,65;
65,62;
62,65;
65,66;
66,65;
66,31;
31,66;
66,40;
40,66;
66,49;
49,66;
66,57;
57,66;
66,65;
65,66;
}
label = {
1,1;
2,1;
3,1;
4,1;
5,1;
6,1;
7,1;
8,1;
9,1;
10,1;
11,1;
12,1;
13,1;
14,1;
15,1;
16,1;
17,1;
18,1;
19,1;
20,1;
21,1;
22,1;
23,1;
24,1;
25,1;
26,1;
27,1;
28,1;
29,1;
30,1;
31,1;
32,1;
33,2;
34,2;
35,2;
36,2;
37,2;
38,2;
39,2;
40,2;
41,2;
42,2;
43,2;
44,2;
45,2;
46,2;
47,2;
48,2;
49,2;
50,2;
51,2;
52,2;
53,2;
54,2;
55,2;
56,2;
57,2;
58,2;
59,2;
60,2;
61,2;
62,2;
63,2;
64,2;
65,2;
66,2;
}