edge = {
1,2;
2,1;
1,10;
10,1;
1,19;
19,1;
2,1;
1,2;
2,18;
18,2;
2,19;
19,2;
3,4;
4,3;
3,5;
5,3;
3,16;
16,3;
3,23;
23,3;
4,3;
3,4;
4,5;
5,4;
4,17;
17,4;
4,22;
22,4;
5,3;
3,5;
5,4;
4,5;
5,12;
12,5;
5,17;
17,5;
6,7;
7,6;
6,8;
8,6;
6,24;
24,6;
7,6;
6,7;
7,8;
8,7;
7,9;
9,7;
7,24;
24,7;
7,25;
25,7;
7,26;
26,7;
7,27;
27,7;
8,6;
6,8;
8,7;
7,8;
8,9;
9,8;
8,25;
25,8;
8,27;
27,8;
9,7;
7,9;
9,8;
8,9;
9,26;
26,9;
10,1;
1,10;
10,18;
18,10;
10,19;
19,10;
10,21;
21,10;
11,12;
12,11;
11,17;
17,11;
11,20;
20,11;
12,5;
5,12;
12,11;
11,12;
12,17;
17,12;
12,20;
20,12;
13,17;
17,13;
13,22;
22,13;
13,23;
23,13;
14,15;
15,14;
14,16;
16,14;
14,18;
18,14;
14,21;
21,14;
15,14;
14,15;
15,16;
16,15;
15,21;
21,15;
16,3;
3,16;
16,14;
14,16;
16,15;
15,16;
16,23;
23,16;
17,4;
4,17;
17,5;
5,17;
17,11;
11,17;
17,12;
12,17;
17,13;
13,17;
17,20;
20,17;
17,22;
22,17;
18,2;
2,18;
18,10;
10,18;
18,14;
14,18;
18,19;
19,18;
18,21;
21,18;
19,1;
1,19;
19,2;
2,19;
19,10;
10,19;
19,18;
18,19;
19,21;
21,19;
20,11;
11,20;
20,12;
12,20;
20,17;
17,20;
21,10;
10,21;
21,14;
14,21;
21,15;
15,21;
21,18;
18,21;
21,19;
19,21;
22,4;
4,22;
22,13;
13,22;
22,17;
17,22;
22,23;
23,22;
23,3;
3,23;
23,13;
13,23;
23,16;
16,23;
23,22;
22,23;
24,6;
6,24;
24,7;
7,24;
24,25;
25,24;
24,27;
27,24;
25,7;
7,25;
25,8;
8,25;
25,24;
24,25;
25,26;
26,25;
25,27;
27,25;
26,7;
7,26;
26,9;
9,26;
26,25;
25,26;
26,27;
27,26;
27,7;
7,27;
27,8;
8,27;
27,24;
24,27;
27,25;
25,27;
27,26;
26,27;
}
label = {
1,1;
2,1;
3,1;
4,1;
5,1;
6,1;
7,1;
8,1;
9,1;
10,2;
11,2;
12,2;
13,2;
14,2;
15,2;
16,2;
17,2;
18,2;
19,2;
20,2;
21,2;
22,2;
23,2;
24,2;
25,2;
26,2;
27,2;
}