edge = {
1,2;
2,1;
1,7;
7,1;
2,1;
1,2;
2,6;
6,2;
2,11;
11,2;
2,12;
12,2;
3,14;
14,3;
3,17;
17,3;
3,29;
29,3;
4,13;
13,4;
4,18;
18,4;
4,25;
25,4;
4,30;
30,4;
5,10;
10,5;
5,13;
13,5;
5,20;
20,5;
5,32;
32,5;
6,2;
2,6;
6,7;
7,6;
6,11;
11,6;
6,23;
23,6;
7,1;
1,7;
7,6;
6,7;
7,24;
24,7;
8,14;
14,8;
8,17;
17,8;
8,26;
26,8;
8,29;
29,8;
9,18;
18,9;
9,25;
25,9;
9,30;
30,9;
10,5;
5,10;
10,20;
20,10;
10,25;
25,10;
10,32;
32,10;
11,2;
2,11;
11,6;
6,11;
11,22;
22,11;
11,34;
34,11;
12,2;
2,12;
12,19;
19,12;
12,24;
24,12;
12,31;
31,12;
13,4;
4,13;
13,5;
5,13;
13,20;
20,13;
13,32;
32,13;
14,3;
3,14;
14,8;
8,14;
14,15;
15,14;
14,27;
27,14;
15,14;
14,15;
15,16;
16,15;
15,26;
26,15;
16,15;
15,16;
16,19;
19,16;
16,31;
31,16;
17,3;
3,17;
17,8;
8,17;
17,18;
18,17;
17,30;
30,17;
18,4;
4,18;
18,9;
9,18;
18,17;
17,18;
18,29;
29,18;
19,12;
12,19;
19,16;
16,19;
19,24;
24,19;
19,28;
28,19;
20,5;
5,20;
20,10;
10,20;
20,13;
13,20;
20,21;
21,20;
20,25;
25,20;
20,33;
33,20;
21,20;
20,21;
21,32;
32,21;
22,11;
11,22;
22,23;
23,22;
22,34;
34,22;
23,6;
6,23;
23,22;
22,23;
23,34;
34,23;
24,7;
7,24;
24,12;
12,24;
24,19;
19,24;
24,31;
31,24;
25,4;
4,25;
25,9;
9,25;
25,10;
10,25;
25,20;
20,25;
25,32;
32,25;
26,8;
8,26;
26,15;
15,26;
26,27;
27,26;
27,14;
14,27;
27,26;
26,27;
27,28;
28,27;
28,19;
19,28;
28,27;
27,28;
28,31;
31,28;
29,3;
3,29;
29,8;
8,29;
29,18;
18,29;
29,30;
30,29;
30,4;
4,30;
30,9;
9,30;
30,17;
17,30;
30,29;
29,30;
31,12;
12,31;
31,16;
16,31;
31,24;
24,31;
31,28;
28,31;
32,5;
5,32;
32,10;
10,32;
32,13;
13,32;
32,21;
21,32;
32,25;
25,32;
32,33;
33,32;
33,20;
20,33;
33,32;
32,33;
34,11;
11,34;
34,22;
22,34;
34,23;
23,34;
}
label = {
1,1;
2,1;
3,1;
4,1;
5,1;
6,1;
7,1;
8,1;
9,1;
10,1;
11,2;
12,2;
13,2;
14,2;
15,2;
16,2;
17,2;
18,2;
19,2;
20,2;
21,2;
22,2;
23,2;
24,2;
25,2;
26,2;
27,2;
28,2;
29,2;
30,2;
31,2;
32,2;
33,2;
34,2;
}