edge = {
1,19;
19,1;
1,21;
21,1;
1,24;
24,1;
1,26;
26,1;
2,3;
3,2;
2,4;
4,2;
2,10;
10,2;
2,12;
12,2;
2,19;
19,2;
2,24;
24,2;
3,2;
2,3;
3,4;
4,3;
3,19;
19,3;
4,2;
2,4;
4,3;
3,4;
4,20;
20,4;
5,6;
6,5;
5,20;
20,5;
5,22;
22,5;
5,25;
25,5;
5,27;
27,5;
6,5;
5,6;
6,20;
20,6;
6,22;
22,6;
6,25;
25,6;
6,27;
27,6;
7,8;
8,7;
7,14;
14,7;
7,15;
15,7;
7,17;
17,7;
7,22;
22,7;
7,27;
27,7;
8,7;
7,8;
8,16;
16,8;
8,23;
23,8;
8,28;
28,8;
9,18;
18,9;
9,23;
23,9;
9,28;
28,9;
10,2;
2,10;
10,11;
11,10;
10,24;
24,10;
10,26;
26,10;
11,10;
10,11;
11,12;
12,11;
11,13;
13,11;
11,24;
24,11;
12,2;
2,12;
12,11;
11,12;
12,13;
13,12;
13,11;
11,13;
13,12;
12,13;
13,14;
14,13;
13,25;
25,13;
14,7;
7,14;
14,13;
13,14;
14,15;
15,14;
14,25;
25,14;
15,7;
7,15;
15,14;
14,15;
15,16;
16,15;
15,27;
27,15;
16,8;
8,16;
16,15;
15,16;
16,17;
17,16;
16,22;
22,16;
16,27;
27,16;
17,7;
7,17;
17,16;
16,17;
17,18;
18,17;
17,28;
28,17;
18,9;
9,18;
18,17;
17,18;
18,28;
28,18;
19,1;
1,19;
19,2;
2,19;
19,3;
3,19;
19,21;
21,19;
19,26;
26,19;
20,4;
4,20;
20,5;
5,20;
20,6;
6,20;
21,1;
1,21;
21,19;
19,21;
22,5;
5,22;
22,6;
6,22;
22,7;
7,22;
22,16;
16,22;
23,8;
8,23;
23,9;
9,23;
23,28;
28,23;
24,1;
1,24;
24,2;
2,24;
24,10;
10,24;
24,11;
11,24;
25,5;
5,25;
25,6;
6,25;
25,13;
13,25;
25,14;
14,25;
26,1;
1,26;
26,10;
10,26;
26,19;
19,26;
27,5;
5,27;
27,6;
6,27;
27,7;
7,27;
27,15;
15,27;
27,16;
16,27;
28,8;
8,28;
28,9;
9,28;
28,17;
17,28;
28,18;
18,28;
28,23;
23,28;
}
label = {
1,1;
2,1;
3,1;
4,1;
5,1;
6,1;
7,1;
8,1;
9,1;
10,1;
11,1;
12,1;
13,1;
14,1;
15,1;
16,1;
17,1;
18,1;
19,2;
20,2;
21,2;
22,2;
23,2;
24,2;
25,2;
26,2;
27,2;
28,2;
}