edge = {
1,12;
12,1;
1,23;
23,1;
1,33;
33,1;
2,24;
24,2;
2,32;
32,2;
2,42;
42,2;
3,25;
25,3;
3,30;
30,3;
3,35;
35,3;
4,5;
5,4;
4,29;
29,4;
4,30;
30,4;
4,39;
39,4;
4,40;
40,4;
5,4;
4,5;
5,15;
15,5;
5,29;
29,5;
5,30;
30,5;
5,39;
39,5;
5,40;
40,5;
6,7;
7,6;
6,8;
8,6;
6,27;
27,6;
7,6;
6,7;
7,8;
8,7;
7,9;
9,7;
8,6;
6,8;
8,7;
7,8;
8,20;
20,8;
8,26;
26,8;
9,7;
7,9;
9,10;
10,9;
9,11;
11,9;
9,26;
26,9;
9,36;
36,9;
10,9;
9,10;
10,11;
11,10;
10,20;
20,10;
10,22;
22,10;
10,26;
26,10;
10,36;
36,10;
11,9;
9,11;
11,10;
10,11;
11,21;
21,11;
12,1;
1,12;
12,23;
23,12;
12,33;
33,12;
13,32;
32,13;
13,34;
34,13;
13,42;
42,13;
14,15;
15,14;
14,16;
16,14;
14,35;
35,14;
14,40;
40,14;
15,5;
5,15;
15,14;
14,15;
15,16;
16,15;
15,40;
40,15;
16,14;
14,16;
16,15;
15,16;
16,39;
39,16;
17,18;
18,17;
17,19;
19,17;
17,20;
20,17;
17,37;
37,17;
18,17;
17,18;
18,19;
19,18;
18,20;
20,18;
19,17;
17,19;
19,18;
18,19;
19,20;
20,19;
19,36;
36,19;
20,8;
8,20;
20,10;
10,20;
20,17;
17,20;
20,18;
18,20;
20,19;
19,20;
20,21;
21,20;
20,22;
22,20;
20,36;
36,20;
21,11;
11,21;
21,20;
20,21;
21,22;
22,21;
22,10;
10,22;
22,20;
20,22;
22,21;
21,22;
23,1;
1,23;
23,12;
12,23;
23,31;
31,23;
23,41;
41,23;
24,2;
2,24;
24,25;
25,24;
24,32;
32,24;
24,35;
35,24;
24,42;
42,24;
25,3;
3,25;
25,24;
24,25;
25,34;
34,25;
26,8;
8,26;
26,9;
9,26;
26,10;
10,26;
27,6;
6,27;
27,28;
28,27;
27,38;
38,27;
28,27;
27,28;
28,29;
29,28;
28,37;
37,28;
29,4;
4,29;
29,5;
5,29;
29,28;
28,29;
30,3;
3,30;
30,4;
4,30;
30,5;
5,30;
31,23;
23,31;
31,32;
32,31;
31,33;
33,31;
32,2;
2,32;
32,13;
13,32;
32,24;
24,32;
32,31;
31,32;
32,34;
34,32;
32,42;
42,32;
33,1;
1,33;
33,12;
12,33;
33,31;
31,33;
33,41;
41,33;
34,13;
13,34;
34,25;
25,34;
34,32;
32,34;
34,35;
35,34;
34,42;
42,34;
35,3;
3,35;
35,14;
14,35;
35,24;
24,35;
35,34;
34,35;
36,9;
9,36;
36,10;
10,36;
36,19;
19,36;
36,20;
20,36;
37,17;
17,37;
37,28;
28,37;
37,38;
38,37;
38,27;
27,38;
38,37;
37,38;
38,39;
39,38;
39,4;
4,39;
39,5;
5,39;
39,16;
16,39;
39,38;
38,39;
40,4;
4,40;
40,5;
5,40;
40,14;
14,40;
40,15;
15,40;
41,23;
23,41;
41,33;
33,41;
41,42;
42,41;
42,2;
2,42;
42,13;
13,42;
42,24;
24,42;
42,32;
32,42;
42,34;
34,42;
42,41;
41,42;
}
label = {
1,1;
2,1;
3,1;
4,1;
5,1;
6,1;
7,1;
8,1;
9,1;
10,1;
11,1;
12,1;
13,1;
14,1;
15,1;
16,1;
17,1;
18,1;
19,1;
20,1;
21,1;
22,1;
23,2;
24,2;
25,2;
26,2;
27,2;
28,2;
29,2;
30,2;
31,2;
32,2;
33,2;
34,2;
35,2;
36,2;
37,2;
38,2;
39,2;
40,2;
41,2;
42,2;
}