edge = {
1,2;
2,1;
1,3;
3,1;
1,10;
10,1;
2,1;
1,2;
2,3;
3,2;
2,9;
9,2;
2,11;
11,2;
2,17;
17,2;
3,1;
1,3;
3,2;
2,3;
3,10;
10,3;
3,11;
11,3;
3,18;
18,3;
4,5;
5,4;
4,14;
14,4;
4,18;
18,4;
5,4;
4,5;
5,6;
6,5;
5,14;
14,5;
5,20;
20,5;
6,5;
5,6;
6,7;
7,6;
6,12;
12,6;
6,13;
13,6;
6,14;
14,6;
6,15;
15,6;
6,20;
20,6;
7,6;
6,7;
7,8;
8,7;
7,14;
14,7;
7,16;
16,7;
7,21;
21,7;
8,7;
7,8;
8,15;
15,8;
8,16;
16,8;
8,21;
21,8;
9,2;
2,9;
9,10;
10,9;
9,22;
22,9;
9,24;
24,9;
10,1;
1,10;
10,3;
3,10;
10,9;
9,10;
10,11;
11,10;
10,22;
22,10;
11,2;
2,11;
11,3;
3,11;
11,10;
10,11;
11,23;
23,11;
12,6;
6,12;
12,13;
13,12;
12,23;
23,12;
13,6;
6,13;
13,12;
12,13;
13,20;
20,13;
13,25;
25,13;
14,4;
4,14;
14,5;
5,14;
14,6;
6,14;
14,7;
7,14;
14,15;
15,14;
14,25;
25,14;
15,6;
6,15;
15,8;
8,15;
15,14;
14,15;
15,16;
16,15;
15,21;
21,15;
15,26;
26,15;
16,7;
7,16;
16,8;
8,16;
16,15;
15,16;
16,26;
26,16;
17,2;
2,17;
17,19;
19,17;
17,24;
24,17;
18,3;
3,18;
18,4;
4,18;
18,20;
20,18;
18,25;
25,18;
19,17;
17,19;
19,22;
22,19;
20,5;
5,20;
20,6;
6,20;
20,13;
13,20;
20,18;
18,20;
20,23;
23,20;
21,7;
7,21;
21,8;
8,21;
21,15;
15,21;
21,26;
26,21;
22,9;
9,22;
22,10;
10,22;
22,19;
19,22;
22,24;
24,22;
23,11;
11,23;
23,12;
12,23;
23,20;
20,23;
23,25;
25,23;
24,9;
9,24;
24,17;
17,24;
24,22;
22,24;
25,13;
13,25;
25,14;
14,25;
25,18;
18,25;
25,23;
23,25;
26,15;
15,26;
26,16;
16,26;
26,21;
21,26;
}
label = {
1,1;
2,1;
3,1;
4,1;
5,1;
6,1;
7,1;
8,1;
9,1;
10,1;
11,1;
12,1;
13,1;
14,1;
15,1;
16,1;
17,2;
18,2;
19,2;
20,2;
21,2;
22,2;
23,2;
24,2;
25,2;
26,2;
}