edge = {
1,2;
2,1;
1,12;
12,1;
2,1;
1,2;
2,3;
3,2;
2,4;
4,2;
2,11;
11,2;
2,13;
13,2;
2,19;
19,2;
3,2;
2,3;
3,4;
4,3;
3,12;
12,3;
4,2;
2,4;
4,3;
3,4;
4,5;
5,4;
4,13;
13,4;
4,20;
20,4;
5,4;
4,5;
5,6;
6,5;
5,7;
7,5;
5,20;
20,5;
6,5;
5,6;
6,8;
8,6;
6,9;
9,6;
6,14;
14,6;
6,22;
22,6;
7,5;
5,7;
7,8;
8,7;
7,9;
9,7;
7,22;
22,7;
8,6;
6,8;
8,7;
7,8;
8,9;
9,8;
8,17;
17,8;
9,6;
6,9;
9,7;
7,9;
9,8;
8,9;
9,10;
10,9;
9,18;
18,9;
9,23;
23,9;
10,9;
9,10;
10,17;
17,10;
10,18;
18,10;
10,23;
23,10;
10,28;
28,10;
11,2;
2,11;
11,12;
12,11;
11,24;
24,11;
11,26;
26,11;
12,1;
1,12;
12,3;
3,12;
12,11;
11,12;
12,13;
13,12;
12,24;
24,12;
13,2;
2,13;
13,4;
4,13;
13,12;
12,13;
13,25;
25,13;
14,6;
6,14;
14,15;
15,14;
14,16;
16,14;
14,25;
25,14;
15,14;
14,15;
15,16;
16,15;
15,17;
17,15;
15,27;
27,15;
16,14;
14,16;
16,15;
15,16;
16,17;
17,16;
16,27;
27,16;
17,8;
8,17;
17,10;
10,17;
17,15;
15,17;
17,16;
16,17;
17,18;
18,17;
17,28;
28,17;
18,9;
9,18;
18,10;
10,18;
18,17;
17,18;
18,28;
28,18;
19,2;
2,19;
19,21;
21,19;
19,26;
26,19;
20,4;
4,20;
20,5;
5,20;
20,22;
22,20;
20,27;
27,20;
21,19;
19,21;
21,24;
24,21;
22,6;
6,22;
22,7;
7,22;
22,20;
20,22;
22,23;
23,22;
22,25;
25,22;
22,28;
28,22;
23,9;
9,23;
23,10;
10,23;
23,22;
22,23;
23,28;
28,23;
24,11;
11,24;
24,12;
12,24;
24,21;
21,24;
24,26;
26,24;
25,13;
13,25;
25,14;
14,25;
25,22;
22,25;
25,27;
27,25;
26,11;
11,26;
26,19;
19,26;
26,24;
24,26;
27,15;
15,27;
27,16;
16,27;
27,20;
20,27;
27,25;
25,27;
28,10;
10,28;
28,17;
17,28;
28,18;
18,28;
28,22;
22,28;
28,23;
23,28;
}
label = {
1,1;
2,1;
3,1;
4,1;
5,1;
6,1;
7,1;
8,1;
9,1;
10,1;
11,1;
12,1;
13,1;
14,1;
15,1;
16,1;
17,1;
18,1;
19,2;
20,2;
21,2;
22,2;
23,2;
24,2;
25,2;
26,2;
27,2;
28,2;
}