edge = {
1,2;
2,1;
1,3;
3,1;
1,4;
4,1;
2,1;
1,2;
2,3;
3,2;
2,4;
4,2;
2,15;
15,2;
2,17;
17,2;
3,1;
1,3;
3,2;
2,3;
3,4;
4,3;
3,5;
5,3;
3,15;
15,3;
3,17;
17,3;
4,1;
1,4;
4,2;
2,4;
4,3;
3,4;
4,5;
5,4;
4,6;
6,4;
5,3;
3,5;
5,4;
4,5;
5,6;
6,5;
6,4;
4,6;
6,5;
5,6;
6,7;
7,6;
6,8;
8,6;
6,9;
9,6;
6,16;
16,6;
7,6;
6,7;
7,8;
8,7;
7,9;
9,7;
7,16;
16,7;
8,6;
6,8;
8,7;
7,8;
8,9;
9,8;
9,6;
6,9;
9,7;
7,9;
9,8;
8,9;
9,10;
10,9;
9,16;
16,9;
9,18;
18,9;
10,9;
9,10;
10,11;
11,10;
10,12;
12,10;
10,18;
18,10;
11,10;
10,11;
11,12;
12,11;
11,13;
13,11;
11,14;
14,11;
12,10;
10,12;
12,11;
11,12;
12,13;
13,12;
12,14;
14,12;
12,19;
19,12;
13,11;
11,13;
13,12;
12,13;
13,14;
14,13;
13,19;
19,13;
14,11;
11,14;
14,12;
12,14;
14,13;
13,14;
14,19;
19,14;
15,2;
2,15;
15,3;
3,15;
15,16;
16,15;
15,17;
17,15;
16,6;
6,16;
16,7;
7,16;
16,9;
9,16;
16,15;
15,16;
16,18;
18,16;
17,2;
2,17;
17,3;
3,17;
17,15;
15,17;
18,9;
9,18;
18,10;
10,18;
18,16;
16,18;
18,19;
19,18;
19,12;
12,19;
19,13;
13,19;
19,14;
14,19;
19,18;
18,19;
}
label = {
1,1;
2,1;
3,1;
4,1;
5,1;
6,1;
7,1;
8,1;
9,1;
10,1;
11,1;
12,1;
13,1;
14,1;
15,2;
16,2;
17,2;
18,2;
19,2;
}