edge = {
1,2;
2,1;
1,12;
12,1;
1,14;
14,1;
2,1;
1,2;
2,3;
3,2;
2,12;
12,2;
2,14;
14,2;
3,2;
2,3;
3,12;
12,3;
3,13;
13,3;
3,14;
14,3;
3,15;
15,3;
4,5;
5,4;
4,6;
6,4;
4,7;
7,4;
4,13;
13,4;
4,15;
15,4;
5,4;
4,5;
5,6;
6,5;
5,7;
7,5;
5,15;
15,5;
6,4;
4,6;
6,5;
5,6;
6,7;
7,6;
6,8;
8,6;
6,18;
18,6;
7,4;
4,7;
7,5;
5,7;
7,6;
6,7;
7,8;
8,7;
7,18;
18,7;
8,6;
6,8;
8,7;
7,8;
8,9;
9,8;
8,10;
10,8;
8,17;
17,8;
8,18;
18,8;
9,8;
8,9;
9,10;
10,9;
9,11;
11,9;
9,16;
16,9;
9,17;
17,9;
10,8;
8,10;
10,9;
9,10;
10,11;
11,10;
10,16;
16,10;
10,19;
19,10;
11,9;
9,11;
11,10;
10,11;
11,19;
19,11;
11,20;
20,11;
12,1;
1,12;
12,2;
2,12;
12,3;
3,12;
12,13;
13,12;
12,14;
14,12;
13,3;
3,13;
13,4;
4,13;
13,12;
12,13;
13,15;
15,13;
14,1;
1,14;
14,2;
2,14;
14,3;
3,14;
14,12;
12,14;
15,3;
3,15;
15,4;
4,15;
15,5;
5,15;
15,13;
13,15;
15,18;
18,15;
16,9;
9,16;
16,10;
10,16;
16,17;
17,16;
16,19;
19,16;
16,20;
20,16;
17,8;
8,17;
17,9;
9,17;
17,16;
16,17;
17,18;
18,17;
17,19;
19,17;
18,6;
6,18;
18,7;
7,18;
18,8;
8,18;
18,15;
15,18;
18,17;
17,18;
19,10;
10,19;
19,11;
11,19;
19,16;
16,19;
19,17;
17,19;
19,20;
20,19;
20,11;
11,20;
20,16;
16,20;
20,19;
19,20;
}
label = {
1,1;
2,1;
3,1;
4,1;
5,1;
6,1;
7,1;
8,1;
9,1;
10,1;
11,1;
12,2;
13,2;
14,2;
15,2;
16,2;
17,2;
18,2;
19,2;
20,2;
}