edge = {
1,23;
23,1;
1,24;
24,1;
1,33;
33,1;
2,3;
3,2;
2,14;
14,2;
2,25;
25,2;
3,2;
2,3;
3,13;
13,3;
3,27;
27,3;
4,5;
5,4;
4,16;
16,4;
4,28;
28,4;
5,4;
4,5;
5,6;
6,5;
5,15;
15,5;
6,5;
5,6;
6,7;
7,6;
6,8;
8,6;
6,17;
17,6;
6,18;
18,6;
7,6;
6,7;
7,8;
8,7;
8,6;
6,8;
8,7;
7,8;
8,31;
31,8;
9,10;
10,9;
9,11;
11,9;
9,21;
21,9;
9,32;
32,9;
10,9;
9,10;
10,11;
11,10;
11,9;
9,11;
11,10;
10,11;
11,21;
21,11;
11,22;
22,11;
12,23;
23,12;
12,24;
24,12;
12,33;
33,12;
13,3;
3,13;
13,14;
14,13;
13,25;
25,13;
13,35;
35,13;
14,2;
2,14;
14,13;
13,14;
14,37;
37,14;
15,5;
5,15;
15,16;
16,15;
15,38;
38,15;
16,4;
4,16;
16,15;
15,16;
16,17;
17,16;
17,6;
6,17;
17,16;
16,17;
17,18;
18,17;
17,19;
19,17;
18,6;
6,18;
18,17;
17,18;
18,19;
19,18;
19,17;
17,19;
19,18;
18,19;
19,31;
31,19;
19,41;
41,19;
20,21;
21,20;
20,22;
22,20;
20,32;
32,20;
20,42;
42,20;
21,9;
9,21;
21,11;
11,21;
21,20;
20,21;
21,22;
22,21;
22,11;
11,22;
22,20;
20,22;
22,21;
21,22;
23,1;
1,23;
23,12;
12,23;
23,24;
24,23;
23,34;
34,23;
24,1;
1,24;
24,12;
12,24;
24,23;
23,24;
24,25;
25,24;
24,33;
33,24;
24,35;
35,24;
25,2;
2,25;
25,13;
13,25;
25,24;
24,25;
25,34;
34,25;
26,27;
27,26;
26,28;
28,26;
26,37;
37,26;
26,38;
38,26;
27,3;
3,27;
27,26;
26,27;
27,36;
36,27;
28,4;
4,28;
28,26;
26,28;
28,36;
36,28;
29,30;
30,29;
29,31;
31,29;
29,40;
40,29;
29,41;
41,29;
30,29;
29,30;
30,32;
32,30;
30,39;
39,30;
30,42;
42,30;
31,8;
8,31;
31,19;
19,31;
31,29;
29,31;
31,39;
39,31;
32,9;
9,32;
32,20;
20,32;
32,30;
30,32;
32,40;
40,32;
32,42;
42,32;
33,1;
1,33;
33,12;
12,33;
33,24;
24,33;
33,34;
34,33;
34,23;
23,34;
34,25;
25,34;
34,33;
33,34;
34,35;
35,34;
35,13;
13,35;
35,24;
24,35;
35,34;
34,35;
36,27;
27,36;
36,28;
28,36;
36,37;
37,36;
36,38;
38,36;
37,14;
14,37;
37,26;
26,37;
37,36;
36,37;
38,15;
15,38;
38,26;
26,38;
38,36;
36,38;
39,30;
30,39;
39,31;
31,39;
39,40;
40,39;
39,41;
41,39;
40,29;
29,40;
40,32;
32,40;
40,39;
39,40;
40,42;
42,40;
41,19;
19,41;
41,29;
29,41;
41,39;
39,41;
42,20;
20,42;
42,30;
30,42;
42,32;
32,42;
42,40;
40,42;
}
label = {
1,1;
2,1;
3,1;
4,1;
5,1;
6,1;
7,1;
8,1;
9,1;
10,1;
11,1;
12,1;
13,1;
14,1;
15,1;
16,1;
17,1;
18,1;
19,1;
20,1;
21,1;
22,1;
23,2;
24,2;
25,2;
26,2;
27,2;
28,2;
29,2;
30,2;
31,2;
32,2;
33,2;
34,2;
35,2;
36,2;
37,2;
38,2;
39,2;
40,2;
41,2;
42,2;
}