edge = {
1,2;
2,1;
1,6;
6,1;
2,1;
1,2;
2,5;
5,2;
2,9;
9,2;
2,10;
10,2;
3,4;
4,3;
3,8;
8,3;
3,11;
11,3;
4,3;
3,4;
4,7;
7,4;
4,8;
8,4;
5,2;
2,5;
5,6;
6,5;
6,1;
1,6;
6,5;
5,6;
6,9;
9,6;
6,12;
12,6;
7,4;
4,7;
7,8;
8,7;
7,13;
13,7;
8,3;
3,8;
8,4;
4,8;
8,7;
7,8;
9,2;
2,9;
9,6;
6,9;
9,15;
15,9;
10,2;
2,10;
10,11;
11,10;
10,13;
13,10;
10,14;
14,10;
10,15;
15,10;
11,3;
3,11;
11,10;
10,11;
11,12;
12,11;
11,13;
13,11;
12,6;
6,12;
12,11;
11,12;
12,13;
13,12;
12,14;
14,12;
12,15;
15,12;
13,7;
7,13;
13,10;
10,13;
13,11;
11,13;
13,12;
12,13;
14,10;
10,14;
14,12;
12,14;
14,15;
15,14;
15,9;
9,15;
15,10;
10,15;
15,12;
12,15;
15,14;
14,15;
}
label = {
1,1;
2,1;
3,1;
4,1;
5,1;
6,1;
7,1;
8,1;
9,1;
10,2;
11,2;
12,2;
13,2;
14,2;
15,2;
}