edge = {
1,6;
6,1;
1,15;
15,1;
1,22;
22,1;
2,3;
3,2;
2,5;
5,2;
2,7;
7,2;
2,15;
15,2;
3,2;
2,3;
3,6;
6,3;
3,14;
14,3;
4,8;
8,4;
4,13;
13,4;
4,20;
20,4;
5,2;
2,5;
5,15;
15,5;
5,19;
19,5;
5,22;
22,5;
6,1;
1,6;
6,3;
3,6;
6,7;
7,6;
6,22;
22,6;
7,2;
2,7;
7,6;
6,7;
7,21;
21,7;
8,4;
4,8;
8,13;
13,8;
8,20;
20,8;
9,10;
10,9;
9,17;
17,9;
10,9;
9,10;
10,11;
11,10;
10,16;
16,10;
10,18;
18,10;
11,10;
10,11;
11,12;
12,11;
11,17;
17,11;
12,11;
11,12;
12,15;
15,12;
12,19;
19,12;
12,22;
22,12;
13,4;
4,13;
13,8;
8,13;
13,14;
14,13;
13,21;
21,13;
14,3;
3,14;
14,13;
13,14;
14,20;
20,14;
15,1;
1,15;
15,2;
2,15;
15,5;
5,15;
15,12;
12,15;
15,19;
19,15;
15,22;
22,15;
16,10;
10,16;
16,17;
17,16;
17,9;
9,17;
17,11;
11,17;
17,16;
16,17;
17,18;
18,17;
18,10;
10,18;
18,17;
17,18;
18,19;
19,18;
19,5;
5,19;
19,12;
12,19;
19,15;
15,19;
19,18;
18,19;
19,22;
22,19;
20,4;
4,20;
20,8;
8,20;
20,14;
14,20;
20,21;
21,20;
21,7;
7,21;
21,13;
13,21;
21,20;
20,21;
22,1;
1,22;
22,5;
5,22;
22,6;
6,22;
22,12;
12,22;
22,15;
15,22;
22,19;
19,22;
}
label = {
1,1;
2,1;
3,1;
4,1;
5,1;
6,1;
7,1;
8,1;
9,2;
10,2;
11,2;
12,2;
13,2;
14,2;
15,2;
16,2;
17,2;
18,2;
19,2;
20,2;
21,2;
22,2;
}