edge = {
1,2;
2,1;
1,6;
6,1;
1,7;
7,1;
2,1;
1,2;
2,3;
3,2;
2,14;
14,2;
2,17;
17,2;
3,2;
2,3;
3,12;
12,3;
3,16;
16,3;
4,22;
22,4;
4,24;
24,4;
4,26;
26,4;
5,6;
6,5;
5,7;
7,5;
5,33;
33,5;
5,36;
36,5;
6,1;
1,6;
6,5;
5,6;
6,7;
7,6;
6,34;
34,6;
7,1;
1,7;
7,5;
5,7;
7,6;
6,7;
7,30;
30,7;
8,10;
10,8;
8,15;
15,8;
8,30;
30,8;
9,10;
10,9;
9,13;
13,9;
9,14;
14,9;
9,15;
15,9;
10,8;
8,10;
10,9;
9,10;
10,15;
15,10;
10,30;
30,10;
11,12;
12,11;
11,16;
16,11;
11,18;
18,11;
12,3;
3,12;
12,11;
11,12;
12,16;
16,12;
12,17;
17,12;
13,9;
9,13;
13,14;
14,13;
13,15;
15,13;
14,2;
2,14;
14,9;
9,14;
14,13;
13,14;
14,16;
16,14;
14,17;
17,14;
15,8;
8,15;
15,9;
9,15;
15,10;
10,15;
15,13;
13,15;
16,3;
3,16;
16,11;
11,16;
16,12;
12,16;
16,14;
14,16;
16,17;
17,16;
17,2;
2,17;
17,12;
12,17;
17,14;
14,17;
17,16;
16,17;
18,11;
11,18;
18,20;
20,18;
18,25;
25,18;
19,20;
20,19;
19,23;
23,19;
19,24;
24,19;
19,25;
25,19;
20,18;
18,20;
20,19;
19,20;
20,23;
23,20;
20,25;
25,20;
21,22;
22,21;
21,24;
24,21;
21,26;
26,21;
22,4;
4,22;
22,21;
21,22;
22,24;
24,22;
22,26;
26,22;
23,19;
19,23;
23,20;
20,23;
23,24;
24,23;
23,25;
25,23;
24,4;
4,24;
24,19;
19,24;
24,21;
21,24;
24,22;
22,24;
24,23;
23,24;
24,26;
26,24;
25,18;
18,25;
25,19;
19,25;
25,20;
20,25;
25,23;
23,25;
26,4;
4,26;
26,21;
21,26;
26,22;
22,26;
26,24;
24,26;
27,28;
28,27;
27,29;
29,27;
27,31;
31,27;
28,27;
27,28;
28,29;
29,28;
28,31;
31,28;
29,27;
27,29;
29,28;
28,29;
29,31;
31,29;
30,7;
7,30;
30,8;
8,30;
30,10;
10,30;
30,34;
34,30;
31,27;
27,31;
31,28;
28,31;
31,29;
29,31;
31,32;
32,31;
31,35;
35,31;
32,31;
31,32;
32,35;
35,32;
32,36;
36,32;
33,5;
5,33;
33,34;
34,33;
33,35;
35,33;
33,36;
36,33;
34,6;
6,34;
34,30;
30,34;
34,33;
33,34;
34,35;
35,34;
34,36;
36,34;
35,31;
31,35;
35,32;
32,35;
35,33;
33,35;
35,34;
34,35;
35,36;
36,35;
36,5;
5,36;
36,32;
32,36;
36,33;
33,36;
36,34;
34,36;
36,35;
35,36;
}
label = {
1,1;
2,1;
3,1;
4,1;
5,1;
6,1;
7,1;
8,2;
9,2;
10,2;
11,2;
12,2;
13,2;
14,2;
15,2;
16,2;
17,2;
18,2;
19,2;
20,2;
21,2;
22,2;
23,2;
24,2;
25,2;
26,2;
27,2;
28,2;
29,2;
30,2;
31,2;
32,2;
33,2;
34,2;
35,2;
36,2;
}