edge = {
1,17;
17,1;
1,19;
19,1;
1,26;
26,1;
2,3;
3,2;
2,9;
9,2;
2,11;
11,2;
2,17;
17,2;
2,18;
18,2;
2,25;
25,2;
3,2;
2,3;
3,10;
10,3;
3,22;
22,3;
3,29;
29,3;
4,5;
5,4;
4,13;
13,4;
4,23;
23,4;
5,4;
4,5;
5,6;
6,5;
5,12;
12,5;
6,5;
5,6;
6,7;
7,6;
6,15;
15,6;
7,6;
6,7;
7,8;
8,7;
7,16;
16,7;
8,7;
7,8;
8,15;
15,8;
8,16;
16,8;
9,2;
2,9;
9,10;
10,9;
9,24;
24,9;
9,26;
26,9;
10,3;
3,10;
10,9;
9,10;
10,11;
11,10;
10,25;
25,10;
11,2;
2,11;
11,10;
10,11;
11,29;
29,11;
12,5;
5,12;
12,13;
13,12;
12,30;
30,12;
13,4;
4,13;
13,12;
12,13;
13,14;
14,13;
14,13;
13,14;
14,15;
15,14;
15,6;
6,15;
15,8;
8,15;
15,14;
14,15;
15,16;
16,15;
16,7;
7,16;
16,8;
8,16;
16,15;
15,16;
17,1;
1,17;
17,2;
2,17;
17,18;
18,17;
17,19;
19,17;
17,25;
25,17;
18,2;
2,18;
18,17;
17,18;
18,24;
24,18;
19,1;
1,19;
19,17;
17,19;
19,20;
20,19;
20,19;
19,20;
20,21;
21,20;
20,26;
26,20;
20,28;
28,20;
21,20;
20,21;
21,27;
27,21;
22,3;
3,22;
22,23;
23,22;
22,30;
30,22;
23,4;
4,23;
23,22;
22,23;
23,29;
29,23;
23,30;
30,23;
24,9;
9,24;
24,18;
18,24;
24,25;
25,24;
25,2;
2,25;
25,10;
10,25;
25,17;
17,25;
25,24;
24,25;
26,1;
1,26;
26,9;
9,26;
26,20;
20,26;
26,27;
27,26;
27,21;
21,27;
27,26;
26,27;
27,28;
28,27;
28,20;
20,28;
28,27;
27,28;
29,3;
3,29;
29,11;
11,29;
29,23;
23,29;
29,30;
30,29;
30,12;
12,30;
30,22;
22,30;
30,23;
23,30;
30,29;
29,30;
}
label = {
1,1;
2,1;
3,1;
4,1;
5,1;
6,1;
7,1;
8,1;
9,1;
10,1;
11,1;
12,1;
13,1;
14,1;
15,1;
16,1;
17,2;
18,2;
19,2;
20,2;
21,2;
22,2;
23,2;
24,2;
25,2;
26,2;
27,2;
28,2;
29,2;
30,2;
}