edge = {
1,4;
4,1;
1,7;
7,1;
1,14;
14,1;
2,3;
3,2;
2,7;
7,2;
2,9;
9,2;
2,14;
14,2;
3,2;
2,3;
3,7;
7,3;
3,14;
14,3;
4,1;
1,4;
4,7;
7,4;
4,14;
14,4;
4,16;
16,4;
5,21;
21,5;
5,25;
25,5;
5,31;
31,5;
6,21;
21,6;
6,25;
25,6;
6,31;
31,6;
6,35;
35,6;
7,1;
1,7;
7,2;
2,7;
7,3;
3,7;
7,4;
4,7;
8,9;
9,8;
8,12;
12,8;
8,15;
15,8;
8,16;
16,8;
9,2;
2,9;
9,8;
8,9;
9,15;
15,9;
10,11;
11,10;
10,12;
12,10;
10,27;
27,10;
11,10;
10,11;
11,13;
13,11;
11,18;
18,11;
11,28;
28,11;
12,8;
8,12;
12,10;
10,12;
12,17;
17,12;
13,11;
11,13;
13,18;
18,13;
13,28;
28,13;
14,1;
1,14;
14,2;
2,14;
14,3;
3,14;
14,4;
4,14;
15,8;
8,15;
15,9;
9,15;
15,16;
16,15;
15,27;
27,15;
16,4;
4,16;
16,8;
8,16;
16,15;
15,16;
17,12;
12,17;
17,18;
18,17;
17,27;
27,17;
18,11;
11,18;
18,13;
13,18;
18,17;
17,18;
18,28;
28,18;
19,24;
24,19;
19,34;
34,19;
20,21;
21,20;
20,30;
30,20;
20,31;
31,20;
21,5;
5,21;
21,6;
6,21;
21,20;
20,21;
21,30;
30,21;
21,31;
31,21;
22,23;
23,22;
22,24;
24,22;
22,33;
33,22;
23,22;
22,23;
23,26;
26,23;
23,32;
32,23;
24,19;
19,24;
24,22;
22,24;
24,29;
29,24;
25,5;
5,25;
25,6;
6,25;
25,26;
26,25;
25,36;
36,25;
26,23;
23,26;
26,25;
25,26;
26,35;
35,26;
26,36;
36,26;
27,10;
10,27;
27,15;
15,27;
27,17;
17,27;
28,11;
11,28;
28,13;
13,28;
28,18;
18,28;
29,24;
24,29;
29,34;
34,29;
30,20;
20,30;
30,21;
21,30;
30,31;
31,30;
31,5;
5,31;
31,6;
6,31;
31,20;
20,31;
31,21;
21,31;
31,30;
30,31;
32,23;
23,32;
32,33;
33,32;
32,34;
34,32;
33,22;
22,33;
33,32;
32,33;
33,36;
36,33;
34,19;
19,34;
34,29;
29,34;
34,32;
32,34;
35,6;
6,35;
35,26;
26,35;
35,36;
36,35;
36,25;
25,36;
36,26;
26,36;
36,33;
33,36;
36,35;
35,36;
}
label = {
1,1;
2,1;
3,1;
4,1;
5,1;
6,1;
7,2;
8,2;
9,2;
10,2;
11,2;
12,2;
13,2;
14,2;
15,2;
16,2;
17,2;
18,2;
19,2;
20,2;
21,2;
22,2;
23,2;
24,2;
25,2;
26,2;
27,2;
28,2;
29,2;
30,2;
31,2;
32,2;
33,2;
34,2;
35,2;
36,2;
}