edge = {
1,2;
2,1;
1,21;
21,1;
1,22;
22,1;
1,23;
23,1;
2,1;
1,2;
2,3;
3,2;
2,21;
21,2;
3,2;
2,3;
3,21;
21,3;
3,24;
24,3;
3,25;
25,3;
4,5;
5,4;
4,25;
25,4;
4,26;
26,4;
5,4;
4,5;
5,29;
29,5;
5,30;
30,5;
5,31;
31,5;
6,27;
27,6;
6,29;
29,6;
6,30;
30,6;
7,8;
8,7;
7,9;
9,7;
7,27;
27,7;
7,28;
28,7;
8,7;
7,8;
8,9;
9,8;
8,28;
28,8;
9,7;
7,9;
9,8;
8,9;
9,10;
10,9;
9,28;
28,9;
10,9;
9,10;
10,11;
11,10;
10,32;
32,10;
10,33;
33,10;
11,10;
10,11;
11,32;
32,11;
11,33;
33,11;
12,13;
13,12;
12,14;
14,12;
12,33;
33,12;
13,12;
12,13;
13,14;
14,13;
13,33;
33,13;
14,12;
12,14;
14,13;
13,14;
14,15;
15,14;
15,14;
14,15;
15,16;
16,15;
15,17;
17,15;
15,18;
18,15;
16,15;
15,16;
16,17;
17,16;
16,18;
18,16;
17,15;
15,17;
17,16;
16,17;
17,18;
18,17;
18,15;
15,18;
18,16;
16,18;
18,17;
17,18;
19,20;
20,19;
19,22;
22,19;
19,23;
23,19;
20,19;
19,20;
20,22;
22,20;
20,23;
23,20;
21,1;
1,21;
21,2;
2,21;
21,3;
3,21;
21,23;
23,21;
22,1;
1,22;
22,19;
19,22;
22,20;
20,22;
22,23;
23,22;
23,1;
1,23;
23,19;
19,23;
23,20;
20,23;
23,21;
21,23;
23,22;
22,23;
24,3;
3,24;
24,25;
25,24;
24,26;
26,24;
25,3;
3,25;
25,4;
4,25;
25,24;
24,25;
25,26;
26,25;
26,4;
4,26;
26,24;
24,26;
26,25;
25,26;
27,6;
6,27;
27,7;
7,27;
27,28;
28,27;
28,7;
7,28;
28,8;
8,28;
28,9;
9,28;
28,27;
27,28;
29,5;
5,29;
29,6;
6,29;
29,30;
30,29;
29,31;
31,29;
30,5;
5,30;
30,6;
6,30;
30,29;
29,30;
30,31;
31,30;
31,5;
5,31;
31,29;
29,31;
31,30;
30,31;
32,10;
10,32;
32,11;
11,32;
32,33;
33,32;
33,10;
10,33;
33,11;
11,33;
33,12;
12,33;
33,13;
13,33;
33,32;
32,33;
}
label = {
1,1;
2,1;
3,1;
4,1;
5,1;
6,1;
7,1;
8,1;
9,1;
10,1;
11,1;
12,1;
13,1;
14,1;
15,1;
16,1;
17,1;
18,1;
19,2;
20,2;
21,2;
22,2;
23,2;
24,2;
25,2;
26,2;
27,2;
28,2;
29,2;
30,2;
31,2;
32,2;
33,2;
}