edge = {
1,2;
2,1;
1,3;
3,1;
1,17;
17,1;
1,31;
31,1;
2,1;
1,2;
2,3;
3,2;
2,18;
18,2;
2,32;
32,2;
2,33;
33,2;
3,1;
1,3;
3,2;
2,3;
3,33;
33,3;
3,35;
35,3;
4,5;
5,4;
4,20;
20,4;
4,34;
34,4;
5,4;
4,5;
5,6;
6,5;
5,7;
7,5;
6,5;
5,6;
6,7;
7,6;
6,8;
8,6;
6,36;
36,6;
7,5;
5,7;
7,6;
6,7;
7,8;
8,7;
7,9;
9,7;
7,36;
36,7;
7,37;
37,7;
8,6;
6,8;
8,7;
7,8;
8,9;
9,8;
8,10;
10,8;
8,37;
37,8;
8,38;
38,8;
9,7;
7,9;
9,8;
8,9;
9,10;
10,9;
9,11;
11,9;
9,24;
24,9;
9,25;
25,9;
9,39;
39,9;
10,8;
8,10;
10,9;
9,10;
10,11;
11,10;
11,9;
9,11;
11,10;
10,11;
11,12;
12,11;
11,24;
24,11;
12,11;
11,12;
12,13;
13,12;
12,27;
27,12;
12,28;
28,12;
12,30;
30,12;
13,12;
12,13;
13,14;
14,13;
13,26;
26,13;
14,13;
13,14;
14,15;
15,14;
14,16;
16,14;
14,27;
27,14;
14,29;
29,14;
15,14;
14,15;
15,16;
16,15;
16,14;
14,16;
16,15;
15,16;
16,29;
29,16;
17,1;
1,17;
17,18;
18,17;
17,40;
40,17;
18,2;
2,18;
18,17;
17,18;
18,19;
19,18;
18,42;
42,18;
18,44;
44,18;
19,18;
18,19;
19,20;
20,19;
19,21;
21,19;
19,43;
43,19;
20,4;
4,20;
20,19;
19,20;
20,21;
21,20;
20,22;
22,20;
21,19;
19,21;
21,20;
20,21;
21,22;
22,21;
21,45;
45,21;
22,20;
20,22;
22,21;
21,22;
22,23;
23,22;
22,45;
45,22;
22,46;
46,22;
23,22;
22,23;
23,24;
24,23;
23,25;
25,23;
23,48;
48,23;
24,9;
9,24;
24,11;
11,24;
24,23;
23,24;
24,25;
25,24;
25,9;
9,25;
25,23;
23,25;
25,24;
24,25;
25,26;
26,25;
26,13;
13,26;
26,25;
25,26;
26,27;
27,26;
27,12;
12,27;
27,14;
14,27;
27,26;
26,27;
27,28;
28,27;
28,12;
12,28;
28,27;
27,28;
28,29;
29,28;
28,30;
30,28;
29,14;
14,29;
29,16;
16,29;
29,28;
28,29;
29,30;
30,29;
30,12;
12,30;
30,28;
28,30;
30,29;
29,30;
31,1;
1,31;
31,32;
32,31;
31,41;
41,31;
32,2;
2,32;
32,31;
31,32;
32,33;
33,32;
32,40;
40,32;
32,42;
42,32;
33,2;
2,33;
33,3;
3,33;
33,32;
32,33;
33,41;
41,33;
33,42;
42,33;
34,4;
4,34;
34,35;
35,34;
34,44;
44,34;
35,3;
3,35;
35,34;
34,35;
35,43;
43,35;
36,6;
6,36;
36,7;
7,36;
36,37;
37,36;
36,46;
46,36;
37,7;
7,37;
37,8;
8,37;
37,36;
36,37;
37,45;
45,37;
38,8;
8,38;
38,39;
39,38;
38,48;
48,38;
39,9;
9,39;
39,38;
38,39;
39,47;
47,39;
39,48;
48,39;
40,17;
17,40;
40,32;
32,40;
40,41;
41,40;
41,31;
31,41;
41,33;
33,41;
41,40;
40,41;
41,42;
42,41;
42,18;
18,42;
42,32;
32,42;
42,33;
33,42;
42,41;
41,42;
43,19;
19,43;
43,35;
35,43;
43,44;
44,43;
44,18;
18,44;
44,34;
34,44;
44,43;
43,44;
45,21;
21,45;
45,22;
22,45;
45,37;
37,45;
45,46;
46,45;
46,22;
22,46;
46,36;
36,46;
46,45;
45,46;
46,47;
47,46;
47,39;
39,47;
47,46;
46,47;
47,48;
48,47;
48,23;
23,48;
48,38;
38,48;
48,39;
39,48;
48,47;
47,48;
}
label = {
1,1;
2,1;
3,1;
4,1;
5,1;
6,1;
7,1;
8,1;
9,1;
10,1;
11,1;
12,1;
13,1;
14,1;
15,1;
16,1;
17,1;
18,1;
19,1;
20,1;
21,1;
22,1;
23,1;
24,1;
25,1;
26,1;
27,1;
28,1;
29,1;
30,1;
31,2;
32,2;
33,2;
34,2;
35,2;
36,2;
37,2;
38,2;
39,2;
40,2;
41,2;
42,2;
43,2;
44,2;
45,2;
46,2;
47,2;
48,2;
}