edge = {
1,2;
2,1;
1,3;
3,1;
1,19;
19,1;
1,27;
27,1;
2,1;
1,2;
2,3;
3,2;
2,18;
18,2;
2,19;
19,2;
2,27;
27,2;
3,1;
1,3;
3,2;
2,3;
3,4;
4,3;
3,15;
15,3;
3,17;
17,3;
4,3;
3,4;
4,5;
5,4;
4,15;
15,4;
4,16;
16,4;
5,4;
4,5;
5,6;
6,5;
5,22;
22,5;
6,5;
5,6;
6,7;
7,6;
6,20;
20,6;
6,22;
22,6;
7,6;
6,7;
7,8;
8,7;
7,9;
9,7;
7,26;
26,7;
8,7;
7,8;
8,9;
9,8;
8,10;
10,8;
8,25;
25,8;
9,7;
7,9;
9,8;
8,9;
9,10;
10,9;
9,25;
25,9;
10,8;
8,10;
10,9;
9,10;
10,11;
11,10;
11,10;
10,11;
11,12;
12,11;
11,13;
13,11;
11,14;
14,11;
12,11;
11,12;
12,13;
13,12;
12,14;
14,12;
13,11;
11,13;
13,12;
12,13;
13,14;
14,13;
14,11;
11,14;
14,12;
12,14;
14,13;
13,14;
15,3;
3,15;
15,4;
4,15;
15,16;
16,15;
15,17;
17,15;
16,4;
4,16;
16,15;
15,16;
16,17;
17,16;
17,3;
3,17;
17,15;
15,17;
17,16;
16,17;
17,18;
18,17;
17,19;
19,17;
18,2;
2,18;
18,17;
17,18;
18,19;
19,18;
19,1;
1,19;
19,2;
2,19;
19,17;
17,19;
19,18;
18,19;
19,27;
27,19;
20,6;
6,20;
20,21;
21,20;
20,22;
22,20;
20,23;
23,20;
21,20;
20,21;
21,22;
22,21;
21,23;
23,21;
21,24;
24,21;
22,5;
5,22;
22,6;
6,22;
22,20;
20,22;
22,21;
21,22;
22,23;
23,22;
23,20;
20,23;
23,21;
21,23;
23,22;
22,23;
23,24;
24,23;
23,25;
25,23;
23,26;
26,23;
24,21;
21,24;
24,23;
23,24;
24,25;
25,24;
24,26;
26,24;
25,8;
8,25;
25,9;
9,25;
25,23;
23,25;
25,24;
24,25;
25,26;
26,25;
26,7;
7,26;
26,23;
23,26;
26,24;
24,26;
26,25;
25,26;
27,1;
1,27;
27,2;
2,27;
27,19;
19,27;
}
label = {
1,1;
2,1;
3,1;
4,1;
5,1;
6,1;
7,1;
8,1;
9,1;
10,1;
11,1;
12,1;
13,1;
14,1;
15,2;
16,2;
17,2;
18,2;
19,2;
20,2;
21,2;
22,2;
23,2;
24,2;
25,2;
26,2;
27,2;
}