edge = {
1,2;
2,1;
1,7;
7,1;
1,14;
14,1;
2,1;
1,2;
2,7;
7,2;
2,14;
14,2;
3,4;
4,3;
3,9;
9,3;
3,16;
16,3;
4,3;
3,4;
4,5;
5,4;
4,12;
12,4;
5,4;
4,5;
5,6;
6,5;
5,11;
11,5;
5,12;
12,5;
5,13;
13,5;
6,5;
5,6;
6,12;
12,6;
7,1;
1,7;
7,2;
2,7;
7,8;
8,7;
7,15;
15,7;
8,7;
7,8;
8,9;
9,8;
8,14;
14,8;
8,16;
16,8;
9,3;
3,9;
9,8;
8,9;
9,10;
10,9;
9,15;
15,9;
9,16;
16,9;
10,9;
9,10;
10,11;
11,10;
10,16;
16,10;
11,5;
5,11;
11,10;
10,11;
11,12;
12,11;
12,4;
4,12;
12,5;
5,12;
12,6;
6,12;
12,11;
11,12;
12,13;
13,12;
13,5;
5,13;
13,12;
12,13;
14,1;
1,14;
14,2;
2,14;
14,8;
8,14;
14,15;
15,14;
15,7;
7,15;
15,9;
9,15;
15,14;
14,15;
15,16;
16,15;
16,3;
3,16;
16,8;
8,16;
16,9;
9,16;
16,10;
10,16;
16,15;
15,16;
}
label = {
1,1;
2,1;
3,2;
4,2;
5,2;
6,2;
7,2;
8,2;
9,2;
10,2;
11,2;
12,2;
13,2;
14,2;
15,2;
16,2;
}