edge = {
1,2;
2,1;
1,6;
6,1;
2,1;
1,2;
2,3;
3,2;
2,4;
4,2;
2,9;
9,2;
3,2;
2,3;
3,4;
4,3;
3,5;
5,3;
3,10;
10,3;
4,2;
2,4;
4,3;
3,4;
4,5;
5,4;
4,9;
9,4;
5,3;
3,5;
5,4;
4,5;
5,9;
9,5;
6,1;
1,6;
6,7;
7,6;
6,8;
8,6;
7,6;
6,7;
7,8;
8,7;
7,12;
12,7;
8,6;
6,8;
8,7;
7,8;
8,9;
9,8;
8,10;
10,8;
9,2;
2,9;
9,4;
4,9;
9,5;
5,9;
9,8;
8,9;
9,10;
10,9;
10,3;
3,10;
10,8;
8,10;
10,9;
9,10;
10,11;
11,10;
10,15;
15,10;
10,16;
16,10;
11,10;
10,11;
11,15;
15,11;
11,16;
16,11;
12,7;
7,12;
12,13;
13,12;
12,14;
14,12;
13,12;
12,13;
13,14;
14,13;
14,12;
12,14;
14,13;
13,14;
14,15;
15,14;
15,10;
10,15;
15,11;
11,15;
15,14;
14,15;
15,16;
16,15;
16,10;
10,16;
16,11;
11,16;
16,15;
15,16;
}
label = {
1,1;
2,1;
3,1;
4,1;
5,1;
6,1;
7,1;
8,1;
9,1;
10,1;
11,1;
12,1;
13,1;
14,1;
15,1;
16,1;
}