edge = {
1,13;
13,1;
1,26;
26,1;
1,33;
33,1;
2,3;
3,2;
2,4;
4,2;
2,13;
13,2;
2,14;
14,2;
2,15;
15,2;
2,27;
27,2;
3,2;
2,3;
3,4;
4,3;
3,15;
15,3;
4,2;
2,4;
4,3;
3,4;
4,5;
5,4;
4,14;
14,4;
4,16;
16,4;
5,4;
4,5;
5,15;
15,5;
5,16;
16,5;
5,28;
28,5;
6,7;
7,6;
6,8;
8,6;
6,17;
17,6;
6,29;
29,6;
7,6;
6,7;
7,8;
8,7;
7,18;
18,7;
8,6;
6,8;
8,7;
7,8;
8,9;
9,8;
9,8;
8,9;
9,10;
10,9;
10,9;
9,10;
10,11;
11,10;
10,12;
12,10;
11,10;
10,11;
11,12;
12,11;
11,22;
22,11;
12,10;
10,12;
12,11;
11,12;
12,22;
22,12;
13,1;
1,13;
13,2;
2,13;
13,26;
26,13;
13,31;
31,13;
13,33;
33,13;
14,2;
2,14;
14,4;
4,14;
14,15;
15,14;
14,32;
32,14;
15,2;
2,15;
15,3;
3,15;
15,5;
5,15;
15,14;
14,15;
15,16;
16,15;
16,4;
4,16;
16,5;
5,16;
16,15;
15,16;
16,34;
34,16;
17,6;
6,17;
17,18;
18,17;
17,35;
35,17;
18,7;
7,18;
18,17;
17,18;
18,19;
19,18;
19,18;
18,19;
19,20;
20,19;
20,19;
19,20;
20,21;
21,20;
20,22;
22,20;
21,20;
20,21;
21,22;
22,21;
22,11;
11,22;
22,12;
12,22;
22,20;
20,22;
22,21;
21,22;
23,24;
24,23;
23,30;
30,23;
23,31;
31,23;
24,23;
23,24;
24,26;
26,24;
24,30;
30,24;
24,31;
31,24;
25,26;
26,25;
25,27;
27,25;
25,33;
33,25;
26,1;
1,26;
26,13;
13,26;
26,24;
24,26;
26,25;
25,26;
26,27;
27,26;
26,32;
32,26;
26,33;
33,26;
27,2;
2,27;
27,25;
25,27;
27,26;
26,27;
27,32;
32,27;
28,5;
5,28;
28,29;
29,28;
28,35;
35,28;
29,6;
6,29;
29,28;
28,29;
29,34;
34,29;
29,35;
35,29;
30,23;
23,30;
30,24;
24,30;
30,31;
31,30;
31,13;
13,31;
31,23;
23,31;
31,24;
24,31;
31,30;
30,31;
32,14;
14,32;
32,26;
26,32;
32,27;
27,32;
32,33;
33,32;
33,1;
1,33;
33,13;
13,33;
33,25;
25,33;
33,26;
26,33;
33,32;
32,33;
34,16;
16,34;
34,29;
29,34;
34,35;
35,34;
35,17;
17,35;
35,28;
28,35;
35,29;
29,35;
35,34;
34,35;
}
label = {
1,1;
2,1;
3,1;
4,1;
5,1;
6,1;
7,1;
8,1;
9,1;
10,1;
11,1;
12,1;
13,1;
14,1;
15,1;
16,1;
17,1;
18,1;
19,1;
20,1;
21,1;
22,1;
23,2;
24,2;
25,2;
26,2;
27,2;
28,2;
29,2;
30,2;
31,2;
32,2;
33,2;
34,2;
35,2;
}