edge = {
1,21;
21,1;
1,26;
26,1;
1,27;
27,1;
2,3;
3,2;
2,22;
22,2;
2,23;
23,2;
2,28;
28,2;
2,33;
33,2;
3,2;
2,3;
3,4;
4,3;
3,33;
33,3;
3,34;
34,3;
4,3;
3,4;
4,5;
5,4;
4,36;
36,4;
4,38;
38,4;
5,4;
4,5;
5,6;
6,5;
5,7;
7,5;
5,37;
37,5;
6,5;
5,6;
6,7;
7,6;
6,37;
37,6;
6,39;
39,6;
7,5;
5,7;
7,6;
6,7;
7,8;
8,7;
7,9;
9,7;
7,39;
39,7;
7,40;
40,7;
8,7;
7,8;
8,9;
9,8;
8,10;
10,8;
8,40;
40,8;
9,7;
7,9;
9,8;
8,9;
9,10;
10,9;
9,11;
11,9;
10,8;
8,10;
10,9;
9,10;
10,11;
11,10;
10,12;
12,10;
10,40;
40,10;
11,9;
9,11;
11,10;
10,11;
11,12;
12,11;
12,10;
10,12;
12,11;
11,12;
12,13;
13,12;
13,12;
12,13;
13,14;
14,13;
13,15;
15,13;
13,16;
16,13;
14,13;
13,14;
14,15;
15,14;
14,16;
16,14;
15,13;
13,15;
15,14;
14,15;
15,16;
16,15;
16,13;
13,16;
16,14;
14,16;
16,15;
15,16;
17,18;
18,17;
17,19;
19,17;
17,20;
20,17;
17,21;
21,17;
17,27;
27,17;
18,17;
17,18;
18,19;
19,18;
18,20;
20,18;
18,21;
21,18;
19,17;
17,19;
19,18;
18,19;
19,20;
20,19;
20,17;
17,20;
20,18;
18,20;
20,19;
19,20;
21,1;
1,21;
21,17;
17,21;
21,18;
18,21;
21,27;
27,21;
22,2;
2,22;
22,23;
23,22;
22,28;
28,22;
22,29;
29,22;
22,33;
33,22;
23,2;
2,23;
23,22;
22,23;
23,28;
28,23;
23,29;
29,23;
24,25;
25,24;
24,30;
30,24;
24,31;
31,24;
25,24;
24,25;
25,26;
26,25;
25,30;
30,25;
25,31;
31,25;
25,32;
32,25;
26,1;
1,26;
26,25;
25,26;
26,27;
27,26;
26,31;
31,26;
26,32;
32,26;
27,1;
1,27;
27,17;
17,27;
27,21;
21,27;
27,26;
26,27;
27,32;
32,27;
28,2;
2,28;
28,22;
22,28;
28,23;
23,28;
28,29;
29,28;
28,33;
33,28;
29,22;
22,29;
29,23;
23,29;
29,28;
28,29;
29,30;
30,29;
30,24;
24,30;
30,25;
25,30;
30,29;
29,30;
30,31;
31,30;
31,24;
24,31;
31,25;
25,31;
31,26;
26,31;
31,30;
30,31;
31,32;
32,31;
32,25;
25,32;
32,26;
26,32;
32,27;
27,32;
32,31;
31,32;
33,2;
2,33;
33,3;
3,33;
33,22;
22,33;
33,28;
28,33;
33,34;
34,33;
33,35;
35,33;
34,3;
3,34;
34,33;
33,34;
34,35;
35,34;
34,36;
36,34;
35,33;
33,35;
35,34;
34,35;
35,36;
36,35;
35,38;
38,35;
36,4;
4,36;
36,34;
34,36;
36,35;
35,36;
36,38;
38,36;
37,5;
5,37;
37,6;
6,37;
37,38;
38,37;
38,4;
4,38;
38,35;
35,38;
38,36;
36,38;
38,37;
37,38;
39,6;
6,39;
39,7;
7,39;
39,40;
40,39;
40,7;
7,40;
40,8;
8,40;
40,10;
10,40;
40,39;
39,40;
}
label = {
1,1;
2,1;
3,1;
4,1;
5,1;
6,1;
7,1;
8,1;
9,1;
10,1;
11,1;
12,1;
13,1;
14,1;
15,1;
16,1;
17,2;
18,2;
19,2;
20,2;
21,2;
22,2;
23,2;
24,2;
25,2;
26,2;
27,2;
28,2;
29,2;
30,2;
31,2;
32,2;
33,2;
34,2;
35,2;
36,2;
37,2;
38,2;
39,2;
40,2;
}