edge = {
1,2;
2,1;
1,16;
16,1;
1,17;
17,1;
2,1;
1,2;
2,17;
17,2;
2,18;
18,2;
2,20;
20,2;
3,4;
4,3;
3,5;
5,3;
3,19;
19,3;
3,20;
20,3;
4,3;
3,4;
4,5;
5,4;
4,19;
19,4;
4,20;
20,4;
5,3;
3,5;
5,4;
4,5;
5,6;
6,5;
5,21;
21,5;
6,5;
5,6;
6,21;
21,6;
6,23;
23,6;
6,24;
24,6;
7,8;
8,7;
7,9;
9,7;
7,25;
25,7;
8,7;
7,8;
8,9;
9,8;
8,10;
10,8;
8,26;
26,8;
9,7;
7,9;
9,8;
8,9;
9,10;
10,9;
9,26;
26,9;
10,8;
8,10;
10,9;
9,10;
10,11;
11,10;
10,12;
12,10;
11,10;
10,11;
11,12;
12,11;
11,13;
13,11;
11,14;
14,11;
12,10;
10,12;
12,11;
11,12;
12,13;
13,12;
12,14;
14,12;
12,15;
15,12;
13,11;
11,13;
13,12;
12,13;
13,14;
14,13;
13,15;
15,13;
14,11;
11,14;
14,12;
12,14;
14,13;
13,14;
14,15;
15,14;
15,12;
12,15;
15,13;
13,15;
15,14;
14,15;
16,1;
1,16;
16,17;
17,16;
16,18;
18,16;
17,1;
1,17;
17,2;
2,17;
17,16;
16,17;
17,18;
18,17;
18,2;
2,18;
18,16;
16,18;
18,17;
17,18;
18,20;
20,18;
19,3;
3,19;
19,4;
4,19;
19,20;
20,19;
20,2;
2,20;
20,3;
3,20;
20,4;
4,20;
20,18;
18,20;
20,19;
19,20;
21,5;
5,21;
21,6;
6,21;
21,23;
23,21;
21,24;
24,21;
22,23;
23,22;
22,24;
24,22;
22,25;
25,22;
22,26;
26,22;
23,6;
6,23;
23,21;
21,23;
23,22;
22,23;
23,24;
24,23;
24,6;
6,24;
24,21;
21,24;
24,22;
22,24;
24,23;
23,24;
24,25;
25,24;
25,7;
7,25;
25,22;
22,25;
25,24;
24,25;
25,26;
26,25;
26,8;
8,26;
26,9;
9,26;
26,22;
22,26;
26,25;
25,26;
}
label = {
1,1;
2,1;
3,1;
4,1;
5,1;
6,1;
7,1;
8,1;
9,1;
10,1;
11,1;
12,1;
13,1;
14,1;
15,1;
16,2;
17,2;
18,2;
19,2;
20,2;
21,2;
22,2;
23,2;
24,2;
25,2;
26,2;
}