edge = {
1,6;
6,1;
1,7;
7,1;
1,8;
8,1;
2,3;
3,2;
2,5;
5,2;
2,6;
6,2;
2,9;
9,2;
3,2;
2,3;
3,9;
9,3;
3,14;
14,3;
4,10;
10,4;
4,11;
11,4;
4,15;
15,4;
5,2;
2,5;
5,6;
6,5;
5,7;
7,5;
5,9;
9,5;
6,1;
1,6;
6,2;
2,6;
6,5;
5,6;
6,7;
7,6;
6,8;
8,6;
7,1;
1,7;
7,5;
5,7;
7,6;
6,7;
7,8;
8,7;
8,1;
1,8;
8,6;
6,8;
8,7;
7,8;
9,2;
2,9;
9,3;
3,9;
9,5;
5,9;
9,14;
14,9;
10,4;
4,10;
10,11;
11,10;
10,12;
12,10;
10,15;
15,10;
11,4;
4,11;
11,10;
10,11;
11,12;
12,11;
11,13;
13,11;
11,15;
15,11;
12,10;
10,12;
12,11;
11,12;
12,13;
13,12;
12,14;
14,12;
13,11;
11,13;
13,12;
12,13;
13,14;
14,13;
14,3;
3,14;
14,9;
9,14;
14,12;
12,14;
14,13;
13,14;
15,4;
4,15;
15,10;
10,15;
15,11;
11,15;
}
label = {
1,1;
2,1;
3,1;
4,1;
5,2;
6,2;
7,2;
8,2;
9,2;
10,2;
11,2;
12,2;
13,2;
14,2;
15,2;
}