edge = {
1,2;
2,1;
1,33;
33,1;
1,42;
42,1;
2,1;
1,2;
2,3;
3,2;
2,17;
17,2;
2,34;
34,2;
2,35;
35,2;
3,2;
2,3;
3,35;
35,3;
3,37;
37,3;
3,44;
44,3;
4,5;
5,4;
4,21;
21,4;
4,36;
36,4;
5,4;
4,5;
5,6;
6,5;
5,20;
20,5;
6,5;
5,6;
6,7;
7,6;
6,23;
23,6;
6,38;
38,6;
7,6;
6,7;
7,22;
22,7;
7,38;
38,7;
7,39;
39,7;
8,9;
9,8;
8,10;
10,8;
8,25;
25,8;
8,41;
41,8;
9,8;
8,9;
9,10;
10,9;
9,26;
26,9;
10,8;
8,10;
10,9;
9,10;
10,11;
11,10;
10,25;
25,10;
11,10;
10,11;
11,12;
12,11;
11,29;
29,11;
12,11;
11,12;
12,13;
13,12;
12,30;
30,12;
13,12;
12,13;
13,14;
14,13;
13,31;
31,13;
14,13;
13,14;
14,15;
15,14;
14,29;
29,14;
14,30;
30,14;
14,32;
32,14;
15,14;
14,15;
15,30;
30,15;
15,31;
31,15;
16,17;
17,16;
16,18;
18,16;
16,19;
19,16;
16,42;
42,16;
17,2;
2,17;
17,16;
16,17;
17,18;
18,17;
17,19;
19,17;
17,42;
42,17;
17,43;
43,17;
18,16;
16,18;
18,17;
17,18;
18,19;
19,18;
18,43;
43,18;
18,44;
44,18;
19,16;
16,19;
19,17;
17,19;
19,18;
18,19;
19,44;
44,19;
19,46;
46,19;
20,5;
5,20;
20,21;
21,20;
20,45;
45,20;
21,4;
4,21;
21,20;
20,21;
21,22;
22,21;
22,7;
7,22;
22,21;
21,22;
22,23;
23,22;
22,47;
47,22;
23,6;
6,23;
23,22;
22,23;
23,47;
47,23;
23,48;
48,23;
24,25;
25,24;
24,26;
26,24;
24,50;
50,24;
25,8;
8,25;
25,10;
10,25;
25,24;
24,25;
25,26;
26,25;
26,9;
9,26;
26,24;
24,26;
26,25;
25,26;
26,27;
27,26;
26,28;
28,26;
27,26;
26,27;
27,28;
28,27;
27,29;
29,27;
28,26;
26,28;
28,27;
27,28;
28,29;
29,28;
29,11;
11,29;
29,14;
14,29;
29,27;
27,29;
29,28;
28,29;
29,30;
30,29;
30,12;
12,30;
30,14;
14,30;
30,15;
15,30;
30,29;
29,30;
30,31;
31,30;
30,32;
32,30;
31,13;
13,31;
31,15;
15,31;
31,30;
30,31;
31,32;
32,31;
32,14;
14,32;
32,30;
30,32;
32,31;
31,32;
33,1;
1,33;
33,34;
34,33;
33,43;
43,33;
34,2;
2,34;
34,33;
33,34;
34,35;
35,34;
34,42;
42,34;
34,43;
43,34;
34,44;
44,34;
35,2;
2,35;
35,3;
3,35;
35,34;
34,35;
35,43;
43,35;
36,4;
4,36;
36,37;
37,36;
36,46;
46,36;
37,3;
3,37;
37,36;
36,37;
37,45;
45,37;
38,6;
6,38;
38,7;
7,38;
38,39;
39,38;
38,48;
48,38;
39,7;
7,39;
39,38;
38,39;
39,40;
40,39;
39,47;
47,39;
40,39;
39,40;
40,41;
41,40;
40,50;
50,40;
41,8;
8,41;
41,40;
40,41;
41,49;
49,41;
41,50;
50,41;
42,1;
1,42;
42,16;
16,42;
42,17;
17,42;
42,34;
34,42;
42,43;
43,42;
43,17;
17,43;
43,18;
18,43;
43,33;
33,43;
43,34;
34,43;
43,35;
35,43;
43,42;
42,43;
43,44;
44,43;
44,3;
3,44;
44,18;
18,44;
44,19;
19,44;
44,34;
34,44;
44,43;
43,44;
45,20;
20,45;
45,37;
37,45;
45,46;
46,45;
46,19;
19,46;
46,36;
36,46;
46,45;
45,46;
47,22;
22,47;
47,23;
23,47;
47,39;
39,47;
47,48;
48,47;
48,23;
23,48;
48,38;
38,48;
48,47;
47,48;
48,49;
49,48;
49,41;
41,49;
49,48;
48,49;
49,50;
50,49;
50,24;
24,50;
50,40;
40,50;
50,41;
41,50;
50,49;
49,50;
}
label = {
1,1;
2,1;
3,1;
4,1;
5,1;
6,1;
7,1;
8,1;
9,1;
10,1;
11,1;
12,1;
13,1;
14,1;
15,1;
16,1;
17,1;
18,1;
19,1;
20,1;
21,1;
22,1;
23,1;
24,1;
25,1;
26,1;
27,1;
28,1;
29,1;
30,1;
31,1;
32,1;
33,2;
34,2;
35,2;
36,2;
37,2;
38,2;
39,2;
40,2;
41,2;
42,2;
43,2;
44,2;
45,2;
46,2;
47,2;
48,2;
49,2;
50,2;
}