edge = {
1,2;
2,1;
1,8;
8,1;
1,18;
18,1;
2,1;
1,2;
2,3;
3,2;
2,5;
5,2;
2,9;
9,2;
3,2;
2,3;
3,4;
4,3;
3,5;
5,3;
3,6;
6,3;
3,10;
10,3;
4,3;
3,4;
4,5;
5,4;
4,6;
6,4;
4,9;
9,4;
5,2;
2,5;
5,3;
3,5;
5,4;
4,5;
5,6;
6,5;
5,9;
9,5;
6,3;
3,6;
6,4;
4,6;
6,5;
5,6;
7,8;
8,7;
7,14;
14,7;
7,18;
18,7;
7,19;
19,7;
8,1;
1,8;
8,7;
7,8;
8,9;
9,8;
8,13;
13,8;
8,14;
14,8;
9,2;
2,9;
9,4;
4,9;
9,5;
5,9;
9,8;
8,9;
9,10;
10,9;
9,11;
11,9;
10,3;
3,10;
10,9;
9,10;
10,11;
11,10;
11,9;
9,11;
11,10;
10,11;
11,12;
12,11;
11,15;
15,11;
11,16;
16,11;
11,17;
17,11;
12,11;
11,12;
12,16;
16,12;
12,17;
17,12;
13,8;
8,13;
13,14;
14,13;
13,19;
19,13;
14,7;
7,14;
14,8;
8,14;
14,13;
13,14;
14,15;
15,14;
14,16;
16,14;
15,11;
11,15;
15,14;
14,15;
15,16;
16,15;
15,17;
17,15;
16,11;
11,16;
16,12;
12,16;
16,14;
14,16;
16,15;
15,16;
16,17;
17,16;
17,11;
11,17;
17,12;
12,17;
17,15;
15,17;
17,16;
16,17;
18,1;
1,18;
18,7;
7,18;
18,19;
19,18;
19,7;
7,19;
19,13;
13,19;
19,18;
18,19;
}
label = {
1,1;
2,1;
3,1;
4,1;
5,1;
6,1;
7,1;
8,1;
9,1;
10,1;
11,1;
12,1;
13,1;
14,1;
15,1;
16,1;
17,1;
18,1;
19,1;
}