edge = {
1,5;
5,1;
1,10;
10,1;
2,4;
4,2;
2,9;
9,2;
2,14;
14,2;
3,5;
5,3;
3,10;
10,3;
4,2;
2,4;
4,14;
14,4;
5,1;
1,5;
5,3;
3,5;
5,6;
6,5;
5,11;
11,5;
6,5;
5,6;
6,7;
7,6;
6,10;
10,6;
6,12;
12,6;
7,6;
6,7;
7,8;
8,7;
7,11;
11,7;
8,7;
7,8;
8,9;
9,8;
8,14;
14,8;
9,2;
2,9;
9,8;
8,9;
9,13;
13,9;
9,14;
14,9;
10,1;
1,10;
10,3;
3,10;
10,6;
6,10;
10,11;
11,10;
11,5;
5,11;
11,7;
7,11;
11,10;
10,11;
11,12;
12,11;
12,6;
6,12;
12,11;
11,12;
12,13;
13,12;
13,9;
9,13;
13,12;
12,13;
13,14;
14,13;
14,2;
2,14;
14,4;
4,14;
14,8;
8,14;
14,9;
9,14;
14,13;
13,14;
}
label = {
1,1;
2,1;
3,1;
4,1;
5,2;
6,2;
7,2;
8,2;
9,2;
10,2;
11,2;
12,2;
13,2;
14,2;
}