edge = {
1,2;
2,1;
1,19;
19,1;
1,22;
22,1;
2,1;
1,2;
2,3;
3,2;
2,19;
19,2;
2,22;
22,2;
3,2;
2,3;
3,22;
22,3;
3,23;
23,3;
4,5;
5,4;
4,23;
23,4;
4,24;
24,4;
5,4;
4,5;
5,6;
6,5;
5,7;
7,5;
5,24;
24,5;
6,5;
5,6;
6,7;
7,6;
6,8;
8,6;
6,24;
24,6;
7,5;
5,7;
7,6;
6,7;
7,8;
8,7;
7,9;
9,7;
7,24;
24,7;
8,6;
6,8;
8,7;
7,8;
8,9;
9,8;
8,10;
10,8;
9,7;
7,9;
9,8;
8,9;
9,10;
10,9;
9,11;
11,9;
10,8;
8,10;
10,9;
9,10;
10,11;
11,10;
11,9;
9,11;
11,10;
10,11;
11,12;
12,11;
11,21;
21,11;
12,11;
11,12;
12,13;
13,12;
12,20;
20,12;
12,21;
21,12;
13,12;
12,13;
13,20;
20,13;
13,21;
21,13;
14,15;
15,14;
14,16;
16,14;
14,17;
17,14;
14,20;
20,14;
15,14;
14,15;
15,16;
16,15;
15,17;
17,15;
15,18;
18,15;
16,14;
14,16;
16,15;
15,16;
16,17;
17,16;
16,18;
18,16;
17,14;
14,17;
17,15;
15,17;
17,16;
16,17;
17,18;
18,17;
18,15;
15,18;
18,16;
16,18;
18,17;
17,18;
19,1;
1,19;
19,2;
2,19;
19,22;
22,19;
20,12;
12,20;
20,13;
13,20;
20,14;
14,20;
20,21;
21,20;
21,11;
11,21;
21,12;
12,21;
21,13;
13,21;
21,20;
20,21;
22,1;
1,22;
22,2;
2,22;
22,3;
3,22;
22,19;
19,22;
22,23;
23,22;
23,3;
3,23;
23,4;
4,23;
23,22;
22,23;
24,4;
4,24;
24,5;
5,24;
24,6;
6,24;
24,7;
7,24;
}
label = {
1,1;
2,1;
3,1;
4,1;
5,1;
6,1;
7,1;
8,1;
9,1;
10,1;
11,1;
12,1;
13,1;
14,1;
15,1;
16,1;
17,1;
18,1;
19,2;
20,2;
21,2;
22,2;
23,2;
24,2;
}