edge = {
1,11;
11,1;
1,12;
12,1;
1,13;
13,1;
2,3;
3,2;
2,15;
15,2;
2,16;
16,2;
3,2;
2,3;
3,4;
4,3;
3,18;
18,3;
3,19;
19,3;
3,20;
20,3;
4,3;
3,4;
4,5;
5,4;
4,6;
6,4;
4,20;
20,4;
4,21;
21,4;
5,4;
4,5;
5,6;
6,5;
5,7;
7,5;
5,21;
21,5;
6,4;
4,6;
6,5;
5,6;
6,7;
7,6;
6,22;
22,6;
7,5;
5,7;
7,6;
6,7;
7,8;
8,7;
7,9;
9,7;
7,10;
10,7;
7,24;
24,7;
8,7;
7,8;
8,9;
9,8;
8,10;
10,8;
9,7;
7,9;
9,8;
8,9;
9,10;
10,9;
10,7;
7,10;
10,8;
8,10;
10,9;
9,10;
11,1;
1,11;
11,12;
12,11;
11,13;
13,11;
11,14;
14,11;
12,1;
1,12;
12,11;
11,12;
12,13;
13,12;
12,14;
14,12;
13,1;
1,13;
13,11;
11,13;
13,12;
12,13;
13,14;
14,13;
13,15;
15,13;
14,11;
11,14;
14,12;
12,14;
14,13;
13,14;
14,15;
15,14;
15,2;
2,15;
15,13;
13,15;
15,14;
14,15;
15,16;
16,15;
15,17;
17,15;
16,2;
2,16;
16,15;
15,16;
16,17;
17,16;
16,18;
18,16;
17,15;
15,17;
17,16;
16,17;
17,18;
18,17;
18,3;
3,18;
18,16;
16,18;
18,17;
17,18;
18,19;
19,18;
18,20;
20,18;
19,3;
3,19;
19,18;
18,19;
19,20;
20,19;
19,21;
21,19;
20,3;
3,20;
20,4;
4,20;
20,18;
18,20;
20,19;
19,20;
20,21;
21,20;
21,4;
4,21;
21,5;
5,21;
21,19;
19,21;
21,20;
20,21;
21,22;
22,21;
21,23;
23,21;
21,24;
24,21;
22,6;
6,22;
22,21;
21,22;
22,23;
23,22;
22,24;
24,22;
23,21;
21,23;
23,22;
22,23;
23,24;
24,23;
24,7;
7,24;
24,21;
21,24;
24,22;
22,24;
24,23;
23,24;
}
label = {
1,1;
2,1;
3,1;
4,1;
5,1;
6,1;
7,1;
8,1;
9,1;
10,1;
11,2;
12,2;
13,2;
14,2;
15,2;
16,2;
17,2;
18,2;
19,2;
20,2;
21,2;
22,2;
23,2;
24,2;
}