edge = {
1,5;
5,1;
1,6;
6,1;
2,3;
3,2;
2,6;
6,2;
2,11;
11,2;
3,2;
2,3;
3,5;
5,3;
3,12;
12,3;
4,11;
11,4;
4,15;
15,4;
5,1;
1,5;
5,3;
3,5;
5,6;
6,5;
5,15;
15,5;
6,1;
1,6;
6,2;
2,6;
6,5;
5,6;
6,17;
17,6;
7,11;
11,7;
7,15;
15,7;
7,20;
20,7;
8,10;
10,8;
8,11;
11,8;
8,15;
15,8;
8,20;
20,8;
8,22;
22,8;
9,11;
11,9;
9,15;
15,9;
9,25;
25,9;
10,8;
8,10;
10,11;
11,10;
10,15;
15,10;
10,25;
25,10;
10,27;
27,10;
11,2;
2,11;
11,4;
4,11;
11,7;
7,11;
11,8;
8,11;
11,9;
9,11;
11,10;
10,11;
12,3;
3,12;
12,16;
16,12;
12,21;
21,12;
12,26;
26,12;
12,30;
30,12;
13,14;
14,13;
13,23;
23,13;
13,30;
30,13;
14,13;
13,14;
14,29;
29,14;
14,31;
31,14;
15,4;
4,15;
15,5;
5,15;
15,7;
7,15;
15,8;
8,15;
15,9;
9,15;
15,10;
10,15;
16,12;
12,16;
16,17;
17,16;
16,32;
32,16;
17,6;
6,17;
17,16;
16,17;
18,19;
19,18;
18,23;
23,18;
18,32;
32,18;
19,18;
18,19;
19,29;
29,19;
19,33;
33,19;
20,7;
7,20;
20,8;
8,20;
21,12;
12,21;
21,22;
22,21;
21,34;
34,21;
22,8;
8,22;
22,21;
21,22;
23,13;
13,23;
23,18;
18,23;
23,24;
24,23;
23,28;
28,23;
23,34;
34,23;
24,23;
23,24;
24,29;
29,24;
24,35;
35,24;
25,9;
9,25;
25,10;
10,25;
26,12;
12,26;
26,27;
27,26;
26,36;
36,26;
27,10;
10,27;
27,26;
26,27;
28,23;
23,28;
28,29;
29,28;
28,36;
36,28;
29,14;
14,29;
29,19;
19,29;
29,24;
24,29;
29,28;
28,29;
29,37;
37,29;
30,12;
12,30;
30,13;
13,30;
31,14;
14,31;
31,37;
37,31;
32,16;
16,32;
32,18;
18,32;
33,19;
19,33;
33,37;
37,33;
34,21;
21,34;
34,23;
23,34;
35,24;
24,35;
35,37;
37,35;
36,26;
26,36;
36,28;
28,36;
37,29;
29,37;
37,31;
31,37;
37,33;
33,37;
37,35;
35,37;
}
label = {
1,1;
2,1;
3,1;
4,1;
5,1;
6,1;
7,1;
8,1;
9,1;
10,1;
11,2;
12,2;
13,2;
14,2;
15,2;
16,2;
17,2;
18,2;
19,2;
20,2;
21,2;
22,2;
23,2;
24,2;
25,2;
26,2;
27,2;
28,2;
29,2;
30,2;
31,2;
32,2;
33,2;
34,2;
35,2;
36,2;
37,2;
}