edge = {
1,7;
7,1;
2,31;
31,2;
2,32;
32,2;
3,4;
4,3;
3,30;
30,3;
3,31;
31,3;
4,3;
3,4;
4,5;
5,4;
4,13;
13,4;
4,17;
17,4;
4,19;
19,4;
4,30;
30,4;
5,4;
4,5;
5,13;
13,5;
5,14;
14,5;
6,34;
34,6;
7,1;
1,7;
7,8;
8,7;
7,22;
22,7;
7,23;
23,7;
8,7;
7,8;
8,9;
9,8;
8,10;
10,8;
8,14;
14,8;
8,23;
23,8;
8,24;
24,8;
9,8;
8,9;
9,10;
10,9;
9,14;
14,9;
9,24;
24,9;
10,8;
8,10;
10,9;
9,10;
10,14;
14,10;
10,27;
27,10;
11,16;
16,11;
11,35;
35,11;
12,15;
15,12;
12,46;
46,12;
12,47;
47,12;
13,4;
4,13;
13,5;
5,13;
13,14;
14,13;
13,47;
47,13;
13,48;
48,13;
14,5;
5,14;
14,8;
8,14;
14,9;
9,14;
14,10;
10,14;
14,13;
13,14;
14,48;
48,14;
15,12;
12,15;
15,44;
44,15;
16,11;
11,16;
16,17;
17,16;
16,37;
37,16;
16,38;
38,16;
17,4;
4,17;
17,16;
16,17;
17,18;
18,17;
17,19;
19,17;
17,38;
38,17;
17,39;
39,17;
18,17;
17,18;
18,19;
19,18;
18,39;
39,18;
19,4;
4,19;
19,17;
17,19;
19,18;
18,19;
19,42;
42,19;
20,26;
26,20;
20,34;
34,20;
21,22;
22,21;
21,25;
25,21;
21,33;
33,21;
21,36;
36,21;
21,45;
45,21;
22,7;
7,22;
22,21;
21,22;
22,32;
32,22;
22,37;
37,22;
22,46;
46,22;
23,7;
7,23;
23,8;
8,23;
23,31;
31,23;
23,47;
47,23;
24,8;
8,24;
24,9;
9,24;
24,30;
30,24;
24,48;
48,24;
25,21;
21,25;
25,28;
28,25;
25,29;
29,25;
25,43;
43,25;
26,20;
20,26;
26,28;
28,26;
26,29;
29,26;
26,34;
34,26;
26,35;
35,26;
26,44;
44,26;
27,10;
10,27;
27,30;
30,27;
28,25;
25,28;
28,26;
26,28;
28,33;
33,28;
28,40;
40,28;
29,25;
25,29;
29,26;
26,29;
29,34;
34,29;
29,41;
41,29;
29,44;
44,29;
30,3;
3,30;
30,4;
4,30;
30,24;
24,30;
30,27;
27,30;
30,39;
39,30;
30,42;
42,30;
30,48;
48,30;
31,2;
2,31;
31,3;
3,31;
31,23;
23,31;
31,38;
38,31;
31,47;
47,31;
32,2;
2,32;
32,22;
22,32;
32,33;
33,32;
32,37;
37,32;
32,46;
46,32;
33,21;
21,33;
33,28;
28,33;
33,32;
32,33;
33,36;
36,33;
33,45;
45,33;
34,6;
6,34;
34,20;
20,34;
34,26;
26,34;
34,29;
29,34;
34,35;
35,34;
35,11;
11,35;
35,26;
26,35;
35,34;
34,35;
35,41;
41,35;
36,21;
21,36;
36,33;
33,36;
36,37;
37,36;
36,40;
40,36;
37,16;
16,37;
37,22;
22,37;
37,32;
32,37;
37,36;
36,37;
38,16;
16,38;
38,17;
17,38;
38,31;
31,38;
38,47;
47,38;
39,17;
17,39;
39,18;
18,39;
39,30;
30,39;
39,48;
48,39;
40,28;
28,40;
40,36;
36,40;
40,43;
43,40;
40,44;
44,40;
41,29;
29,41;
41,35;
35,41;
41,43;
43,41;
41,44;
44,41;
42,19;
19,42;
42,30;
30,42;
43,25;
25,43;
43,40;
40,43;
43,41;
41,43;
43,45;
45,43;
44,15;
15,44;
44,26;
26,44;
44,29;
29,44;
44,40;
40,44;
44,41;
41,44;
45,21;
21,45;
45,33;
33,45;
45,43;
43,45;
45,46;
46,45;
46,12;
12,46;
46,22;
22,46;
46,32;
32,46;
46,45;
45,46;
47,12;
12,47;
47,13;
13,47;
47,23;
23,47;
47,31;
31,47;
47,38;
38,47;
48,13;
13,48;
48,14;
14,48;
48,24;
24,48;
48,30;
30,48;
48,39;
39,48;
}
label = {
1,1;
2,1;
3,1;
4,1;
5,1;
6,1;
7,1;
8,1;
9,1;
10,1;
11,1;
12,1;
13,1;
14,1;
15,1;
16,1;
17,1;
18,1;
19,1;
20,2;
21,2;
22,2;
23,2;
24,2;
25,2;
26,2;
27,2;
28,2;
29,2;
30,2;
31,2;
32,2;
33,2;
34,2;
35,2;
36,2;
37,2;
38,2;
39,2;
40,2;
41,2;
42,2;
43,2;
44,2;
45,2;
46,2;
47,2;
48,2;
}