edge = {
1,2;
2,1;
1,8;
8,1;
1,9;
9,1;
2,1;
1,2;
2,8;
8,2;
2,9;
9,2;
2,16;
16,2;
2,21;
21,2;
3,4;
4,3;
3,10;
10,3;
3,11;
11,3;
3,18;
18,3;
3,19;
19,3;
4,3;
3,4;
4,5;
5,4;
4,10;
10,4;
4,11;
11,4;
4,12;
12,4;
4,19;
19,4;
4,20;
20,4;
5,4;
4,5;
5,6;
6,5;
5,7;
7,5;
5,20;
20,5;
5,25;
25,5;
6,5;
5,6;
6,7;
7,6;
6,20;
20,6;
7,5;
5,7;
7,6;
6,7;
7,14;
14,7;
7,15;
15,7;
8,1;
1,8;
8,2;
2,8;
8,9;
9,8;
9,1;
1,9;
9,2;
2,9;
9,8;
8,9;
9,21;
21,9;
10,3;
3,10;
10,4;
4,10;
10,11;
11,10;
10,23;
23,10;
11,3;
3,11;
11,4;
4,11;
11,10;
10,11;
11,24;
24,11;
12,4;
4,12;
12,13;
13,12;
12,14;
14,12;
12,25;
25,12;
13,12;
12,13;
13,14;
14,13;
13,15;
15,13;
14,7;
7,14;
14,12;
12,14;
14,13;
13,14;
14,15;
15,14;
15,7;
7,15;
15,13;
13,15;
15,14;
14,15;
16,2;
2,16;
16,17;
17,16;
16,22;
22,16;
17,16;
16,17;
17,18;
18,17;
17,21;
21,17;
17,23;
23,17;
18,3;
3,18;
18,17;
17,18;
18,22;
22,18;
19,3;
3,19;
19,4;
4,19;
19,20;
20,19;
19,24;
24,19;
19,25;
25,19;
20,4;
4,20;
20,5;
5,20;
20,6;
6,20;
20,19;
19,20;
20,24;
24,20;
20,25;
25,20;
21,2;
2,21;
21,9;
9,21;
21,17;
17,21;
21,22;
22,21;
22,16;
16,22;
22,18;
18,22;
22,21;
21,22;
22,23;
23,22;
23,10;
10,23;
23,17;
17,23;
23,22;
22,23;
24,11;
11,24;
24,19;
19,24;
24,20;
20,24;
24,25;
25,24;
25,5;
5,25;
25,12;
12,25;
25,19;
19,25;
25,20;
20,25;
25,24;
24,25;
}
label = {
1,1;
2,1;
3,1;
4,1;
5,1;
6,1;
7,1;
8,1;
9,1;
10,1;
11,1;
12,1;
13,1;
14,1;
15,1;
16,2;
17,2;
18,2;
19,2;
20,2;
21,2;
22,2;
23,2;
24,2;
25,2;
}