edge = {
1,2;
2,1;
1,7;
7,1;
1,8;
8,1;
1,15;
15,1;
1,22;
22,1;
2,1;
1,2;
2,7;
7,2;
2,16;
16,2;
2,17;
17,2;
3,4;
4,3;
3,9;
9,3;
3,10;
10,3;
3,19;
19,3;
3,20;
20,3;
4,3;
3,4;
4,9;
9,4;
4,10;
10,4;
4,20;
20,4;
4,21;
21,4;
5,6;
6,5;
5,21;
21,5;
5,28;
28,5;
6,5;
5,6;
6,13;
13,6;
6,14;
14,6;
6,21;
21,6;
7,1;
1,7;
7,2;
2,7;
7,8;
8,7;
7,22;
22,7;
8,1;
1,8;
8,7;
7,8;
8,23;
23,8;
8,24;
24,8;
9,3;
3,9;
9,4;
4,9;
9,11;
11,9;
9,26;
26,9;
9,27;
27,9;
10,3;
3,10;
10,4;
4,10;
10,11;
11,10;
10,27;
27,10;
10,28;
28,10;
11,9;
9,11;
11,10;
10,11;
11,12;
12,11;
11,13;
13,11;
11,28;
28,11;
12,11;
11,12;
12,13;
13,12;
12,14;
14,12;
13,6;
6,13;
13,11;
11,13;
13,12;
12,13;
13,14;
14,13;
14,6;
6,14;
14,12;
12,14;
14,13;
13,14;
15,1;
1,15;
15,16;
16,15;
15,23;
23,15;
16,2;
2,16;
16,15;
15,16;
16,22;
22,16;
16,23;
23,16;
17,2;
2,17;
17,18;
18,17;
17,25;
25,17;
18,17;
17,18;
18,19;
19,18;
18,24;
24,18;
18,26;
26,18;
19,3;
3,19;
19,18;
18,19;
19,25;
25,19;
20,3;
3,20;
20,4;
4,20;
20,21;
21,20;
20,28;
28,20;
21,4;
4,21;
21,5;
5,21;
21,6;
6,21;
21,20;
20,21;
21,27;
27,21;
21,28;
28,21;
22,1;
1,22;
22,7;
7,22;
22,16;
16,22;
22,23;
23,22;
23,8;
8,23;
23,15;
15,23;
23,16;
16,23;
23,22;
22,23;
24,8;
8,24;
24,18;
18,24;
24,25;
25,24;
25,17;
17,25;
25,19;
19,25;
25,24;
24,25;
25,26;
26,25;
26,9;
9,26;
26,18;
18,26;
26,25;
25,26;
27,9;
9,27;
27,10;
10,27;
27,21;
21,27;
27,28;
28,27;
28,5;
5,28;
28,10;
10,28;
28,11;
11,28;
28,20;
20,28;
28,21;
21,28;
28,27;
27,28;
}
label = {
1,1;
2,1;
3,1;
4,1;
5,1;
6,1;
7,1;
8,1;
9,1;
10,1;
11,1;
12,1;
13,1;
14,1;
15,2;
16,2;
17,2;
18,2;
19,2;
20,2;
21,2;
22,2;
23,2;
24,2;
25,2;
26,2;
27,2;
28,2;
}