edge = {
1,20;
20,1;
1,27;
27,1;
2,21;
21,2;
2,22;
22,2;
2,28;
28,2;
3,13;
13,3;
3,24;
24,3;
3,25;
25,3;
3,32;
32,3;
4,5;
5,4;
4,14;
14,4;
4,25;
25,4;
5,4;
4,5;
5,26;
26,5;
5,33;
33,5;
6,7;
7,6;
6,26;
26,6;
6,33;
33,6;
7,6;
6,7;
7,8;
8,7;
7,17;
17,7;
8,7;
7,8;
8,9;
9,8;
8,16;
16,8;
8,18;
18,8;
9,8;
8,9;
9,10;
10,9;
9,19;
19,9;
10,9;
9,10;
10,18;
18,10;
10,19;
19,10;
11,20;
20,11;
11,27;
27,11;
12,21;
21,12;
12,28;
28,12;
12,29;
29,12;
13,3;
3,13;
13,25;
25,13;
13,31;
31,13;
13,32;
32,13;
14,4;
4,14;
14,32;
32,14;
14,33;
33,14;
15,16;
16,15;
15,26;
26,15;
15,33;
33,15;
16,8;
8,16;
16,15;
15,16;
16,17;
17,16;
17,7;
7,17;
17,16;
16,17;
17,18;
18,17;
18,8;
8,18;
18,10;
10,18;
18,17;
17,18;
18,19;
19,18;
19,9;
9,19;
19,10;
10,19;
19,18;
18,19;
20,1;
1,20;
20,11;
11,20;
20,21;
21,20;
20,28;
28,20;
21,2;
2,21;
21,12;
12,21;
21,20;
20,21;
21,27;
27,21;
22,2;
2,22;
22,23;
23,22;
22,30;
30,22;
23,22;
22,23;
23,24;
24,23;
23,29;
29,23;
23,31;
31,23;
24,3;
3,24;
24,23;
23,24;
24,30;
30,24;
25,3;
3,25;
25,4;
4,25;
25,13;
13,25;
25,32;
32,25;
26,5;
5,26;
26,6;
6,26;
26,15;
15,26;
26,33;
33,26;
27,1;
1,27;
27,11;
11,27;
27,21;
21,27;
27,28;
28,27;
28,2;
2,28;
28,12;
12,28;
28,20;
20,28;
28,27;
27,28;
29,12;
12,29;
29,23;
23,29;
29,30;
30,29;
30,22;
22,30;
30,24;
24,30;
30,29;
29,30;
30,31;
31,30;
31,13;
13,31;
31,23;
23,31;
31,30;
30,31;
32,3;
3,32;
32,13;
13,32;
32,14;
14,32;
32,25;
25,32;
33,5;
5,33;
33,6;
6,33;
33,14;
14,33;
33,15;
15,33;
33,26;
26,33;
}
label = {
1,1;
2,1;
3,1;
4,1;
5,1;
6,1;
7,1;
8,1;
9,1;
10,1;
11,1;
12,1;
13,1;
14,1;
15,1;
16,1;
17,1;
18,1;
19,1;
20,2;
21,2;
22,2;
23,2;
24,2;
25,2;
26,2;
27,2;
28,2;
29,2;
30,2;
31,2;
32,2;
33,2;
}