edge = {
1,2;
2,1;
1,12;
12,1;
2,1;
1,2;
2,11;
11,2;
2,20;
20,2;
2,25;
25,2;
3,13;
13,3;
3,22;
22,3;
3,23;
23,3;
3,28;
28,3;
4,5;
5,4;
4,14;
14,4;
4,23;
23,4;
5,4;
4,5;
5,24;
24,5;
5,29;
29,5;
6,7;
7,6;
6,24;
24,6;
6,29;
29,6;
7,6;
6,7;
7,8;
8,7;
7,17;
17,7;
8,7;
7,8;
8,9;
9,8;
8,16;
16,8;
8,18;
18,8;
9,8;
8,9;
9,10;
10,9;
9,19;
19,9;
10,9;
9,10;
10,18;
18,10;
10,19;
19,10;
11,2;
2,11;
11,12;
12,11;
12,1;
1,12;
12,11;
11,12;
12,20;
20,12;
12,25;
25,12;
13,3;
3,13;
13,23;
23,13;
13,27;
27,13;
13,28;
28,13;
14,4;
4,14;
14,28;
28,14;
14,29;
29,14;
15,16;
16,15;
15,24;
24,15;
15,29;
29,15;
16,8;
8,16;
16,15;
15,16;
16,17;
17,16;
17,7;
7,17;
17,16;
16,17;
17,18;
18,17;
18,8;
8,18;
18,10;
10,18;
18,17;
17,18;
18,19;
19,18;
19,9;
9,19;
19,10;
10,19;
19,18;
18,19;
20,2;
2,20;
20,12;
12,20;
20,21;
21,20;
20,26;
26,20;
21,20;
20,21;
21,22;
22,21;
21,25;
25,21;
21,27;
27,21;
22,3;
3,22;
22,21;
21,22;
22,26;
26,22;
23,3;
3,23;
23,4;
4,23;
23,13;
13,23;
23,28;
28,23;
24,5;
5,24;
24,6;
6,24;
24,15;
15,24;
24,29;
29,24;
25,2;
2,25;
25,12;
12,25;
25,21;
21,25;
25,26;
26,25;
26,20;
20,26;
26,22;
22,26;
26,25;
25,26;
26,27;
27,26;
27,13;
13,27;
27,21;
21,27;
27,26;
26,27;
28,3;
3,28;
28,13;
13,28;
28,14;
14,28;
28,23;
23,28;
29,5;
5,29;
29,6;
6,29;
29,14;
14,29;
29,15;
15,29;
29,24;
24,29;
}
label = {
1,1;
2,1;
3,1;
4,1;
5,1;
6,1;
7,1;
8,1;
9,1;
10,1;
11,1;
12,1;
13,1;
14,1;
15,1;
16,1;
17,1;
18,1;
19,1;
20,2;
21,2;
22,2;
23,2;
24,2;
25,2;
26,2;
27,2;
28,2;
29,2;
}