edge = {
1,19;
19,1;
1,20;
20,1;
2,12;
12,2;
2,19;
19,2;
2,20;
20,2;
2,22;
22,2;
2,27;
27,2;
3,23;
23,3;
3,24;
24,3;
3,30;
30,3;
4,13;
13,4;
4,24;
24,4;
4,25;
25,4;
4,32;
32,4;
5,21;
21,5;
5,26;
26,5;
5,28;
28,5;
5,33;
33,5;
6,7;
7,6;
6,26;
26,6;
6,33;
33,6;
7,6;
6,7;
7,8;
8,7;
7,16;
16,7;
8,7;
7,8;
8,9;
9,8;
8,15;
15,8;
8,17;
17,8;
9,8;
8,9;
9,10;
10,9;
9,16;
16,9;
9,18;
18,9;
10,9;
9,10;
10,17;
17,10;
10,18;
18,10;
11,19;
19,11;
11,20;
20,11;
11,27;
27,11;
12,2;
2,12;
12,20;
20,12;
12,27;
27,12;
12,29;
29,12;
13,4;
4,13;
13,25;
25,13;
13,31;
31,13;
13,32;
32,13;
14,15;
15,14;
14,26;
26,14;
14,33;
33,14;
15,8;
8,15;
15,14;
14,15;
15,16;
16,15;
16,7;
7,16;
16,9;
9,16;
16,15;
15,16;
16,17;
17,16;
17,8;
8,17;
17,10;
10,17;
17,16;
16,17;
17,18;
18,17;
18,9;
9,18;
18,10;
10,18;
18,17;
17,18;
19,1;
1,19;
19,2;
2,19;
19,11;
11,19;
19,20;
20,19;
19,27;
27,19;
20,1;
1,20;
20,2;
2,20;
20,11;
11,20;
20,12;
12,20;
20,19;
19,20;
21,5;
5,21;
21,25;
25,21;
21,26;
26,21;
21,33;
33,21;
22,2;
2,22;
22,23;
23,22;
22,30;
30,22;
23,3;
3,23;
23,22;
22,23;
23,24;
24,23;
23,29;
29,23;
23,31;
31,23;
24,3;
3,24;
24,4;
4,24;
24,23;
23,24;
24,30;
30,24;
25,4;
4,25;
25,13;
13,25;
25,21;
21,25;
25,32;
32,25;
26,5;
5,26;
26,6;
6,26;
26,14;
14,26;
26,21;
21,26;
26,28;
28,26;
26,33;
33,26;
27,2;
2,27;
27,11;
11,27;
27,12;
12,27;
27,19;
19,27;
28,5;
5,28;
28,26;
26,28;
28,32;
32,28;
28,33;
33,28;
29,12;
12,29;
29,23;
23,29;
29,30;
30,29;
30,3;
3,30;
30,22;
22,30;
30,24;
24,30;
30,29;
29,30;
30,31;
31,30;
31,13;
13,31;
31,23;
23,31;
31,30;
30,31;
32,4;
4,32;
32,13;
13,32;
32,25;
25,32;
32,28;
28,32;
33,5;
5,33;
33,6;
6,33;
33,14;
14,33;
33,21;
21,33;
33,26;
26,33;
33,28;
28,33;
}
label = {
1,1;
2,1;
3,1;
4,1;
5,1;
6,1;
7,1;
8,1;
9,1;
10,1;
11,1;
12,1;
13,1;
14,1;
15,1;
16,1;
17,1;
18,1;
19,2;
20,2;
21,2;
22,2;
23,2;
24,2;
25,2;
26,2;
27,2;
28,2;
29,2;
30,2;
31,2;
32,2;
33,2;
}