edge = {
1,2;
2,1;
1,3;
3,1;
1,4;
4,1;
1,11;
11,1;
2,1;
1,2;
2,3;
3,2;
2,4;
4,2;
2,21;
21,2;
3,1;
1,3;
3,2;
2,3;
3,15;
15,3;
3,21;
21,3;
4,1;
1,4;
4,2;
2,4;
4,20;
20,4;
5,6;
6,5;
5,13;
13,5;
5,17;
17,5;
5,18;
18,5;
6,5;
5,6;
6,7;
7,6;
6,12;
12,6;
6,14;
14,6;
6,18;
18,6;
7,6;
6,7;
7,13;
13,7;
7,14;
14,7;
7,19;
19,7;
8,9;
9,8;
8,10;
10,8;
8,11;
11,8;
8,20;
20,8;
8,28;
28,8;
9,8;
8,9;
9,10;
10,9;
9,11;
11,9;
9,29;
29,9;
10,8;
8,10;
10,9;
9,10;
10,23;
23,10;
10,29;
29,10;
11,1;
1,11;
11,8;
8,11;
11,9;
9,11;
11,20;
20,11;
11,28;
28,11;
12,6;
6,12;
12,13;
13,12;
12,25;
25,12;
12,26;
26,12;
13,5;
5,13;
13,7;
7,13;
13,12;
12,13;
13,14;
14,13;
13,26;
26,13;
14,6;
6,14;
14,7;
7,14;
14,13;
13,14;
14,27;
27,14;
15,3;
3,15;
15,16;
16,15;
15,21;
21,15;
15,24;
24,15;
15,29;
29,15;
16,15;
15,16;
16,17;
17,16;
16,23;
23,16;
16,25;
25,16;
17,5;
5,17;
17,16;
16,17;
17,18;
18,17;
17,24;
24,17;
17,26;
26,17;
18,5;
5,18;
18,6;
6,18;
18,17;
17,18;
18,25;
25,18;
19,7;
7,19;
19,22;
22,19;
19,30;
30,19;
20,4;
4,20;
20,8;
8,20;
20,11;
11,20;
21,2;
2,21;
21,3;
3,21;
21,15;
15,21;
21,23;
23,21;
22,19;
19,22;
22,27;
27,22;
22,30;
30,22;
23,10;
10,23;
23,16;
16,23;
23,21;
21,23;
23,24;
24,23;
23,29;
29,23;
24,15;
15,24;
24,17;
17,24;
24,23;
23,24;
24,25;
25,24;
25,12;
12,25;
25,16;
16,25;
25,18;
18,25;
25,24;
24,25;
25,26;
26,25;
26,12;
12,26;
26,13;
13,26;
26,17;
17,26;
26,25;
25,26;
27,14;
14,27;
27,22;
22,27;
27,30;
30,27;
28,8;
8,28;
28,11;
11,28;
29,9;
9,29;
29,10;
10,29;
29,15;
15,29;
29,23;
23,29;
30,19;
19,30;
30,22;
22,30;
30,27;
27,30;
}
label = {
1,1;
2,1;
3,1;
4,1;
5,1;
6,1;
7,1;
8,1;
9,1;
10,1;
11,1;
12,1;
13,1;
14,1;
15,2;
16,2;
17,2;
18,2;
19,2;
20,2;
21,2;
22,2;
23,2;
24,2;
25,2;
26,2;
27,2;
28,2;
29,2;
30,2;
}