edge = {
1,19;
19,1;
1,20;
20,1;
1,26;
26,1;
2,19;
19,2;
2,21;
21,2;
2,26;
26,2;
2,27;
27,2;
3,23;
23,3;
3,24;
24,3;
3,28;
28,3;
3,32;
32,3;
4,24;
24,4;
4,25;
25,4;
4,28;
28,4;
4,33;
33,4;
5,6;
6,5;
5,25;
25,5;
5,33;
33,5;
6,5;
5,6;
6,7;
7,6;
6,8;
8,6;
7,6;
6,7;
7,8;
8,7;
7,9;
9,7;
8,6;
6,8;
8,7;
7,8;
8,9;
9,8;
9,7;
7,9;
9,8;
8,9;
9,17;
17,9;
10,19;
19,10;
10,20;
20,10;
10,26;
26,10;
11,19;
19,11;
11,27;
27,11;
11,29;
29,11;
12,24;
24,12;
12,28;
28,12;
12,31;
31,12;
12,32;
32,12;
13,25;
25,13;
13,28;
28,13;
13,33;
33,13;
14,15;
15,14;
14,25;
25,14;
14,33;
33,14;
15,14;
14,15;
15,16;
16,15;
15,17;
17,15;
15,18;
18,15;
16,15;
15,16;
16,17;
17,16;
16,18;
18,16;
17,9;
9,17;
17,15;
15,17;
17,16;
16,17;
17,18;
18,17;
18,15;
15,18;
18,16;
16,18;
18,17;
17,18;
19,1;
1,19;
19,2;
2,19;
19,10;
10,19;
19,11;
11,19;
19,20;
20,19;
19,26;
26,19;
19,27;
27,19;
20,1;
1,20;
20,10;
10,20;
20,19;
19,20;
20,26;
26,20;
20,27;
27,20;
21,2;
2,21;
21,22;
22,21;
21,30;
30,21;
22,21;
21,22;
22,23;
23,22;
22,29;
29,22;
22,31;
31,22;
23,3;
3,23;
23,22;
22,23;
23,30;
30,23;
24,3;
3,24;
24,4;
4,24;
24,12;
12,24;
24,28;
28,24;
24,32;
32,24;
25,4;
4,25;
25,5;
5,25;
25,13;
13,25;
25,14;
14,25;
25,28;
28,25;
25,33;
33,25;
26,1;
1,26;
26,2;
2,26;
26,10;
10,26;
26,19;
19,26;
26,20;
20,26;
26,27;
27,26;
27,2;
2,27;
27,11;
11,27;
27,19;
19,27;
27,20;
20,27;
27,26;
26,27;
28,3;
3,28;
28,4;
4,28;
28,12;
12,28;
28,13;
13,28;
28,24;
24,28;
28,25;
25,28;
28,32;
32,28;
28,33;
33,28;
29,11;
11,29;
29,22;
22,29;
29,30;
30,29;
30,21;
21,30;
30,23;
23,30;
30,29;
29,30;
30,31;
31,30;
31,12;
12,31;
31,22;
22,31;
31,30;
30,31;
32,3;
3,32;
32,12;
12,32;
32,24;
24,32;
32,28;
28,32;
33,4;
4,33;
33,5;
5,33;
33,13;
13,33;
33,14;
14,33;
33,25;
25,33;
33,28;
28,33;
}
label = {
1,1;
2,1;
3,1;
4,1;
5,1;
6,1;
7,1;
8,1;
9,1;
10,1;
11,1;
12,1;
13,1;
14,1;
15,1;
16,1;
17,1;
18,1;
19,2;
20,2;
21,2;
22,2;
23,2;
24,2;
25,2;
26,2;
27,2;
28,2;
29,2;
30,2;
31,2;
32,2;
33,2;
}