edge = {
1,18;
18,1;
1,25;
25,1;
1,26;
26,1;
2,18;
18,2;
2,20;
20,2;
2,25;
25,2;
2,26;
26,2;
3,19;
19,3;
3,22;
22,3;
3,23;
23,3;
3,31;
31,3;
4,19;
19,4;
4,24;
24,4;
4,27;
27,4;
5,6;
6,5;
5,24;
24,5;
5,32;
32,5;
6,5;
5,6;
6,7;
7,6;
6,8;
8,6;
7,6;
6,7;
7,8;
8,7;
7,9;
9,7;
8,6;
6,8;
8,7;
7,8;
8,9;
9,8;
9,7;
7,9;
9,8;
8,9;
9,16;
16,9;
10,11;
11,10;
10,18;
18,10;
10,25;
25,10;
11,10;
10,11;
11,18;
18,11;
11,25;
25,11;
11,26;
26,11;
11,28;
28,11;
12,23;
23,12;
12,30;
30,12;
12,31;
31,12;
13,14;
14,13;
13,24;
24,13;
13,32;
32,13;
14,13;
13,14;
14,15;
15,14;
14,16;
16,14;
14,17;
17,14;
15,14;
14,15;
15,16;
16,15;
15,17;
17,15;
16,9;
9,16;
16,14;
14,16;
16,15;
15,16;
16,17;
17,16;
17,14;
14,17;
17,15;
15,17;
17,16;
16,17;
18,1;
1,18;
18,2;
2,18;
18,10;
10,18;
18,11;
11,18;
18,25;
25,18;
19,3;
3,19;
19,4;
4,19;
19,23;
23,19;
19,24;
24,19;
19,31;
31,19;
19,32;
32,19;
20,2;
2,20;
20,21;
21,20;
20,29;
29,20;
21,20;
20,21;
21,22;
22,21;
21,28;
28,21;
21,30;
30,21;
22,3;
3,22;
22,21;
21,22;
22,29;
29,22;
23,3;
3,23;
23,12;
12,23;
23,19;
19,23;
24,4;
4,24;
24,5;
5,24;
24,13;
13,24;
24,19;
19,24;
24,27;
27,24;
24,32;
32,24;
25,1;
1,25;
25,2;
2,25;
25,10;
10,25;
25,11;
11,25;
25,18;
18,25;
25,26;
26,25;
26,1;
1,26;
26,2;
2,26;
26,11;
11,26;
26,25;
25,26;
27,4;
4,27;
27,24;
24,27;
27,31;
31,27;
27,32;
32,27;
28,11;
11,28;
28,21;
21,28;
28,29;
29,28;
29,20;
20,29;
29,22;
22,29;
29,28;
28,29;
29,30;
30,29;
30,12;
12,30;
30,21;
21,30;
30,29;
29,30;
31,3;
3,31;
31,12;
12,31;
31,19;
19,31;
31,27;
27,31;
32,5;
5,32;
32,13;
13,32;
32,19;
19,32;
32,24;
24,32;
32,27;
27,32;
}
label = {
1,1;
2,1;
3,1;
4,1;
5,1;
6,1;
7,1;
8,1;
9,1;
10,1;
11,1;
12,1;
13,1;
14,1;
15,1;
16,1;
17,1;
18,2;
19,2;
20,2;
21,2;
22,2;
23,2;
24,2;
25,2;
26,2;
27,2;
28,2;
29,2;
30,2;
31,2;
32,2;
}