edge = {
1,2;
2,1;
1,28;
28,1;
2,1;
1,2;
2,15;
15,2;
2,30;
30,2;
2,31;
31,2;
2,42;
42,2;
3,4;
4,3;
3,5;
5,3;
3,30;
30,3;
4,3;
3,4;
4,5;
5,4;
4,6;
6,4;
5,3;
3,5;
5,4;
4,5;
5,6;
6,5;
5,29;
29,5;
6,4;
4,6;
6,5;
5,6;
6,7;
7,6;
6,8;
8,6;
6,29;
29,6;
6,34;
34,6;
7,6;
6,7;
7,8;
8,7;
7,9;
9,7;
7,21;
21,7;
7,22;
22,7;
7,34;
34,7;
8,6;
6,8;
8,7;
7,8;
8,9;
9,8;
9,7;
7,9;
9,8;
8,9;
9,10;
10,9;
9,23;
23,9;
9,32;
32,9;
10,9;
9,10;
10,22;
22,10;
10,32;
32,10;
10,33;
33,10;
11,12;
12,11;
11,13;
13,11;
11,14;
14,11;
11,33;
33,11;
12,11;
11,12;
12,13;
13,12;
12,14;
14,12;
13,11;
11,13;
13,12;
12,13;
13,14;
14,13;
14,11;
11,14;
14,12;
12,14;
14,13;
13,14;
14,27;
27,14;
14,36;
36,14;
15,2;
2,15;
15,16;
16,15;
15,39;
39,15;
15,42;
42,15;
16,15;
15,16;
16,17;
17,16;
16,41;
41,16;
16,42;
42,16;
17,16;
16,17;
17,18;
18,17;
17,19;
19,17;
17,41;
41,17;
18,17;
17,18;
18,19;
19,18;
18,20;
20,18;
19,17;
17,19;
19,18;
18,19;
19,20;
20,19;
19,40;
40,19;
20,18;
18,20;
20,19;
19,20;
20,21;
21,20;
20,35;
35,20;
20,40;
40,20;
21,7;
7,21;
21,20;
20,21;
21,22;
22,21;
21,35;
35,21;
22,7;
7,22;
22,10;
10,22;
22,21;
21,22;
22,23;
23,22;
22,43;
43,22;
23,9;
9,23;
23,22;
22,23;
23,43;
43,23;
23,44;
44,23;
24,25;
25,24;
24,26;
26,24;
24,27;
27,24;
24,44;
44,24;
25,24;
24,25;
25,26;
26,25;
25,27;
27,25;
26,24;
24,26;
26,25;
25,26;
26,27;
27,26;
27,14;
14,27;
27,24;
24,27;
27,25;
25,27;
27,26;
26,27;
27,45;
45,27;
28,1;
1,28;
28,31;
31,28;
28,42;
42,28;
29,5;
5,29;
29,6;
6,29;
29,34;
34,29;
29,35;
35,29;
30,2;
2,30;
30,3;
3,30;
30,31;
31,30;
30,42;
42,30;
31,2;
2,31;
31,28;
28,31;
31,30;
30,31;
31,39;
39,31;
31,41;
41,31;
32,9;
9,32;
32,10;
10,32;
32,33;
33,32;
32,44;
44,32;
33,10;
10,33;
33,11;
11,33;
33,32;
32,33;
33,43;
43,33;
33,44;
44,33;
34,6;
6,34;
34,7;
7,34;
34,29;
29,34;
34,35;
35,34;
34,40;
40,34;
35,20;
20,35;
35,21;
21,35;
35,29;
29,35;
35,34;
34,35;
35,40;
40,35;
36,14;
14,36;
36,37;
37,36;
36,46;
46,36;
37,36;
36,37;
37,38;
38,37;
37,45;
45,37;
37,47;
47,37;
38,37;
37,38;
38,46;
46,38;
38,47;
47,38;
39,15;
15,39;
39,31;
31,39;
39,42;
42,39;
40,19;
19,40;
40,20;
20,40;
40,34;
34,40;
40,35;
35,40;
41,16;
16,41;
41,17;
17,41;
41,31;
31,41;
41,42;
42,41;
42,2;
2,42;
42,15;
15,42;
42,16;
16,42;
42,28;
28,42;
42,30;
30,42;
42,39;
39,42;
42,41;
41,42;
43,22;
22,43;
43,23;
23,43;
43,33;
33,43;
43,44;
44,43;
44,23;
23,44;
44,24;
24,44;
44,32;
32,44;
44,33;
33,44;
44,43;
43,44;
45,27;
27,45;
45,37;
37,45;
45,46;
46,45;
46,36;
36,46;
46,38;
38,46;
46,45;
45,46;
46,47;
47,46;
47,37;
37,47;
47,38;
38,47;
47,46;
46,47;
}
label = {
1,1;
2,1;
3,1;
4,1;
5,1;
6,1;
7,1;
8,1;
9,1;
10,1;
11,1;
12,1;
13,1;
14,1;
15,1;
16,1;
17,1;
18,1;
19,1;
20,1;
21,1;
22,1;
23,1;
24,1;
25,1;
26,1;
27,1;
28,2;
29,2;
30,2;
31,2;
32,2;
33,2;
34,2;
35,2;
36,2;
37,2;
38,2;
39,2;
40,2;
41,2;
42,2;
43,2;
44,2;
45,2;
46,2;
47,2;
}