edge = {
1,20;
20,1;
1,21;
21,1;
2,19;
19,2;
2,22;
22,2;
2,23;
23,2;
3,26;
26,3;
3,28;
28,3;
3,33;
33,3;
4,26;
26,4;
4,27;
27,4;
4,33;
33,4;
5,27;
27,5;
5,29;
29,5;
5,34;
34,5;
6,7;
7,6;
6,16;
16,6;
6,29;
29,6;
6,36;
36,6;
7,6;
6,7;
7,8;
8,7;
7,17;
17,7;
8,7;
7,8;
8,9;
9,8;
8,16;
16,8;
8,18;
18,8;
9,8;
8,9;
9,17;
17,9;
9,18;
18,9;
10,20;
20,10;
10,21;
21,10;
11,19;
19,11;
11,22;
22,11;
11,30;
30,11;
12,26;
26,12;
12,28;
28,12;
12,33;
33,12;
12,35;
35,12;
13,27;
27,13;
13,33;
33,13;
13,34;
34,13;
14,15;
15,14;
14,27;
27,14;
14,34;
34,14;
14,36;
36,14;
15,14;
14,15;
15,16;
16,15;
15,29;
29,15;
15,36;
36,15;
16,6;
6,16;
16,8;
8,16;
16,15;
15,16;
16,17;
17,16;
17,7;
7,17;
17,9;
9,17;
17,16;
16,17;
17,18;
18,17;
18,8;
8,18;
18,9;
9,18;
18,17;
17,18;
19,2;
2,19;
19,11;
11,19;
19,20;
20,19;
19,21;
21,19;
19,22;
22,19;
20,1;
1,20;
20,10;
10,20;
20,19;
19,20;
20,21;
21,20;
20,22;
22,20;
21,1;
1,21;
21,10;
10,21;
21,19;
19,21;
21,20;
20,21;
21,22;
22,21;
22,2;
2,22;
22,11;
11,22;
22,19;
19,22;
22,20;
20,22;
22,21;
21,22;
23,2;
2,23;
23,24;
24,23;
23,31;
31,23;
24,23;
23,24;
24,25;
25,24;
24,30;
30,24;
24,31;
31,24;
24,32;
32,24;
25,24;
24,25;
25,28;
28,25;
25,31;
31,25;
25,35;
35,25;
26,3;
3,26;
26,4;
4,26;
26,12;
12,26;
26,28;
28,26;
26,33;
33,26;
26,35;
35,26;
27,4;
4,27;
27,5;
5,27;
27,13;
13,27;
27,14;
14,27;
28,3;
3,28;
28,12;
12,28;
28,25;
25,28;
28,26;
26,28;
29,5;
5,29;
29,6;
6,29;
29,15;
15,29;
29,36;
36,29;
30,11;
11,30;
30,24;
24,30;
30,31;
31,30;
31,23;
23,31;
31,24;
24,31;
31,25;
25,31;
31,30;
30,31;
31,32;
32,31;
32,24;
24,32;
32,31;
31,32;
32,35;
35,32;
33,3;
3,33;
33,4;
4,33;
33,12;
12,33;
33,13;
13,33;
33,26;
26,33;
34,5;
5,34;
34,13;
13,34;
34,14;
14,34;
35,12;
12,35;
35,25;
25,35;
35,26;
26,35;
35,32;
32,35;
36,6;
6,36;
36,14;
14,36;
36,15;
15,36;
36,29;
29,36;
}
label = {
1,1;
2,1;
3,1;
4,1;
5,1;
6,1;
7,1;
8,1;
9,1;
10,1;
11,1;
12,1;
13,1;
14,1;
15,1;
16,1;
17,1;
18,1;
19,2;
20,2;
21,2;
22,2;
23,2;
24,2;
25,2;
26,2;
27,2;
28,2;
29,2;
30,2;
31,2;
32,2;
33,2;
34,2;
35,2;
36,2;
}