edge = {
1,2;
2,1;
1,12;
12,1;
2,1;
1,2;
2,11;
11,2;
2,20;
20,2;
2,24;
24,2;
3,4;
4,3;
3,5;
5,3;
3,14;
14,3;
3,27;
27,3;
3,29;
29,3;
4,3;
3,4;
4,5;
5,4;
4,14;
14,4;
4,27;
27,4;
5,3;
3,5;
5,4;
4,5;
5,6;
6,5;
5,13;
13,5;
5,15;
15,5;
5,28;
28,5;
6,5;
5,6;
6,7;
7,6;
6,14;
14,6;
6,28;
28,6;
6,31;
31,6;
7,6;
6,7;
7,8;
8,7;
7,9;
9,7;
7,10;
10,7;
7,30;
30,7;
8,7;
7,8;
8,9;
9,8;
8,10;
10,8;
9,7;
7,9;
9,8;
8,9;
9,10;
10,9;
10,7;
7,10;
10,8;
8,10;
10,9;
9,10;
11,2;
2,11;
11,12;
12,11;
11,21;
21,11;
11,22;
22,11;
12,1;
1,12;
12,11;
11,12;
12,23;
23,12;
12,32;
32,12;
13,5;
5,13;
13,14;
14,13;
13,35;
35,13;
13,37;
37,13;
14,3;
3,14;
14,4;
4,14;
14,6;
6,14;
14,13;
13,14;
14,15;
15,14;
14,35;
35,14;
14,36;
36,14;
15,5;
5,15;
15,14;
14,15;
15,16;
16,15;
15,36;
36,15;
15,38;
38,15;
16,15;
15,16;
16,17;
17,16;
16,18;
18,16;
16,19;
19,16;
16,38;
38,16;
17,16;
16,17;
17,18;
18,17;
17,19;
19,17;
18,16;
16,18;
18,17;
17,18;
18,19;
19,18;
19,16;
16,19;
19,17;
17,19;
19,18;
18,19;
20,2;
2,20;
20,21;
21,20;
20,22;
22,20;
20,23;
23,20;
21,11;
11,21;
21,20;
20,21;
21,22;
22,21;
21,23;
23,21;
22,11;
11,22;
22,20;
20,22;
22,21;
21,22;
22,23;
23,22;
23,12;
12,23;
23,20;
20,23;
23,21;
21,23;
23,22;
22,23;
24,2;
2,24;
24,25;
25,24;
24,33;
33,24;
25,24;
24,25;
25,26;
26,25;
25,32;
32,25;
25,34;
34,25;
26,25;
25,26;
26,29;
29,26;
26,33;
33,26;
26,37;
37,26;
27,3;
3,27;
27,4;
4,27;
27,29;
29,27;
27,37;
37,27;
28,5;
5,28;
28,6;
6,28;
28,30;
30,28;
28,31;
31,28;
28,38;
38,28;
29,3;
3,29;
29,26;
26,29;
29,27;
27,29;
29,34;
34,29;
29,35;
35,29;
30,7;
7,30;
30,28;
28,30;
30,31;
31,30;
30,36;
36,30;
30,38;
38,30;
31,6;
6,31;
31,28;
28,31;
31,30;
30,31;
31,36;
36,31;
31,38;
38,31;
32,12;
12,32;
32,25;
25,32;
32,33;
33,32;
33,24;
24,33;
33,26;
26,33;
33,32;
32,33;
33,34;
34,33;
34,25;
25,34;
34,29;
29,34;
34,33;
33,34;
34,37;
37,34;
35,13;
13,35;
35,14;
14,35;
35,29;
29,35;
35,37;
37,35;
36,14;
14,36;
36,15;
15,36;
36,30;
30,36;
36,31;
31,36;
37,13;
13,37;
37,26;
26,37;
37,27;
27,37;
37,34;
34,37;
37,35;
35,37;
38,15;
15,38;
38,16;
16,38;
38,28;
28,38;
38,30;
30,38;
38,31;
31,38;
}
label = {
1,1;
2,1;
3,1;
4,1;
5,1;
6,1;
7,1;
8,1;
9,1;
10,1;
11,1;
12,1;
13,1;
14,1;
15,1;
16,1;
17,1;
18,1;
19,1;
20,2;
21,2;
22,2;
23,2;
24,2;
25,2;
26,2;
27,2;
28,2;
29,2;
30,2;
31,2;
32,2;
33,2;
34,2;
35,2;
36,2;
37,2;
38,2;
}