edge = {
1,2;
2,1;
1,11;
11,1;
1,19;
19,1;
1,27;
27,1;
2,1;
1,2;
2,3;
3,2;
2,10;
10,2;
2,19;
19,2;
2,25;
25,2;
2,27;
27,2;
3,2;
2,3;
3,4;
4,3;
3,13;
13,3;
3,24;
24,3;
3,25;
25,3;
4,3;
3,4;
4,5;
5,4;
4,12;
12,4;
4,23;
23,4;
4,24;
24,4;
5,4;
4,5;
5,6;
6,5;
5,15;
15,5;
5,21;
21,5;
5,22;
22,5;
6,5;
5,6;
6,7;
7,6;
6,14;
14,6;
6,16;
16,6;
6,21;
21,6;
7,6;
6,7;
7,8;
8,7;
7,9;
9,7;
7,15;
15,7;
7,17;
17,7;
8,7;
7,8;
8,9;
9,8;
8,16;
16,8;
8,17;
17,8;
8,18;
18,8;
8,20;
20,8;
9,7;
7,9;
9,8;
8,9;
9,17;
17,9;
9,26;
26,9;
10,2;
2,10;
10,11;
11,10;
10,27;
27,10;
11,1;
1,11;
11,10;
10,11;
11,12;
12,11;
11,33;
33,11;
12,4;
4,12;
12,11;
11,12;
12,13;
13,12;
12,32;
32,12;
12,33;
33,12;
13,3;
3,13;
13,12;
12,13;
13,31;
31,13;
13,32;
32,13;
14,6;
6,14;
14,15;
15,14;
14,29;
29,14;
14,30;
30,14;
15,5;
5,15;
15,7;
7,15;
15,14;
14,15;
15,16;
16,15;
15,29;
29,15;
16,6;
6,16;
16,8;
8,16;
16,15;
15,16;
16,17;
17,16;
16,18;
18,16;
17,7;
7,17;
17,8;
8,17;
17,9;
9,17;
17,16;
16,17;
17,18;
18,17;
17,28;
28,17;
18,8;
8,18;
18,16;
16,18;
18,17;
17,18;
18,34;
34,18;
19,1;
1,19;
19,2;
2,19;
20,8;
8,20;
20,26;
26,20;
20,34;
34,20;
21,5;
5,21;
21,6;
6,21;
21,22;
22,21;
21,30;
30,21;
22,5;
5,22;
22,21;
21,22;
22,23;
23,22;
22,29;
29,22;
22,31;
31,22;
23,4;
4,23;
23,22;
22,23;
23,24;
24,23;
23,30;
30,23;
23,32;
32,23;
24,3;
3,24;
24,4;
4,24;
24,23;
23,24;
24,25;
25,24;
24,31;
31,24;
24,33;
33,24;
25,2;
2,25;
25,3;
3,25;
25,24;
24,25;
25,32;
32,25;
26,9;
9,26;
26,20;
20,26;
26,28;
28,26;
26,34;
34,26;
27,1;
1,27;
27,2;
2,27;
27,10;
10,27;
28,17;
17,28;
28,26;
26,28;
28,34;
34,28;
29,14;
14,29;
29,15;
15,29;
29,22;
22,29;
29,30;
30,29;
30,14;
14,30;
30,21;
21,30;
30,23;
23,30;
30,29;
29,30;
30,31;
31,30;
31,13;
13,31;
31,22;
22,31;
31,24;
24,31;
31,30;
30,31;
31,32;
32,31;
32,12;
12,32;
32,13;
13,32;
32,23;
23,32;
32,25;
25,32;
32,31;
31,32;
32,33;
33,32;
33,11;
11,33;
33,12;
12,33;
33,24;
24,33;
33,32;
32,33;
34,18;
18,34;
34,20;
20,34;
34,26;
26,34;
34,28;
28,34;
}
label = {
1,1;
2,1;
3,1;
4,1;
5,1;
6,1;
7,1;
8,1;
9,1;
10,1;
11,1;
12,1;
13,1;
14,1;
15,1;
16,1;
17,1;
18,1;
19,2;
20,2;
21,2;
22,2;
23,2;
24,2;
25,2;
26,2;
27,2;
28,2;
29,2;
30,2;
31,2;
32,2;
33,2;
34,2;
}