edge = {
1,2;
2,1;
1,7;
7,1;
2,1;
1,2;
2,6;
6,2;
2,11;
11,2;
3,4;
4,3;
3,9;
9,3;
3,13;
13,3;
3,16;
16,3;
4,3;
3,4;
4,5;
5,4;
4,14;
14,4;
4,17;
17,4;
5,4;
4,5;
5,10;
10,5;
5,15;
15,5;
5,17;
17,5;
6,2;
2,6;
6,7;
7,6;
7,1;
1,7;
7,6;
6,7;
7,11;
11,7;
7,18;
18,7;
8,13;
13,8;
8,16;
16,8;
8,20;
20,8;
8,23;
23,8;
9,3;
3,9;
9,13;
13,9;
9,14;
14,9;
9,21;
21,9;
9,24;
24,9;
10,5;
5,10;
10,15;
15,10;
10,17;
17,10;
10,22;
22,10;
10,24;
24,10;
11,2;
2,11;
11,7;
7,11;
11,12;
12,11;
11,19;
19,11;
12,11;
11,12;
12,16;
16,12;
12,18;
18,12;
12,23;
23,12;
13,3;
3,13;
13,8;
8,13;
13,9;
9,13;
13,14;
14,13;
13,21;
21,13;
14,4;
4,14;
14,9;
9,14;
14,13;
13,14;
14,20;
20,14;
15,5;
5,15;
15,10;
10,15;
15,17;
17,15;
15,24;
24,15;
16,3;
3,16;
16,8;
8,16;
16,12;
12,16;
16,19;
19,16;
17,4;
4,17;
17,5;
5,17;
17,10;
10,17;
17,15;
15,17;
17,22;
22,17;
17,24;
24,17;
18,7;
7,18;
18,12;
12,18;
18,19;
19,18;
19,11;
11,19;
19,16;
16,19;
19,18;
18,19;
19,23;
23,19;
20,8;
8,20;
20,14;
14,20;
20,21;
21,20;
21,9;
9,21;
21,13;
13,21;
21,20;
20,21;
22,10;
10,22;
22,17;
17,22;
22,24;
24,22;
23,8;
8,23;
23,12;
12,23;
23,19;
19,23;
24,9;
9,24;
24,10;
10,24;
24,15;
15,24;
24,17;
17,24;
24,22;
22,24;
}
label = {
1,1;
2,1;
3,1;
4,1;
5,1;
6,1;
7,1;
8,1;
9,1;
10,1;
11,2;
12,2;
13,2;
14,2;
15,2;
16,2;
17,2;
18,2;
19,2;
20,2;
21,2;
22,2;
23,2;
24,2;
}