edge = {
1,2;
2,1;
1,7;
7,1;
2,1;
1,2;
2,6;
6,2;
2,11;
11,2;
3,4;
4,3;
3,9;
9,3;
3,14;
14,3;
3,17;
17,3;
4,3;
3,4;
4,5;
5,4;
4,15;
15,4;
4,18;
18,4;
5,4;
4,5;
5,10;
10,5;
5,16;
16,5;
5,18;
18,5;
6,2;
2,6;
6,7;
7,6;
7,1;
1,7;
7,6;
6,7;
7,11;
11,7;
7,19;
19,7;
8,14;
14,8;
8,17;
17,8;
8,22;
22,8;
8,24;
24,8;
9,3;
3,9;
9,14;
14,9;
9,15;
15,9;
9,23;
23,9;
9,25;
25,9;
10,5;
5,10;
10,16;
16,10;
10,25;
25,10;
11,2;
2,11;
11,7;
7,11;
11,12;
12,11;
11,20;
20,11;
12,11;
11,12;
12,13;
13,12;
12,19;
19,12;
12,21;
21,12;
13,12;
12,13;
13,17;
17,13;
13,20;
20,13;
13,24;
24,13;
14,3;
3,14;
14,8;
8,14;
14,9;
9,14;
14,15;
15,14;
14,23;
23,14;
15,4;
4,15;
15,9;
9,15;
15,14;
14,15;
15,22;
22,15;
15,23;
23,15;
16,5;
5,16;
16,10;
10,16;
16,18;
18,16;
16,25;
25,16;
17,3;
3,17;
17,8;
8,17;
17,13;
13,17;
17,21;
21,17;
18,4;
4,18;
18,5;
5,18;
18,16;
16,18;
18,25;
25,18;
19,7;
7,19;
19,12;
12,19;
19,20;
20,19;
20,11;
11,20;
20,13;
13,20;
20,19;
19,20;
20,21;
21,20;
21,12;
12,21;
21,17;
17,21;
21,20;
20,21;
21,24;
24,21;
22,8;
8,22;
22,15;
15,22;
22,23;
23,22;
23,9;
9,23;
23,14;
14,23;
23,15;
15,23;
23,22;
22,23;
24,8;
8,24;
24,13;
13,24;
24,21;
21,24;
25,9;
9,25;
25,10;
10,25;
25,16;
16,25;
25,18;
18,25;
}
label = {
1,1;
2,1;
3,1;
4,1;
5,1;
6,1;
7,1;
8,1;
9,1;
10,1;
11,2;
12,2;
13,2;
14,2;
15,2;
16,2;
17,2;
18,2;
19,2;
20,2;
21,2;
22,2;
23,2;
24,2;
25,2;
}