edge = {
1,2;
2,1;
1,3;
3,1;
1,4;
4,1;
2,1;
1,2;
2,3;
3,2;
2,4;
4,2;
3,1;
1,3;
3,2;
2,3;
3,4;
4,3;
4,1;
1,4;
4,2;
2,4;
4,3;
3,4;
4,5;
5,4;
5,4;
4,5;
5,6;
6,5;
5,7;
7,5;
6,5;
5,6;
6,7;
7,6;
6,8;
8,6;
7,5;
5,7;
7,6;
6,7;
7,8;
8,7;
8,6;
6,8;
8,7;
7,8;
8,9;
9,8;
8,29;
29,8;
9,8;
8,9;
9,10;
10,9;
9,11;
11,9;
9,30;
30,9;
10,9;
9,10;
10,11;
11,10;
10,12;
12,10;
10,29;
29,10;
10,30;
30,10;
11,9;
9,11;
11,10;
10,11;
11,12;
12,11;
11,29;
29,11;
11,30;
30,11;
12,10;
10,12;
12,11;
11,12;
12,13;
13,12;
12,14;
14,12;
12,15;
15,12;
13,12;
12,13;
13,14;
14,13;
13,15;
15,13;
14,12;
12,14;
14,13;
13,14;
14,15;
15,14;
15,12;
12,15;
15,13;
13,15;
15,14;
14,15;
15,31;
31,15;
16,17;
17,16;
16,32;
32,16;
16,34;
34,16;
17,16;
16,17;
17,18;
18,17;
17,19;
19,17;
18,17;
17,18;
18,19;
19,18;
18,20;
20,18;
19,17;
17,19;
19,18;
18,19;
19,20;
20,19;
20,18;
18,20;
20,19;
19,20;
20,21;
21,20;
20,35;
35,20;
20,36;
36,20;
21,20;
20,21;
21,22;
22,21;
21,23;
23,21;
21,36;
36,21;
22,21;
21,22;
22,23;
23,22;
22,24;
24,22;
22,35;
35,22;
22,36;
36,22;
23,21;
21,23;
23,22;
22,23;
23,24;
24,23;
24,22;
22,24;
24,23;
23,24;
24,37;
37,24;
24,38;
38,24;
25,26;
26,25;
25,27;
27,25;
25,39;
39,25;
26,25;
25,26;
26,27;
27,26;
26,28;
28,26;
26,40;
40,26;
26,41;
41,26;
27,25;
25,27;
27,26;
26,27;
27,28;
28,27;
27,40;
40,27;
27,41;
41,27;
28,26;
26,28;
28,27;
27,28;
28,41;
41,28;
29,8;
8,29;
29,10;
10,29;
29,11;
11,29;
29,30;
30,29;
30,9;
9,30;
30,10;
10,30;
30,11;
11,30;
30,29;
29,30;
31,15;
15,31;
31,32;
32,31;
31,33;
33,31;
31,34;
34,31;
32,16;
16,32;
32,31;
31,32;
32,33;
33,32;
32,34;
34,32;
33,31;
31,33;
33,32;
32,33;
33,34;
34,33;
34,16;
16,34;
34,31;
31,34;
34,32;
32,34;
34,33;
33,34;
35,20;
20,35;
35,22;
22,35;
35,36;
36,35;
36,20;
20,36;
36,21;
21,36;
36,22;
22,36;
36,35;
35,36;
37,24;
24,37;
37,38;
38,37;
37,39;
39,37;
38,24;
24,38;
38,37;
37,38;
38,39;
39,38;
39,25;
25,39;
39,37;
37,39;
39,38;
38,39;
39,40;
40,39;
40,26;
26,40;
40,27;
27,40;
40,39;
39,40;
40,41;
41,40;
41,26;
26,41;
41,27;
27,41;
41,28;
28,41;
41,40;
40,41;
}
label = {
1,1;
2,1;
3,1;
4,1;
5,1;
6,1;
7,1;
8,1;
9,1;
10,1;
11,1;
12,1;
13,1;
14,1;
15,1;
16,1;
17,1;
18,1;
19,1;
20,1;
21,1;
22,1;
23,1;
24,1;
25,1;
26,1;
27,1;
28,1;
29,2;
30,2;
31,2;
32,2;
33,2;
34,2;
35,2;
36,2;
37,2;
38,2;
39,2;
40,2;
41,2;
}