edge = {
1,2;
2,1;
1,8;
8,1;
2,1;
1,2;
2,7;
7,2;
2,12;
12,2;
3,4;
4,3;
3,5;
5,3;
3,15;
15,3;
3,18;
18,3;
4,3;
3,4;
4,5;
5,4;
4,6;
6,4;
4,9;
9,4;
4,10;
10,4;
4,11;
11,4;
4,16;
16,4;
5,3;
3,5;
5,4;
4,5;
5,6;
6,5;
5,19;
19,5;
6,4;
4,6;
6,5;
5,6;
6,11;
11,6;
6,17;
17,6;
6,19;
19,6;
7,2;
2,7;
7,8;
8,7;
8,1;
1,8;
8,7;
7,8;
8,20;
20,8;
9,4;
4,9;
9,10;
10,9;
9,23;
23,9;
9,26;
26,9;
10,4;
4,10;
10,9;
9,10;
10,11;
11,10;
10,24;
24,10;
10,27;
27,10;
11,4;
4,11;
11,6;
6,11;
11,10;
10,11;
11,25;
25,11;
11,27;
27,11;
12,2;
2,12;
12,13;
13,12;
12,21;
21,12;
13,12;
12,13;
13,14;
14,13;
13,20;
20,13;
13,21;
21,13;
13,22;
22,13;
14,13;
13,14;
14,18;
18,14;
14,21;
21,14;
14,26;
26,14;
15,3;
3,15;
15,16;
16,15;
15,24;
24,15;
16,4;
4,16;
16,15;
15,16;
16,23;
23,16;
17,6;
6,17;
17,19;
19,17;
17,27;
27,17;
18,3;
3,18;
18,14;
14,18;
18,22;
22,18;
19,5;
5,19;
19,6;
6,19;
19,17;
17,19;
19,25;
25,19;
19,27;
27,19;
20,8;
8,20;
20,13;
13,20;
20,21;
21,20;
21,12;
12,21;
21,13;
13,21;
21,14;
14,21;
21,20;
20,21;
21,22;
22,21;
22,13;
13,22;
22,18;
18,22;
22,21;
21,22;
22,26;
26,22;
23,9;
9,23;
23,16;
16,23;
23,24;
24,23;
24,10;
10,24;
24,15;
15,24;
24,23;
23,24;
25,11;
11,25;
25,19;
19,25;
25,27;
27,25;
26,9;
9,26;
26,14;
14,26;
26,22;
22,26;
27,10;
10,27;
27,11;
11,27;
27,17;
17,27;
27,19;
19,27;
27,25;
25,27;
}
label = {
1,1;
2,1;
3,1;
4,1;
5,1;
6,1;
7,1;
8,1;
9,1;
10,1;
11,1;
12,2;
13,2;
14,2;
15,2;
16,2;
17,2;
18,2;
19,2;
20,2;
21,2;
22,2;
23,2;
24,2;
25,2;
26,2;
27,2;
}