edge = {
1,2;
2,1;
1,15;
15,1;
2,1;
1,2;
2,3;
3,2;
2,28;
28,2;
2,29;
29,2;
3,2;
2,3;
3,4;
4,3;
3,5;
5,3;
3,16;
16,3;
3,28;
28,3;
4,3;
3,4;
4,5;
5,4;
4,6;
6,4;
5,3;
3,5;
5,4;
4,5;
5,6;
6,5;
5,27;
27,5;
6,4;
4,6;
6,5;
5,6;
6,7;
7,6;
6,19;
19,6;
6,27;
27,6;
6,32;
32,6;
7,6;
6,7;
7,8;
8,7;
7,20;
20,7;
7,32;
32,7;
8,7;
7,8;
8,9;
9,8;
8,19;
19,8;
8,21;
21,8;
8,30;
30,8;
9,8;
8,9;
9,20;
20,9;
9,21;
21,9;
9,30;
30,9;
9,31;
31,9;
10,11;
11,10;
10,12;
12,10;
10,24;
24,10;
10,31;
31,10;
11,10;
10,11;
11,12;
12,11;
11,24;
24,11;
12,10;
10,12;
12,11;
11,12;
12,13;
13,12;
12,23;
23,12;
12,25;
25,12;
13,12;
12,13;
13,24;
24,13;
13,25;
25,13;
13,34;
34,13;
14,26;
26,14;
14,37;
37,14;
14,40;
40,14;
15,1;
1,15;
15,16;
16,15;
15,29;
29,15;
15,39;
39,15;
15,40;
40,15;
16,3;
3,16;
16,15;
15,16;
16,17;
17,16;
16,39;
39,16;
17,16;
16,17;
17,18;
18,17;
17,27;
27,17;
17,28;
28,17;
17,38;
38,17;
17,39;
39,17;
18,17;
17,18;
18,27;
27,18;
18,32;
32,18;
18,33;
33,18;
18,38;
38,18;
19,6;
6,19;
19,8;
8,19;
19,20;
20,19;
19,33;
33,19;
20,7;
7,20;
20,9;
9,20;
20,19;
19,20;
20,21;
21,20;
20,41;
41,20;
21,8;
8,21;
21,9;
9,21;
21,20;
20,21;
21,41;
41,21;
21,42;
42,21;
22,23;
23,22;
22,24;
24,22;
22,31;
31,22;
22,42;
42,22;
23,12;
12,23;
23,22;
22,23;
23,24;
24,23;
24,10;
10,24;
24,11;
11,24;
24,13;
13,24;
24,22;
22,24;
24,23;
23,24;
24,25;
25,24;
25,12;
12,25;
25,13;
13,25;
25,24;
24,25;
25,43;
43,25;
26,14;
14,26;
26,29;
29,26;
26,40;
40,26;
27,5;
5,27;
27,6;
6,27;
27,17;
17,27;
27,18;
18,27;
27,32;
32,27;
27,33;
33,27;
28,2;
2,28;
28,3;
3,28;
28,17;
17,28;
28,29;
29,28;
29,2;
2,29;
29,15;
15,29;
29,26;
26,29;
29,28;
28,29;
29,37;
37,29;
29,39;
39,29;
30,8;
8,30;
30,9;
9,30;
30,31;
31,30;
30,42;
42,30;
31,9;
9,31;
31,10;
10,31;
31,22;
22,31;
31,30;
30,31;
31,41;
41,31;
31,42;
42,31;
32,6;
6,32;
32,7;
7,32;
32,18;
18,32;
32,27;
27,32;
32,33;
33,32;
32,38;
38,32;
33,18;
18,33;
33,19;
19,33;
33,27;
27,33;
33,32;
32,33;
33,38;
38,33;
34,13;
13,34;
34,35;
35,34;
34,43;
43,34;
34,44;
44,34;
35,34;
34,35;
35,36;
36,35;
35,43;
43,35;
35,45;
45,35;
36,35;
35,36;
36,44;
44,36;
36,45;
45,36;
37,14;
14,37;
37,29;
29,37;
37,40;
40,37;
38,17;
17,38;
38,18;
18,38;
38,32;
32,38;
38,33;
33,38;
39,15;
15,39;
39,16;
16,39;
39,17;
17,39;
39,29;
29,39;
40,14;
14,40;
40,15;
15,40;
40,26;
26,40;
40,37;
37,40;
41,20;
20,41;
41,21;
21,41;
41,31;
31,41;
41,42;
42,41;
42,21;
21,42;
42,22;
22,42;
42,30;
30,42;
42,31;
31,42;
42,41;
41,42;
43,25;
25,43;
43,34;
34,43;
43,35;
35,43;
43,44;
44,43;
44,34;
34,44;
44,36;
36,44;
44,43;
43,44;
44,45;
45,44;
45,35;
35,45;
45,36;
36,45;
45,44;
44,45;
}
label = {
1,1;
2,1;
3,1;
4,1;
5,1;
6,1;
7,1;
8,1;
9,1;
10,1;
11,1;
12,1;
13,1;
14,1;
15,1;
16,1;
17,1;
18,1;
19,1;
20,1;
21,1;
22,1;
23,1;
24,1;
25,1;
26,2;
27,2;
28,2;
29,2;
30,2;
31,2;
32,2;
33,2;
34,2;
35,2;
36,2;
37,2;
38,2;
39,2;
40,2;
41,2;
42,2;
43,2;
44,2;
45,2;
}