edge = {
1,2;
2,1;
1,9;
9,1;
2,1;
1,2;
2,3;
3,2;
2,8;
8,2;
2,16;
16,2;
2,22;
22,2;
3,2;
2,3;
3,4;
4,3;
3,11;
11,3;
3,16;
16,3;
4,3;
3,4;
4,10;
10,4;
4,18;
18,4;
5,6;
6,5;
5,13;
13,5;
5,19;
19,5;
5,20;
20,5;
6,5;
5,6;
6,7;
7,6;
6,14;
14,6;
6,20;
20,6;
7,6;
6,7;
7,13;
13,7;
7,14;
14,7;
7,15;
15,7;
7,21;
21,7;
8,2;
2,8;
8,9;
9,8;
8,22;
22,8;
8,27;
27,8;
9,1;
1,9;
9,8;
8,9;
9,10;
10,9;
9,16;
16,9;
9,22;
22,9;
9,27;
27,9;
10,4;
4,10;
10,9;
9,10;
10,11;
11,10;
11,3;
3,11;
11,10;
10,11;
11,12;
12,11;
11,23;
23,11;
12,11;
11,12;
12,13;
13,12;
12,24;
24,12;
12,25;
25,12;
13,5;
5,13;
13,7;
7,13;
13,12;
12,13;
13,14;
14,13;
13,15;
15,13;
13,25;
25,13;
14,6;
6,14;
14,7;
7,14;
14,13;
13,14;
14,15;
15,14;
14,26;
26,14;
15,7;
7,15;
15,13;
13,15;
15,14;
14,15;
15,26;
26,15;
16,2;
2,16;
16,3;
3,16;
16,9;
9,16;
16,22;
22,16;
16,27;
27,16;
17,20;
20,17;
17,21;
21,17;
17,26;
26,17;
18,4;
4,18;
18,19;
19,18;
18,24;
24,18;
19,5;
5,19;
19,18;
18,19;
19,20;
20,19;
19,23;
23,19;
19,25;
25,19;
20,5;
5,20;
20,6;
6,20;
20,17;
17,20;
20,19;
19,20;
20,21;
21,20;
20,24;
24,20;
20,26;
26,20;
21,7;
7,21;
21,17;
17,21;
21,20;
20,21;
22,2;
2,22;
22,8;
8,22;
22,9;
9,22;
22,16;
16,22;
22,27;
27,22;
23,11;
11,23;
23,19;
19,23;
23,24;
24,23;
24,12;
12,24;
24,18;
18,24;
24,20;
20,24;
24,23;
23,24;
24,25;
25,24;
25,12;
12,25;
25,13;
13,25;
25,19;
19,25;
25,24;
24,25;
26,14;
14,26;
26,15;
15,26;
26,17;
17,26;
26,20;
20,26;
27,8;
8,27;
27,9;
9,27;
27,16;
16,27;
27,22;
22,27;
}
label = {
1,1;
2,1;
3,1;
4,1;
5,1;
6,1;
7,1;
8,1;
9,1;
10,1;
11,1;
12,1;
13,1;
14,1;
15,1;
16,2;
17,2;
18,2;
19,2;
20,2;
21,2;
22,2;
23,2;
24,2;
25,2;
26,2;
27,2;
}