edge = {
1,2;
2,1;
1,10;
10,1;
2,1;
1,2;
2,3;
3,2;
2,11;
11,2;
2,17;
17,2;
3,2;
2,3;
3,4;
4,3;
3,11;
11,3;
3,12;
12,3;
3,18;
18,3;
4,3;
3,4;
4,5;
5,4;
4,11;
11,4;
4,13;
13,4;
5,4;
4,5;
5,6;
6,5;
5,12;
12,5;
6,5;
5,6;
6,7;
7,6;
6,15;
15,6;
7,6;
6,7;
7,8;
8,7;
7,14;
14,7;
7,16;
16,7;
8,7;
7,8;
8,15;
15,8;
8,16;
16,8;
9,10;
10,9;
9,17;
17,9;
9,19;
19,9;
10,1;
1,10;
10,9;
9,10;
10,17;
17,10;
10,18;
18,10;
10,19;
19,10;
11,2;
2,11;
11,3;
3,11;
11,4;
4,11;
11,12;
12,11;
11,20;
20,11;
12,3;
3,12;
12,5;
5,12;
12,11;
11,12;
12,13;
13,12;
13,4;
4,13;
13,12;
12,13;
13,14;
14,13;
14,7;
7,14;
14,13;
13,14;
14,15;
15,14;
15,6;
6,15;
15,8;
8,15;
15,14;
14,15;
15,16;
16,15;
16,7;
7,16;
16,8;
8,16;
16,15;
15,16;
17,2;
2,17;
17,9;
9,17;
17,10;
10,17;
17,18;
18,17;
17,20;
20,17;
18,3;
3,18;
18,10;
10,18;
18,17;
17,18;
18,19;
19,18;
18,20;
20,18;
19,9;
9,19;
19,10;
10,19;
19,18;
18,19;
19,20;
20,19;
20,11;
11,20;
20,17;
17,20;
20,18;
18,20;
20,19;
19,20;
}
label = {
1,1;
2,1;
3,1;
4,1;
5,1;
6,1;
7,1;
8,1;
9,1;
10,1;
11,1;
12,1;
13,1;
14,1;
15,1;
16,1;
17,2;
18,2;
19,2;
20,2;
}