edge = {
1,21;
21,1;
1,26;
26,1;
2,24;
24,2;
2,25;
25,2;
2,29;
29,2;
3,4;
4,3;
3,9;
9,3;
3,25;
25,3;
3,30;
30,3;
3,35;
35,3;
4,3;
3,4;
4,5;
5,4;
4,8;
8,4;
4,10;
10,4;
4,25;
25,4;
4,30;
30,4;
5,4;
4,5;
5,9;
9,5;
6,7;
7,6;
6,17;
17,6;
6,26;
26,6;
6,29;
29,6;
7,6;
6,7;
7,8;
8,7;
7,16;
16,7;
7,29;
29,7;
7,30;
30,7;
8,4;
4,8;
8,7;
7,8;
8,9;
9,8;
8,17;
17,8;
8,30;
30,8;
9,3;
3,9;
9,5;
5,9;
9,8;
8,9;
9,10;
10,9;
10,4;
4,10;
10,9;
9,10;
10,20;
20,10;
11,21;
21,11;
11,26;
26,11;
11,31;
31,11;
11,34;
34,11;
12,13;
13,12;
12,14;
14,12;
12,24;
24,12;
12,29;
29,12;
12,34;
34,12;
12,35;
35,12;
13,12;
12,13;
13,14;
14,13;
13,15;
15,13;
13,35;
35,13;
14,12;
12,14;
14,13;
13,14;
14,15;
15,14;
15,13;
13,15;
15,14;
14,15;
16,7;
7,16;
16,17;
17,16;
16,36;
36,16;
16,39;
39,16;
17,6;
6,17;
17,8;
8,17;
17,16;
16,17;
17,18;
18,17;
17,19;
19,17;
17,39;
39,17;
17,40;
40,17;
18,17;
17,18;
18,19;
19,18;
18,20;
20,18;
18,40;
40,18;
19,17;
17,19;
19,18;
18,19;
19,20;
20,19;
20,10;
10,20;
20,18;
18,20;
20,19;
19,20;
21,1;
1,21;
21,11;
11,21;
21,22;
22,21;
21,24;
24,21;
22,21;
21,22;
22,23;
23,22;
23,22;
22,23;
24,2;
2,24;
24,12;
12,24;
24,21;
21,24;
25,2;
2,25;
25,3;
3,25;
25,4;
4,25;
25,40;
40,25;
26,1;
1,26;
26,6;
6,26;
26,11;
11,26;
26,27;
27,26;
27,26;
26,27;
27,28;
28,27;
28,27;
27,28;
29,2;
2,29;
29,6;
6,29;
29,7;
7,29;
29,12;
12,29;
30,3;
3,30;
30,4;
4,30;
30,7;
7,30;
30,8;
8,30;
30,40;
40,30;
31,11;
11,31;
31,32;
32,31;
32,31;
31,32;
32,33;
33,32;
33,32;
32,33;
34,11;
11,34;
34,12;
12,34;
35,3;
3,35;
35,12;
12,35;
35,13;
13,35;
35,40;
40,35;
36,16;
16,36;
36,37;
37,36;
37,36;
36,37;
37,38;
38,37;
38,37;
37,38;
39,16;
16,39;
39,17;
17,39;
40,17;
17,40;
40,18;
18,40;
40,25;
25,40;
40,30;
30,40;
40,35;
35,40;
}
label = {
1,1;
2,1;
3,1;
4,1;
5,1;
6,1;
7,1;
8,1;
9,1;
10,1;
11,1;
12,1;
13,1;
14,1;
15,1;
16,1;
17,1;
18,1;
19,1;
20,1;
21,2;
22,2;
23,2;
24,2;
25,2;
26,2;
27,2;
28,2;
29,2;
30,2;
31,2;
32,2;
33,2;
34,2;
35,2;
36,2;
37,2;
38,2;
39,2;
40,2;
}