edge = {
1,8;
8,1;
1,15;
15,1;
2,4;
4,2;
2,5;
5,2;
2,11;
11,2;
2,13;
13,2;
2,20;
20,2;
3,6;
6,3;
3,7;
7,3;
3,14;
14,3;
4,2;
2,4;
4,5;
5,4;
4,15;
15,4;
5,2;
2,5;
5,4;
4,5;
5,6;
6,5;
5,7;
7,5;
5,18;
18,5;
5,20;
20,5;
6,3;
3,6;
6,5;
5,6;
6,7;
7,6;
6,21;
21,6;
7,3;
3,7;
7,5;
5,7;
7,6;
6,7;
8,1;
1,8;
8,9;
9,8;
8,16;
16,8;
9,8;
8,9;
9,10;
10,9;
9,15;
15,9;
9,17;
17,9;
10,9;
9,10;
10,13;
13,10;
10,16;
16,10;
10,20;
20,10;
11,2;
2,11;
11,12;
12,11;
11,19;
19,11;
12,11;
11,12;
12,14;
14,12;
12,18;
18,12;
12,21;
21,12;
13,2;
2,13;
13,10;
10,13;
13,17;
17,13;
14,3;
3,14;
14,12;
12,14;
14,19;
19,14;
14,21;
21,14;
15,1;
1,15;
15,4;
4,15;
15,9;
9,15;
15,16;
16,15;
16,8;
8,16;
16,10;
10,16;
16,15;
15,16;
16,17;
17,16;
17,9;
9,17;
17,13;
13,17;
17,16;
16,17;
17,20;
20,17;
18,5;
5,18;
18,12;
12,18;
18,19;
19,18;
19,11;
11,19;
19,14;
14,19;
19,18;
18,19;
19,21;
21,19;
20,2;
2,20;
20,5;
5,20;
20,10;
10,20;
20,17;
17,20;
21,6;
6,21;
21,12;
12,21;
21,14;
14,21;
21,19;
19,21;
}
label = {
1,1;
2,1;
3,1;
4,1;
5,1;
6,1;
7,1;
8,2;
9,2;
10,2;
11,2;
12,2;
13,2;
14,2;
15,2;
16,2;
17,2;
18,2;
19,2;
20,2;
21,2;
}