edge = {
1,2;
2,1;
1,15;
15,1;
2,1;
1,2;
2,3;
3,2;
2,14;
14,2;
2,17;
17,2;
3,2;
2,3;
3,4;
4,3;
3,17;
17,3;
4,3;
3,4;
4,5;
5,4;
4,16;
16,4;
5,4;
4,5;
5,6;
6,5;
5,19;
19,5;
6,5;
5,6;
6,7;
7,6;
6,18;
18,6;
7,6;
6,7;
7,8;
8,7;
7,9;
9,7;
7,19;
19,7;
8,7;
7,8;
8,9;
9,8;
8,10;
10,8;
9,7;
7,9;
9,8;
8,9;
9,10;
10,9;
10,8;
8,10;
10,9;
9,10;
10,11;
11,10;
10,22;
22,10;
10,24;
24,10;
11,10;
10,11;
11,12;
12,11;
11,22;
22,11;
11,23;
23,11;
12,11;
11,12;
12,27;
27,12;
12,30;
30,12;
13,28;
28,13;
13,29;
29,13;
13,32;
32,13;
14,2;
2,14;
14,15;
15,14;
15,1;
1,15;
15,14;
14,15;
15,16;
16,15;
16,4;
4,16;
16,15;
15,16;
16,17;
17,16;
17,2;
2,17;
17,3;
3,17;
17,16;
16,17;
17,18;
18,17;
18,6;
6,18;
18,17;
17,18;
18,19;
19,18;
19,5;
5,19;
19,7;
7,19;
19,18;
18,19;
19,20;
20,19;
20,19;
19,20;
20,21;
21,20;
20,22;
22,20;
21,20;
20,21;
21,22;
22,21;
21,23;
23,21;
22,10;
10,22;
22,11;
11,22;
22,20;
20,22;
22,21;
21,22;
22,23;
23,22;
23,11;
11,23;
23,21;
21,23;
23,22;
22,23;
23,24;
24,23;
24,10;
10,24;
24,23;
23,24;
24,25;
25,24;
25,24;
24,25;
25,27;
27,25;
25,30;
30,25;
26,28;
28,26;
26,32;
32,26;
27,12;
12,27;
27,25;
25,27;
27,28;
28,27;
27,30;
30,27;
27,31;
31,27;
28,13;
13,28;
28,26;
26,28;
28,27;
27,28;
28,29;
29,28;
28,30;
30,28;
28,32;
32,28;
29,13;
13,29;
29,28;
28,29;
29,31;
31,29;
29,32;
32,29;
30,12;
12,30;
30,25;
25,30;
30,27;
27,30;
30,28;
28,30;
30,31;
31,30;
31,27;
27,31;
31,29;
29,31;
31,30;
30,31;
31,32;
32,31;
32,13;
13,32;
32,26;
26,32;
32,28;
28,32;
32,29;
29,32;
32,31;
31,32;
}
label = {
1,1;
2,1;
3,1;
4,1;
5,1;
6,1;
7,1;
8,1;
9,1;
10,1;
11,1;
12,1;
13,1;
14,1;
15,1;
16,1;
17,1;
18,1;
19,1;
20,1;
21,1;
22,1;
23,1;
24,1;
25,1;
26,1;
27,2;
28,2;
29,2;
30,2;
31,2;
32,2;
}