edge = {
1,2;
2,1;
1,20;
20,1;
2,1;
1,2;
2,3;
3,2;
2,10;
10,2;
2,19;
19,2;
2,20;
20,2;
2,24;
24,2;
3,2;
2,3;
3,4;
4,3;
3,11;
11,3;
3,13;
13,3;
3,19;
19,3;
4,3;
3,4;
4,19;
19,4;
4,22;
22,4;
5,6;
6,5;
5,22;
22,5;
5,23;
23,5;
5,27;
27,5;
6,5;
5,6;
6,7;
7,6;
6,16;
16,6;
6,23;
23,6;
7,6;
6,7;
7,8;
8,7;
7,15;
15,7;
7,23;
23,7;
7,28;
28,7;
8,7;
7,8;
8,9;
9,8;
8,16;
16,8;
8,18;
18,8;
9,8;
8,9;
9,17;
17,9;
9,18;
18,9;
10,2;
2,10;
10,11;
11,10;
10,20;
20,10;
10,25;
25,10;
11,3;
3,11;
11,10;
10,11;
11,12;
12,11;
11,19;
19,11;
11,24;
24,11;
12,11;
11,12;
12,13;
13,12;
12,24;
24,12;
13,3;
3,13;
13,12;
12,13;
13,27;
27,13;
14,15;
15,14;
14,22;
22,14;
14,27;
27,14;
14,28;
28,14;
15,7;
7,15;
15,14;
14,15;
15,16;
16,15;
15,23;
23,15;
15,28;
28,15;
16,6;
6,16;
16,8;
8,16;
16,15;
15,16;
16,17;
17,16;
17,9;
9,17;
17,16;
16,17;
17,18;
18,17;
18,8;
8,18;
18,9;
9,18;
18,17;
17,18;
19,2;
2,19;
19,3;
3,19;
19,4;
4,19;
19,11;
11,19;
20,1;
1,20;
20,2;
2,20;
20,10;
10,20;
20,21;
21,20;
20,26;
26,20;
21,20;
20,21;
21,25;
25,21;
21,26;
26,21;
22,4;
4,22;
22,5;
5,22;
22,14;
14,22;
22,27;
27,22;
23,5;
5,23;
23,6;
6,23;
23,7;
7,23;
23,15;
15,23;
23,28;
28,23;
24,2;
2,24;
24,11;
11,24;
24,12;
12,24;
25,10;
10,25;
25,21;
21,25;
25,26;
26,25;
26,20;
20,26;
26,21;
21,26;
26,25;
25,26;
27,5;
5,27;
27,13;
13,27;
27,14;
14,27;
27,22;
22,27;
28,7;
7,28;
28,14;
14,28;
28,15;
15,28;
28,23;
23,28;
}
label = {
1,1;
2,1;
3,1;
4,1;
5,1;
6,1;
7,1;
8,1;
9,1;
10,1;
11,1;
12,1;
13,1;
14,1;
15,1;
16,1;
17,1;
18,1;
19,2;
20,2;
21,2;
22,2;
23,2;
24,2;
25,2;
26,2;
27,2;
28,2;
}