edge = {
1,18;
18,1;
1,28;
28,1;
2,3;
3,2;
2,11;
11,2;
2,21;
21,2;
2,26;
26,2;
3,2;
2,3;
3,4;
4,3;
3,8;
8,3;
4,3;
3,4;
4,17;
17,4;
4,22;
22,4;
5,17;
17,5;
5,22;
22,5;
5,27;
27,5;
5,32;
32,5;
6,15;
15,6;
6,23;
23,6;
6,26;
26,6;
7,8;
8,7;
7,14;
14,7;
7,16;
16,7;
7,26;
26,7;
8,3;
3,8;
8,7;
7,8;
8,13;
13,8;
8,27;
27,8;
9,16;
16,9;
9,17;
17,9;
9,27;
27,9;
10,18;
18,10;
10,28;
28,10;
10,31;
31,10;
11,2;
2,11;
11,12;
12,11;
11,21;
21,11;
11,31;
31,11;
12,11;
11,12;
12,22;
22,12;
12,27;
27,12;
12,32;
32,12;
13,8;
8,13;
13,17;
17,13;
13,32;
32,13;
14,7;
7,14;
14,33;
33,14;
14,36;
36,14;
15,6;
6,15;
15,16;
16,15;
15,36;
36,15;
16,7;
7,16;
16,9;
9,16;
16,15;
15,16;
16,37;
37,16;
17,4;
4,17;
17,5;
5,17;
17,9;
9,17;
17,13;
13,17;
17,37;
37,17;
18,1;
1,18;
18,10;
10,18;
18,19;
19,18;
18,21;
21,18;
19,18;
18,19;
19,20;
20,19;
20,19;
19,20;
21,2;
2,21;
21,11;
11,21;
21,18;
18,21;
22,4;
4,22;
22,5;
5,22;
22,12;
12,22;
22,27;
27,22;
22,37;
37,22;
23,6;
6,23;
23,24;
24,23;
24,23;
23,24;
24,25;
25,24;
25,24;
24,25;
26,2;
2,26;
26,6;
6,26;
26,7;
7,26;
27,5;
5,27;
27,8;
8,27;
27,9;
9,27;
27,12;
12,27;
27,22;
22,27;
27,32;
32,27;
27,37;
37,27;
28,1;
1,28;
28,10;
10,28;
28,29;
29,28;
29,28;
28,29;
29,30;
30,29;
30,29;
29,30;
31,10;
10,31;
31,11;
11,31;
32,5;
5,32;
32,12;
12,32;
32,13;
13,32;
32,27;
27,32;
32,37;
37,32;
33,14;
14,33;
33,34;
34,33;
34,33;
33,34;
34,35;
35,34;
35,34;
34,35;
36,14;
14,36;
36,15;
15,36;
37,16;
16,37;
37,17;
17,37;
37,22;
22,37;
37,27;
27,37;
37,32;
32,37;
}
label = {
1,1;
2,1;
3,1;
4,1;
5,1;
6,1;
7,1;
8,1;
9,1;
10,1;
11,1;
12,1;
13,1;
14,1;
15,1;
16,1;
17,1;
18,2;
19,2;
20,2;
21,2;
22,2;
23,2;
24,2;
25,2;
26,2;
27,2;
28,2;
29,2;
30,2;
31,2;
32,2;
33,2;
34,2;
35,2;
36,2;
37,2;
}