edge = {
1,2;
2,1;
1,11;
11,1;
1,12;
12,1;
2,1;
1,2;
2,3;
3,2;
2,4;
4,2;
2,11;
11,2;
2,12;
12,2;
2,13;
13,2;
3,2;
2,3;
3,4;
4,3;
3,5;
5,3;
3,13;
13,3;
4,2;
2,4;
4,3;
3,4;
4,5;
5,4;
4,6;
6,4;
5,3;
3,5;
5,4;
4,5;
5,6;
6,5;
5,7;
7,5;
6,4;
4,6;
6,5;
5,6;
6,7;
7,6;
7,5;
5,7;
7,6;
6,7;
7,8;
8,7;
7,9;
9,7;
7,10;
10,7;
8,7;
7,8;
8,9;
9,8;
8,10;
10,8;
9,7;
7,9;
9,8;
8,9;
9,10;
10,9;
9,14;
14,9;
10,7;
7,10;
10,8;
8,10;
10,9;
9,10;
10,14;
14,10;
10,15;
15,10;
11,1;
1,11;
11,2;
2,11;
11,12;
12,11;
11,13;
13,11;
12,1;
1,12;
12,2;
2,12;
12,11;
11,12;
12,13;
13,12;
13,2;
2,13;
13,3;
3,13;
13,11;
11,13;
13,12;
12,13;
14,9;
9,14;
14,10;
10,14;
14,15;
15,14;
14,16;
16,14;
14,17;
17,14;
15,10;
10,15;
15,14;
14,15;
15,16;
16,15;
15,17;
17,15;
15,18;
18,15;
16,14;
14,16;
16,15;
15,16;
16,17;
17,16;
16,18;
18,16;
17,14;
14,17;
17,15;
15,17;
17,16;
16,17;
17,18;
18,17;
18,15;
15,18;
18,16;
16,18;
18,17;
17,18;
}
label = {
1,1;
2,1;
3,1;
4,1;
5,1;
6,1;
7,1;
8,1;
9,1;
10,1;
11,2;
12,2;
13,2;
14,2;
15,2;
16,2;
17,2;
18,2;
}