edge = {
1,2;
2,1;
1,11;
11,1;
1,15;
15,1;
2,1;
1,2;
2,3;
3,2;
2,4;
4,2;
2,5;
5,2;
2,14;
14,2;
3,2;
2,3;
3,4;
4,3;
3,5;
5,3;
4,2;
2,4;
4,3;
3,4;
4,5;
5,4;
4,6;
6,4;
5,2;
2,5;
5,3;
3,5;
5,4;
4,5;
5,6;
6,5;
5,7;
7,5;
6,4;
4,6;
6,5;
5,6;
6,7;
7,6;
6,8;
8,6;
6,9;
9,6;
7,5;
5,7;
7,6;
6,7;
7,8;
8,7;
7,9;
9,7;
8,6;
6,8;
8,7;
7,8;
8,9;
9,8;
8,18;
18,8;
9,6;
6,9;
9,7;
7,9;
9,8;
8,9;
9,13;
13,9;
9,18;
18,9;
10,11;
11,10;
10,14;
14,10;
10,15;
15,10;
11,1;
1,11;
11,10;
10,11;
11,14;
14,11;
11,15;
15,11;
12,13;
13,12;
12,16;
16,12;
12,17;
17,12;
12,18;
18,12;
12,19;
19,12;
13,9;
9,13;
13,12;
12,13;
13,16;
16,13;
13,18;
18,13;
14,2;
2,14;
14,10;
10,14;
14,11;
11,14;
14,15;
15,14;
15,1;
1,15;
15,10;
10,15;
15,11;
11,15;
15,14;
14,15;
16,12;
12,16;
16,13;
13,16;
16,17;
17,16;
16,18;
18,16;
16,19;
19,16;
17,12;
12,17;
17,16;
16,17;
17,19;
19,17;
18,8;
8,18;
18,9;
9,18;
18,12;
12,18;
18,13;
13,18;
18,16;
16,18;
19,12;
12,19;
19,16;
16,19;
19,17;
17,19;
}
label = {
1,1;
2,1;
3,1;
4,1;
5,1;
6,1;
7,1;
8,1;
9,1;
10,2;
11,2;
12,2;
13,2;
14,2;
15,2;
16,2;
17,2;
18,2;
19,2;
}