edge = {
1,2;
2,1;
1,13;
13,1;
1,18;
18,1;
2,1;
1,2;
2,3;
3,2;
2,4;
4,2;
2,17;
17,2;
2,18;
18,2;
3,2;
2,3;
3,4;
4,3;
3,5;
5,3;
3,11;
11,3;
4,2;
2,4;
4,3;
3,4;
4,5;
5,4;
4,6;
6,4;
5,3;
3,5;
5,4;
4,5;
5,6;
6,5;
5,7;
7,5;
6,4;
4,6;
6,5;
5,6;
6,7;
7,6;
7,5;
5,7;
7,6;
6,7;
7,8;
8,7;
7,9;
9,7;
7,10;
10,7;
8,7;
7,8;
8,9;
9,8;
8,10;
10,8;
9,7;
7,9;
9,8;
8,9;
9,10;
10,9;
9,21;
21,9;
10,7;
7,10;
10,8;
8,10;
10,9;
9,10;
10,15;
15,10;
10,21;
21,10;
11,3;
3,11;
11,12;
12,11;
11,16;
16,11;
11,17;
17,11;
12,11;
11,12;
12,13;
13,12;
12,16;
16,12;
12,17;
17,12;
12,18;
18,12;
13,1;
1,13;
13,12;
12,13;
13,17;
17,13;
13,18;
18,13;
14,15;
15,14;
14,19;
19,14;
14,20;
20,14;
14,21;
21,14;
14,22;
22,14;
15,10;
10,15;
15,14;
14,15;
15,19;
19,15;
15,21;
21,15;
16,11;
11,16;
16,12;
12,16;
16,17;
17,16;
17,2;
2,17;
17,11;
11,17;
17,12;
12,17;
17,13;
13,17;
17,16;
16,17;
17,18;
18,17;
18,1;
1,18;
18,2;
2,18;
18,12;
12,18;
18,13;
13,18;
18,17;
17,18;
19,14;
14,19;
19,15;
15,19;
19,20;
20,19;
19,21;
21,19;
19,22;
22,19;
20,14;
14,20;
20,19;
19,20;
20,22;
22,20;
21,9;
9,21;
21,10;
10,21;
21,14;
14,21;
21,15;
15,21;
21,19;
19,21;
22,14;
14,22;
22,19;
19,22;
22,20;
20,22;
}
label = {
1,1;
2,1;
3,1;
4,1;
5,1;
6,1;
7,1;
8,1;
9,1;
10,1;
11,2;
12,2;
13,2;
14,2;
15,2;
16,2;
17,2;
18,2;
19,2;
20,2;
21,2;
22,2;
}