edge = {
1,2;
2,1;
1,11;
11,1;
1,22;
22,1;
2,1;
1,2;
2,21;
21,2;
2,26;
26,2;
2,27;
27,2;
3,4;
4,3;
3,5;
5,3;
3,14;
14,3;
3,20;
20,3;
4,3;
3,4;
4,5;
5,4;
4,6;
6,4;
5,3;
3,5;
5,4;
4,5;
5,6;
6,5;
5,7;
7,5;
5,12;
12,5;
6,4;
4,6;
6,5;
5,6;
6,7;
7,6;
7,5;
5,7;
7,6;
6,7;
7,8;
8,7;
8,7;
7,8;
8,9;
9,8;
8,30;
30,8;
8,42;
42,8;
9,8;
8,9;
9,10;
10,9;
9,30;
30,9;
9,42;
42,9;
10,9;
9,10;
10,24;
24,10;
10,30;
30,10;
10,42;
42,10;
11,1;
1,11;
11,22;
22,11;
11,38;
38,11;
11,39;
39,11;
12,5;
5,12;
12,13;
13,12;
12,14;
14,12;
12,32;
32,12;
13,12;
12,13;
13,14;
14,13;
13,15;
15,13;
14,3;
3,14;
14,12;
12,14;
14,13;
13,14;
14,15;
15,14;
14,16;
16,14;
15,13;
13,15;
15,14;
14,15;
15,16;
16,15;
16,14;
14,16;
16,15;
15,16;
16,17;
17,16;
16,18;
18,16;
16,19;
19,16;
17,16;
16,17;
17,18;
18,17;
17,19;
19,17;
18,16;
16,18;
18,17;
17,18;
18,19;
19,18;
18,42;
42,18;
19,16;
16,19;
19,17;
17,19;
19,18;
18,19;
19,36;
36,19;
19,42;
42,19;
20,3;
3,20;
20,25;
25,20;
21,2;
2,21;
21,25;
25,21;
21,26;
26,21;
22,1;
1,22;
22,11;
11,22;
22,27;
27,22;
23,24;
24,23;
23,28;
28,23;
23,29;
29,23;
23,36;
36,23;
23,40;
40,23;
24,10;
10,24;
24,23;
23,24;
24,28;
28,24;
25,20;
20,25;
25,21;
21,25;
26,2;
2,26;
26,21;
21,26;
27,2;
2,27;
27,22;
22,27;
28,23;
23,28;
28,24;
24,28;
28,35;
35,28;
28,36;
36,28;
29,23;
23,29;
29,31;
31,29;
29,43;
43,29;
30,8;
8,30;
30,9;
9,30;
30,10;
10,30;
31,29;
29,31;
31,41;
41,31;
31,43;
43,31;
32,12;
12,32;
32,37;
37,32;
33,37;
37,33;
33,38;
38,33;
34,39;
39,34;
35,28;
28,35;
35,40;
40,35;
35,41;
41,35;
36,19;
19,36;
36,23;
23,36;
36,28;
28,36;
36,40;
40,36;
37,32;
32,37;
37,33;
33,37;
38,11;
11,38;
38,33;
33,38;
39,11;
11,39;
39,34;
34,39;
40,23;
23,40;
40,35;
35,40;
40,36;
36,40;
41,31;
31,41;
41,35;
35,41;
41,43;
43,41;
42,8;
8,42;
42,9;
9,42;
42,10;
10,42;
42,18;
18,42;
42,19;
19,42;
43,29;
29,43;
43,31;
31,43;
43,41;
41,43;
}
label = {
1,1;
2,1;
3,1;
4,1;
5,1;
6,1;
7,1;
8,1;
9,1;
10,1;
11,1;
12,1;
13,1;
14,1;
15,1;
16,1;
17,1;
18,1;
19,1;
20,2;
21,2;
22,2;
23,2;
24,2;
25,2;
26,2;
27,2;
28,2;
29,2;
30,2;
31,2;
32,2;
33,2;
34,2;
35,2;
36,2;
37,2;
38,2;
39,2;
40,2;
41,2;
42,2;
43,2;
}