edge = {
1,2;
2,1;
1,4;
4,1;
1,8;
8,1;
1,13;
13,1;
2,1;
1,2;
2,3;
3,2;
2,4;
4,2;
2,5;
5,2;
2,8;
8,2;
2,10;
10,2;
2,13;
13,2;
3,2;
2,3;
3,4;
4,3;
3,13;
13,3;
4,1;
1,4;
4,2;
2,4;
4,3;
3,4;
4,5;
5,4;
5,2;
2,5;
5,4;
4,5;
5,6;
6,5;
5,7;
7,5;
5,14;
14,5;
6,5;
5,6;
6,7;
7,6;
6,10;
10,6;
6,14;
14,6;
7,5;
5,7;
7,6;
6,7;
7,11;
11,7;
7,15;
15,7;
8,1;
1,8;
8,2;
2,8;
8,13;
13,8;
9,11;
11,9;
9,12;
12,9;
9,15;
15,9;
10,2;
2,10;
10,6;
6,10;
10,11;
11,10;
10,12;
12,10;
10,14;
14,10;
11,7;
7,11;
11,9;
9,11;
11,10;
10,11;
11,12;
12,11;
11,14;
14,11;
11,15;
15,11;
12,9;
9,12;
12,10;
10,12;
12,11;
11,12;
12,14;
14,12;
12,15;
15,12;
13,1;
1,13;
13,2;
2,13;
13,3;
3,13;
13,8;
8,13;
14,5;
5,14;
14,6;
6,14;
14,10;
10,14;
14,11;
11,14;
14,12;
12,14;
15,7;
7,15;
15,9;
9,15;
15,11;
11,15;
15,12;
12,15;
}
label = {
1,1;
2,1;
3,1;
4,1;
5,1;
6,1;
7,1;
8,2;
9,2;
10,2;
11,2;
12,2;
13,2;
14,2;
15,2;
}