edge = {
1,2;
2,1;
1,3;
3,1;
1,4;
4,1;
1,10;
10,1;
2,1;
1,2;
2,4;
4,2;
2,10;
10,2;
2,11;
11,2;
3,1;
1,3;
3,4;
4,3;
3,10;
10,3;
4,1;
1,4;
4,2;
2,4;
4,3;
3,4;
4,5;
5,4;
4,9;
9,4;
5,4;
4,5;
5,6;
6,5;
5,12;
12,5;
6,5;
5,6;
6,7;
7,6;
6,11;
11,6;
7,6;
6,7;
7,8;
8,7;
7,14;
14,7;
8,7;
7,8;
8,13;
13,8;
8,14;
14,8;
9,4;
4,9;
9,10;
10,9;
10,1;
1,10;
10,2;
2,10;
10,3;
3,10;
10,9;
9,10;
11,2;
2,11;
11,6;
6,11;
11,12;
12,11;
12,5;
5,12;
12,11;
11,12;
12,13;
13,12;
13,8;
8,13;
13,12;
12,13;
13,14;
14,13;
14,7;
7,14;
14,8;
8,14;
14,13;
13,14;
}
label = {
1,1;
2,1;
3,2;
4,2;
5,2;
6,2;
7,2;
8,2;
9,2;
10,2;
11,2;
12,2;
13,2;
14,2;
}