edge = {
1,23;
23,1;
1,24;
24,1;
2,3;
3,2;
2,11;
11,2;
2,15;
15,2;
2,24;
24,2;
3,2;
2,3;
3,4;
4,3;
3,12;
12,3;
3,15;
15,3;
3,16;
16,3;
4,3;
3,4;
4,11;
11,4;
4,15;
15,4;
4,25;
25,4;
4,26;
26,4;
4,27;
27,4;
4,31;
31,4;
5,6;
6,5;
5,18;
18,5;
6,5;
5,6;
6,7;
7,6;
6,8;
8,6;
6,20;
20,6;
7,6;
6,7;
7,8;
8,7;
7,20;
20,7;
8,6;
6,8;
8,7;
7,8;
8,20;
20,8;
8,21;
21,8;
8,35;
35,8;
8,41;
41,8;
9,10;
10,9;
9,23;
23,9;
10,9;
9,10;
10,11;
11,10;
10,13;
13,10;
10,14;
14,10;
10,15;
15,10;
11,2;
2,11;
11,4;
4,11;
11,10;
10,11;
11,12;
12,11;
11,15;
15,11;
11,25;
25,11;
12,3;
3,12;
12,11;
11,12;
12,15;
15,12;
12,16;
16,12;
12,39;
39,12;
13,10;
10,13;
13,14;
14,13;
13,15;
15,13;
13,40;
40,13;
14,10;
10,14;
14,13;
13,14;
14,15;
15,14;
15,2;
2,15;
15,3;
3,15;
15,4;
4,15;
15,10;
10,15;
15,11;
11,15;
15,12;
12,15;
15,13;
13,15;
15,14;
14,15;
15,41;
41,15;
16,3;
3,16;
16,12;
12,16;
16,17;
17,16;
16,41;
41,16;
17,16;
16,17;
17,27;
27,17;
17,42;
42,17;
18,5;
5,18;
18,19;
19,18;
18,40;
40,18;
18,43;
43,18;
18,46;
46,18;
19,18;
18,19;
19,20;
20,19;
19,43;
43,19;
19,46;
46,19;
20,6;
6,20;
20,7;
7,20;
20,8;
8,20;
20,19;
19,20;
20,44;
44,20;
21,8;
8,21;
21,22;
22,21;
21,31;
31,21;
21,44;
44,21;
22,21;
21,22;
22,30;
30,22;
22,34;
34,22;
22,45;
45,22;
23,1;
1,23;
23,9;
9,23;
23,24;
24,23;
23,46;
46,23;
24,1;
1,24;
24,2;
2,24;
24,23;
23,24;
24,25;
25,24;
25,4;
4,25;
25,11;
11,25;
25,24;
24,25;
25,26;
26,25;
25,47;
47,25;
26,4;
4,26;
26,25;
25,26;
26,27;
27,26;
26,47;
47,26;
27,4;
4,27;
27,17;
17,27;
27,26;
26,27;
27,48;
48,27;
28,29;
29,28;
29,28;
28,29;
29,30;
30,29;
29,32;
32,29;
29,36;
36,29;
29,42;
42,29;
29,45;
45,29;
29,48;
48,29;
30,22;
22,30;
30,29;
29,30;
30,31;
31,30;
30,42;
42,30;
31,4;
4,31;
31,21;
21,31;
31,30;
30,31;
31,39;
39,31;
31,41;
41,31;
31,44;
44,31;
31,47;
47,31;
32,29;
29,32;
32,33;
33,32;
33,32;
32,33;
33,34;
34,33;
33,42;
42,33;
34,22;
22,34;
34,33;
33,34;
34,35;
35,34;
34,42;
42,34;
35,8;
8,35;
35,34;
34,35;
35,39;
39,35;
35,41;
41,35;
36,29;
29,36;
36,37;
37,36;
37,36;
36,37;
37,38;
38,37;
37,42;
42,37;
38,37;
37,38;
38,39;
39,38;
38,42;
42,38;
39,12;
12,39;
39,31;
31,39;
39,35;
35,39;
39,38;
38,39;
39,41;
41,39;
40,13;
13,40;
40,18;
18,40;
41,8;
8,41;
41,15;
15,41;
41,16;
16,41;
41,31;
31,41;
41,35;
35,41;
41,39;
39,41;
42,17;
17,42;
42,29;
29,42;
42,30;
30,42;
42,33;
33,42;
42,34;
34,42;
42,37;
37,42;
42,38;
38,42;
42,45;
45,42;
42,48;
48,42;
43,18;
18,43;
43,19;
19,43;
44,20;
20,44;
44,21;
21,44;
44,31;
31,44;
45,22;
22,45;
45,29;
29,45;
45,42;
42,45;
45,48;
48,45;
46,18;
18,46;
46,19;
19,46;
46,23;
23,46;
47,25;
25,47;
47,26;
26,47;
47,31;
31,47;
48,27;
27,48;
48,29;
29,48;
48,42;
42,48;
48,45;
45,48;
}
label = {
1,1;
2,1;
3,1;
4,1;
5,1;
6,1;
7,1;
8,1;
9,1;
10,1;
11,1;
12,1;
13,1;
14,1;
15,1;
16,1;
17,1;
18,1;
19,1;
20,1;
21,1;
22,1;
23,1;
24,1;
25,1;
26,1;
27,1;
28,2;
29,2;
30,2;
31,2;
32,2;
33,2;
34,2;
35,2;
36,2;
37,2;
38,2;
39,2;
40,2;
41,2;
42,2;
43,2;
44,2;
45,2;
46,2;
47,2;
48,2;
}