edge = {
1,20;
20,1;
1,21;
21,1;
2,3;
3,2;
2,4;
4,2;
2,10;
10,2;
2,14;
14,2;
2,21;
21,2;
3,2;
2,3;
3,4;
4,3;
3,11;
11,3;
3,14;
14,3;
3,15;
15,3;
4,2;
2,4;
4,3;
3,4;
4,10;
10,4;
4,14;
14,4;
4,23;
23,4;
4,29;
29,4;
5,6;
6,5;
5,17;
17,5;
6,5;
5,6;
6,7;
7,6;
6,17;
17,6;
6,18;
18,6;
7,6;
6,7;
7,18;
18,7;
7,33;
33,7;
7,39;
39,7;
7,42;
42,7;
8,9;
9,8;
8,20;
20,8;
9,8;
8,9;
9,10;
10,9;
9,11;
11,9;
9,12;
12,9;
9,13;
13,9;
9,14;
14,9;
9,22;
22,9;
10,2;
2,10;
10,4;
4,10;
10,9;
9,10;
10,11;
11,10;
10,14;
14,10;
10,22;
22,10;
11,3;
3,11;
11,9;
9,11;
11,10;
10,11;
11,14;
14,11;
11,15;
15,11;
11,16;
16,11;
11,37;
37,11;
12,9;
9,12;
12,13;
13,12;
12,14;
14,12;
12,38;
38,12;
13,9;
9,13;
13,12;
12,13;
13,14;
14,13;
14,2;
2,14;
14,3;
3,14;
14,4;
4,14;
14,9;
9,14;
14,10;
10,14;
14,11;
11,14;
14,12;
12,14;
14,13;
13,14;
14,39;
39,14;
15,3;
3,15;
15,11;
11,15;
15,16;
16,15;
15,39;
39,15;
16,11;
11,16;
16,15;
15,16;
16,24;
24,16;
16,40;
40,16;
17,5;
5,17;
17,6;
6,17;
17,18;
18,17;
17,38;
38,17;
17,41;
41,17;
17,44;
44,17;
18,6;
6,18;
18,7;
7,18;
18,17;
17,18;
18,42;
42,18;
19,24;
24,19;
19,28;
28,19;
19,32;
32,19;
19,36;
36,19;
19,42;
42,19;
19,43;
43,19;
20,1;
1,20;
20,8;
8,20;
20,21;
21,20;
20,44;
44,20;
21,1;
1,21;
21,2;
2,21;
21,20;
20,21;
21,22;
22,21;
22,9;
9,22;
22,10;
10,22;
22,21;
21,22;
22,23;
23,22;
22,45;
45,22;
23,4;
4,23;
23,22;
22,23;
23,24;
24,23;
23,45;
45,23;
24,16;
16,24;
24,19;
19,24;
24,23;
23,24;
24,46;
46,24;
25,26;
26,25;
25,30;
30,25;
25,34;
34,25;
26,25;
25,26;
26,27;
27,26;
27,26;
26,27;
27,28;
28,27;
27,30;
30,27;
27,34;
34,27;
27,40;
40,27;
27,43;
43,27;
27,46;
46,27;
28,19;
19,28;
28,27;
27,28;
28,29;
29,28;
28,40;
40,28;
29,4;
4,29;
29,28;
28,29;
29,37;
37,29;
29,39;
39,29;
29,42;
42,29;
29,45;
45,29;
30,25;
25,30;
30,27;
27,30;
30,31;
31,30;
31,30;
30,31;
31,32;
32,31;
31,40;
40,31;
32,19;
19,32;
32,31;
31,32;
32,33;
33,32;
32,40;
40,32;
33,7;
7,33;
33,32;
32,33;
33,37;
37,33;
33,39;
39,33;
34,25;
25,34;
34,27;
27,34;
34,35;
35,34;
35,34;
34,35;
35,36;
36,35;
35,40;
40,35;
36,19;
19,36;
36,35;
35,36;
36,37;
37,36;
36,40;
40,36;
37,11;
11,37;
37,29;
29,37;
37,33;
33,37;
37,36;
36,37;
37,39;
39,37;
38,12;
12,38;
38,17;
17,38;
39,7;
7,39;
39,14;
14,39;
39,15;
15,39;
39,29;
29,39;
39,33;
33,39;
39,37;
37,39;
40,16;
16,40;
40,27;
27,40;
40,28;
28,40;
40,31;
31,40;
40,32;
32,40;
40,35;
35,40;
40,36;
36,40;
40,43;
43,40;
40,46;
46,40;
41,17;
17,41;
42,7;
7,42;
42,18;
18,42;
42,19;
19,42;
42,29;
29,42;
43,19;
19,43;
43,27;
27,43;
43,40;
40,43;
43,46;
46,43;
44,17;
17,44;
44,20;
20,44;
45,22;
22,45;
45,23;
23,45;
45,29;
29,45;
46,24;
24,46;
46,27;
27,46;
46,40;
40,46;
46,43;
43,46;
}
label = {
1,1;
2,1;
3,1;
4,1;
5,1;
6,1;
7,1;
8,1;
9,1;
10,1;
11,1;
12,1;
13,1;
14,1;
15,1;
16,1;
17,1;
18,1;
19,1;
20,1;
21,1;
22,1;
23,1;
24,1;
25,2;
26,2;
27,2;
28,2;
29,2;
30,2;
31,2;
32,2;
33,2;
34,2;
35,2;
36,2;
37,2;
38,2;
39,2;
40,2;
41,2;
42,2;
43,2;
44,2;
45,2;
46,2;
}