edge = {
1,19;
19,1;
1,20;
20,1;
2,3;
3,2;
2,13;
13,2;
2,20;
20,2;
3,2;
2,3;
3,10;
10,3;
3,13;
13,3;
3,21;
21,3;
3,22;
22,3;
3,24;
24,3;
4,5;
5,4;
4,16;
16,4;
5,4;
4,5;
5,6;
6,5;
5,7;
7,5;
5,17;
17,5;
6,5;
5,6;
6,7;
7,6;
6,17;
17,6;
6,37;
37,6;
7,5;
5,7;
7,6;
6,7;
7,17;
17,7;
7,28;
28,7;
7,37;
37,7;
8,9;
9,8;
8,19;
19,8;
9,8;
8,9;
9,10;
10,9;
9,11;
11,9;
9,12;
12,9;
9,13;
13,9;
9,21;
21,9;
10,3;
3,10;
10,9;
9,10;
10,13;
13,10;
10,14;
14,10;
10,15;
15,10;
10,35;
35,10;
11,9;
9,11;
11,12;
12,11;
11,13;
13,11;
11,36;
36,11;
12,9;
9,12;
12,11;
11,12;
12,13;
13,12;
13,2;
2,13;
13,3;
3,13;
13,9;
9,13;
13,10;
10,13;
13,11;
11,13;
13,12;
12,13;
13,14;
14,13;
13,37;
37,13;
14,10;
10,14;
14,13;
13,14;
14,15;
15,14;
14,37;
37,14;
15,10;
10,15;
15,14;
14,15;
15,23;
23,15;
15,38;
38,15;
16,4;
4,16;
16,17;
17,16;
16,36;
36,16;
16,39;
39,16;
16,42;
42,16;
17,5;
5,17;
17,6;
6,17;
17,7;
7,17;
17,16;
16,17;
17,40;
40,17;
18,23;
23,18;
18,24;
24,18;
18,28;
28,18;
18,34;
34,18;
18,40;
40,18;
18,41;
41,18;
19,1;
1,19;
19,8;
8,19;
19,20;
20,19;
19,42;
42,19;
20,1;
1,20;
20,2;
2,20;
20,19;
19,20;
20,21;
21,20;
21,3;
3,21;
21,9;
9,21;
21,20;
20,21;
21,22;
22,21;
21,43;
43,21;
22,3;
3,22;
22,21;
21,22;
22,23;
23,22;
22,43;
43,22;
23,15;
15,23;
23,18;
18,23;
23,22;
22,23;
23,44;
44,23;
24,3;
3,24;
24,18;
18,24;
24,25;
25,24;
24,34;
34,24;
24,38;
38,24;
25,24;
24,25;
25,26;
26,25;
25,30;
30,25;
25,32;
32,25;
25,33;
33,25;
25,38;
38,25;
25,41;
41,25;
25,44;
44,25;
26,25;
25,26;
26,27;
27,26;
26,31;
31,26;
26,32;
32,26;
27,26;
26,27;
27,30;
30,27;
27,31;
31,27;
28,7;
7,28;
28,18;
18,28;
28,29;
29,28;
28,34;
34,28;
28,38;
38,28;
29,28;
28,29;
29,30;
30,29;
29,33;
33,29;
29,38;
38,29;
30,25;
25,30;
30,27;
27,30;
30,29;
29,30;
30,31;
31,30;
30,32;
32,30;
31,26;
26,31;
31,27;
27,31;
31,30;
30,31;
32,25;
25,32;
32,26;
26,32;
32,30;
30,32;
32,33;
33,32;
33,25;
25,33;
33,29;
29,33;
33,32;
32,33;
33,34;
34,33;
33,38;
38,33;
34,18;
18,34;
34,24;
24,34;
34,28;
28,34;
34,33;
33,34;
34,35;
35,34;
34,38;
38,34;
35,10;
10,35;
35,34;
34,35;
35,37;
37,35;
35,40;
40,35;
35,43;
43,35;
36,11;
11,36;
36,16;
16,36;
37,6;
6,37;
37,7;
7,37;
37,13;
13,37;
37,14;
14,37;
37,35;
35,37;
38,15;
15,38;
38,24;
24,38;
38,25;
25,38;
38,28;
28,38;
38,29;
29,38;
38,33;
33,38;
38,34;
34,38;
38,41;
41,38;
38,44;
44,38;
39,16;
16,39;
40,17;
17,40;
40,18;
18,40;
40,35;
35,40;
41,18;
18,41;
41,25;
25,41;
41,38;
38,41;
41,44;
44,41;
42,16;
16,42;
42,19;
19,42;
43,21;
21,43;
43,22;
22,43;
43,35;
35,43;
44,23;
23,44;
44,25;
25,44;
44,38;
38,44;
44,41;
41,44;
}
label = {
1,1;
2,1;
3,1;
4,1;
5,1;
6,1;
7,1;
8,1;
9,1;
10,1;
11,1;
12,1;
13,1;
14,1;
15,1;
16,1;
17,1;
18,1;
19,1;
20,1;
21,1;
22,1;
23,1;
24,2;
25,2;
26,2;
27,2;
28,2;
29,2;
30,2;
31,2;
32,2;
33,2;
34,2;
35,2;
36,2;
37,2;
38,2;
39,2;
40,2;
41,2;
42,2;
43,2;
44,2;
}