edge = {
1,2;
2,1;
1,25;
25,1;
1,30;
30,1;
2,1;
1,2;
2,3;
3,2;
2,4;
4,2;
2,6;
6,2;
2,25;
25,2;
2,30;
30,2;
3,2;
2,3;
3,8;
8,3;
3,26;
26,3;
3,31;
31,3;
4,2;
2,4;
4,5;
5,4;
4,30;
30,4;
5,4;
4,5;
5,6;
6,5;
5,30;
30,5;
6,2;
2,6;
6,5;
5,6;
6,27;
27,6;
6,31;
31,6;
6,37;
37,6;
7,8;
8,7;
7,25;
25,7;
7,35;
35,7;
8,3;
3,8;
8,7;
7,8;
8,9;
9,8;
8,25;
25,8;
8,35;
35,8;
9,8;
8,9;
9,26;
26,9;
9,36;
36,9;
10,26;
26,10;
10,27;
27,10;
10,36;
36,10;
11,12;
12,11;
11,28;
28,11;
12,11;
11,12;
12,13;
13,12;
12,16;
16,12;
12,18;
18,12;
12,21;
21,12;
12,23;
23,12;
12,29;
29,12;
13,12;
12,13;
13,14;
14,13;
13,17;
17,13;
13,19;
19,13;
13,22;
22,13;
13,24;
24,13;
13,29;
29,13;
14,13;
13,14;
14,24;
24,14;
15,31;
31,15;
15,32;
32,15;
15,36;
36,15;
16,12;
12,16;
16,17;
17,16;
16,33;
33,16;
17,13;
13,17;
17,16;
16,17;
17,18;
18,17;
18,12;
12,18;
18,17;
17,18;
18,19;
19,18;
19,13;
13,19;
19,18;
18,19;
19,24;
24,19;
20,36;
36,20;
20,37;
37,20;
21,12;
12,21;
21,22;
22,21;
21,38;
38,21;
22,13;
13,22;
22,21;
21,22;
22,34;
34,22;
23,12;
12,23;
23,24;
24,23;
23,39;
39,23;
24,13;
13,24;
24,14;
14,24;
24,19;
19,24;
24,23;
23,24;
25,1;
1,25;
25,2;
2,25;
25,7;
7,25;
25,8;
8,25;
26,3;
3,26;
26,9;
9,26;
26,10;
10,26;
27,6;
6,27;
27,10;
10,27;
27,28;
28,27;
27,31;
31,27;
28,11;
11,28;
28,27;
27,28;
28,29;
29,28;
28,31;
31,28;
28,32;
32,28;
29,12;
12,29;
29,13;
13,29;
29,28;
28,29;
29,39;
39,29;
30,1;
1,30;
30,2;
2,30;
30,4;
4,30;
30,5;
5,30;
31,3;
3,31;
31,6;
6,31;
31,15;
15,31;
31,27;
27,31;
31,28;
28,31;
31,37;
37,31;
31,38;
38,31;
32,15;
15,32;
32,28;
28,32;
32,33;
33,32;
32,38;
38,32;
33,16;
16,33;
33,32;
32,33;
34,22;
22,34;
34,38;
38,34;
34,39;
39,34;
35,7;
7,35;
35,8;
8,35;
36,9;
9,36;
36,10;
10,36;
36,15;
15,36;
36,20;
20,36;
37,6;
6,37;
37,20;
20,37;
37,31;
31,37;
37,38;
38,37;
38,21;
21,38;
38,31;
31,38;
38,32;
32,38;
38,34;
34,38;
38,37;
37,38;
38,39;
39,38;
39,23;
23,39;
39,29;
29,39;
39,34;
34,39;
39,38;
38,39;
}
label = {
1,1;
2,1;
3,1;
4,1;
5,1;
6,1;
7,1;
8,1;
9,1;
10,2;
11,2;
12,2;
13,2;
14,2;
15,2;
16,2;
17,2;
18,2;
19,2;
20,2;
21,2;
22,2;
23,2;
24,2;
25,3;
26,3;
27,3;
28,3;
29,3;
30,3;
31,3;
32,3;
33,3;
34,3;
35,3;
36,3;
37,3;
38,3;
39,3;
}