edge = {
1,2;
2,1;
1,3;
3,1;
1,10;
10,1;
2,1;
1,2;
2,3;
3,2;
2,4;
4,2;
2,9;
9,2;
3,1;
1,3;
3,2;
2,3;
3,4;
4,3;
3,10;
10,3;
4,2;
2,4;
4,3;
3,4;
4,10;
10,4;
4,11;
11,4;
4,12;
12,4;
4,17;
17,4;
5,6;
6,5;
5,7;
7,5;
5,10;
10,5;
6,5;
5,6;
6,7;
7,6;
6,8;
8,6;
7,5;
5,7;
7,6;
6,7;
7,8;
8,7;
7,12;
12,7;
8,6;
6,8;
8,7;
7,8;
8,12;
12,8;
8,22;
22,8;
9,2;
2,9;
9,10;
10,9;
9,11;
11,9;
10,1;
1,10;
10,3;
3,10;
10,4;
4,10;
10,5;
5,10;
10,9;
9,10;
10,11;
11,10;
10,12;
12,10;
11,4;
4,11;
11,9;
9,11;
11,10;
10,11;
11,12;
12,11;
12,4;
4,12;
12,7;
7,12;
12,8;
8,12;
12,10;
10,12;
12,11;
11,12;
12,23;
23,12;
13,14;
14,13;
13,26;
26,13;
14,13;
13,14;
14,15;
15,14;
14,18;
18,14;
14,20;
20,14;
14,24;
24,14;
14,25;
25,14;
14,26;
26,14;
15,14;
14,15;
15,16;
16,15;
15,19;
19,15;
15,21;
21,15;
15,23;
23,15;
15,24;
24,15;
15,25;
25,15;
16,15;
15,16;
16,17;
17,16;
16,22;
22,16;
16,23;
23,16;
17,4;
4,17;
17,16;
16,17;
17,21;
21,17;
17,22;
22,17;
18,14;
14,18;
18,19;
19,18;
18,26;
26,18;
19,15;
15,19;
19,18;
18,19;
19,20;
20,19;
19,25;
25,19;
20,14;
14,20;
20,19;
19,20;
20,21;
21,20;
20,24;
24,20;
21,15;
15,21;
21,17;
17,21;
21,20;
20,21;
21,22;
22,21;
21,23;
23,21;
22,8;
8,22;
22,16;
16,22;
22,17;
17,22;
22,21;
21,22;
23,12;
12,23;
23,15;
15,23;
23,16;
16,23;
23,21;
21,23;
23,24;
24,23;
24,14;
14,24;
24,15;
15,24;
24,20;
20,24;
24,23;
23,24;
24,25;
25,24;
25,14;
14,25;
25,15;
15,25;
25,19;
19,25;
25,24;
24,25;
25,26;
26,25;
26,13;
13,26;
26,14;
14,26;
26,18;
18,26;
26,25;
25,26;
}
label = {
1,1;
2,1;
3,1;
4,1;
5,1;
6,1;
7,1;
8,1;
9,1;
10,1;
11,1;
12,1;
13,2;
14,2;
15,2;
16,2;
17,2;
18,2;
19,2;
20,2;
21,2;
22,2;
23,2;
24,2;
25,2;
26,2;
}