edge = {
1,2;
2,1;
1,15;
15,1;
2,1;
1,2;
2,3;
3,2;
2,29;
29,2;
2,30;
30,2;
3,2;
2,3;
3,4;
4,3;
3,5;
5,3;
3,16;
16,3;
3,29;
29,3;
4,3;
3,4;
4,5;
5,4;
4,6;
6,4;
5,3;
3,5;
5,4;
4,5;
5,6;
6,5;
5,28;
28,5;
6,4;
4,6;
6,5;
5,6;
6,7;
7,6;
6,20;
20,6;
6,28;
28,6;
6,33;
33,6;
7,6;
6,7;
7,8;
8,7;
7,21;
21,7;
7,33;
33,7;
8,7;
7,8;
8,9;
9,8;
8,20;
20,8;
8,22;
22,8;
8,31;
31,8;
9,8;
8,9;
9,21;
21,9;
9,31;
31,9;
9,32;
32,9;
10,11;
11,10;
10,12;
12,10;
10,25;
25,10;
10,32;
32,10;
11,10;
10,11;
11,12;
12,11;
11,25;
25,11;
12,10;
10,12;
12,11;
11,12;
12,13;
13,12;
12,24;
24,12;
12,26;
26,12;
13,12;
12,13;
13,25;
25,13;
13,26;
26,13;
13,35;
35,13;
14,27;
27,14;
14,38;
38,14;
14,41;
41,14;
15,1;
1,15;
15,30;
30,15;
15,40;
40,15;
15,41;
41,15;
16,3;
3,16;
16,17;
17,16;
16,18;
18,16;
16,40;
40,16;
17,16;
16,17;
17,18;
18,17;
17,19;
19,17;
18,16;
16,18;
18,17;
17,18;
18,28;
28,18;
18,29;
29,18;
18,39;
39,18;
18,40;
40,18;
19,17;
17,19;
19,28;
28,19;
19,33;
33,19;
19,34;
34,19;
19,39;
39,19;
20,6;
6,20;
20,8;
8,20;
20,21;
21,20;
20,34;
34,20;
21,7;
7,21;
21,9;
9,21;
21,20;
20,21;
21,22;
22,21;
21,42;
42,21;
22,8;
8,22;
22,21;
21,22;
22,42;
42,22;
22,43;
43,22;
23,24;
24,23;
23,25;
25,23;
23,32;
32,23;
23,43;
43,23;
24,12;
12,24;
24,23;
23,24;
24,25;
25,24;
25,10;
10,25;
25,11;
11,25;
25,13;
13,25;
25,23;
23,25;
25,24;
24,25;
25,26;
26,25;
26,12;
12,26;
26,13;
13,26;
26,25;
25,26;
26,44;
44,26;
27,14;
14,27;
27,30;
30,27;
27,41;
41,27;
28,5;
5,28;
28,6;
6,28;
28,18;
18,28;
28,19;
19,28;
28,33;
33,28;
28,34;
34,28;
29,2;
2,29;
29,3;
3,29;
29,18;
18,29;
29,30;
30,29;
30,2;
2,30;
30,15;
15,30;
30,27;
27,30;
30,29;
29,30;
30,38;
38,30;
30,40;
40,30;
31,8;
8,31;
31,9;
9,31;
31,32;
32,31;
31,43;
43,31;
32,9;
9,32;
32,10;
10,32;
32,23;
23,32;
32,31;
31,32;
32,42;
42,32;
32,43;
43,32;
33,6;
6,33;
33,7;
7,33;
33,19;
19,33;
33,28;
28,33;
33,34;
34,33;
33,39;
39,33;
34,19;
19,34;
34,20;
20,34;
34,28;
28,34;
34,33;
33,34;
34,39;
39,34;
35,13;
13,35;
35,36;
36,35;
35,44;
44,35;
35,45;
45,35;
36,35;
35,36;
36,37;
37,36;
36,44;
44,36;
36,46;
46,36;
37,36;
36,37;
37,45;
45,37;
37,46;
46,37;
38,14;
14,38;
38,30;
30,38;
38,41;
41,38;
39,18;
18,39;
39,19;
19,39;
39,33;
33,39;
39,34;
34,39;
40,15;
15,40;
40,16;
16,40;
40,18;
18,40;
40,30;
30,40;
41,14;
14,41;
41,15;
15,41;
41,27;
27,41;
41,38;
38,41;
42,21;
21,42;
42,22;
22,42;
42,32;
32,42;
42,43;
43,42;
43,22;
22,43;
43,23;
23,43;
43,31;
31,43;
43,32;
32,43;
43,42;
42,43;
44,26;
26,44;
44,35;
35,44;
44,36;
36,44;
44,45;
45,44;
45,35;
35,45;
45,37;
37,45;
45,44;
44,45;
45,46;
46,45;
46,36;
36,46;
46,37;
37,46;
46,45;
45,46;
}
label = {
1,1;
2,1;
3,1;
4,1;
5,1;
6,1;
7,1;
8,1;
9,1;
10,1;
11,1;
12,1;
13,1;
14,1;
15,1;
16,1;
17,1;
18,1;
19,1;
20,1;
21,1;
22,1;
23,1;
24,1;
25,1;
26,1;
27,2;
28,2;
29,2;
30,2;
31,2;
32,2;
33,2;
34,2;
35,2;
36,2;
37,2;
38,2;
39,2;
40,2;
41,2;
42,2;
43,2;
44,2;
45,2;
46,2;
}