edge = {
1,2;
2,1;
1,5;
5,1;
1,17;
17,1;
2,1;
1,2;
2,3;
3,2;
2,17;
17,2;
2,18;
18,2;
3,2;
2,3;
3,17;
17,3;
3,18;
18,3;
3,24;
24,3;
4,5;
5,4;
4,22;
22,4;
5,1;
1,5;
5,4;
4,5;
5,6;
6,5;
5,22;
22,5;
5,23;
23,5;
6,5;
5,6;
6,22;
22,6;
6,23;
23,6;
7,18;
18,7;
7,19;
19,7;
7,20;
20,7;
8,9;
9,8;
8,20;
20,8;
9,8;
8,9;
9,10;
10,9;
9,13;
13,9;
9,15;
15,9;
9,21;
21,9;
10,9;
9,10;
10,11;
11,10;
10,14;
14,10;
10,16;
16,10;
10,21;
21,10;
11,10;
10,11;
11,15;
15,11;
11,16;
16,11;
12,19;
19,12;
12,20;
20,12;
12,23;
23,12;
12,24;
24,12;
13,9;
9,13;
13,14;
14,13;
13,20;
20,13;
13,25;
25,13;
14,10;
10,14;
14,13;
13,14;
14,15;
15,14;
14,26;
26,14;
15,9;
9,15;
15,11;
11,15;
15,14;
14,15;
15,16;
16,15;
15,21;
21,15;
15,26;
26,15;
16,10;
10,16;
16,11;
11,16;
16,15;
15,16;
17,1;
1,17;
17,2;
2,17;
17,3;
3,17;
18,2;
2,18;
18,3;
3,18;
18,7;
7,18;
18,24;
24,18;
18,25;
25,18;
19,7;
7,19;
19,12;
12,19;
19,20;
20,19;
20,7;
7,20;
20,8;
8,20;
20,12;
12,20;
20,13;
13,20;
20,19;
19,20;
21,9;
9,21;
21,10;
10,21;
21,15;
15,21;
21,26;
26,21;
22,4;
4,22;
22,5;
5,22;
22,6;
6,22;
22,23;
23,22;
23,5;
5,23;
23,6;
6,23;
23,12;
12,23;
23,22;
22,23;
24,3;
3,24;
24,12;
12,24;
24,18;
18,24;
24,25;
25,24;
24,26;
26,24;
25,13;
13,25;
25,18;
18,25;
25,24;
24,25;
25,26;
26,25;
26,14;
14,26;
26,15;
15,26;
26,21;
21,26;
26,24;
24,26;
26,25;
25,26;
}
label = {
1,1;
2,1;
3,1;
4,1;
5,1;
6,1;
7,2;
8,2;
9,2;
10,2;
11,2;
12,2;
13,2;
14,2;
15,2;
16,2;
17,3;
18,3;
19,3;
20,3;
21,3;
22,3;
23,3;
24,3;
25,3;
26,3;
}