edge = {
1,2;
2,1;
1,5;
5,1;
2,1;
1,2;
2,3;
3,2;
2,4;
4,2;
2,7;
7,2;
3,2;
2,3;
3,4;
4,3;
3,5;
5,3;
3,10;
10,3;
3,13;
13,3;
4,2;
2,4;
4,3;
3,4;
4,5;
5,4;
5,1;
1,5;
5,3;
3,5;
5,4;
4,5;
5,24;
24,5;
6,7;
7,6;
6,10;
10,6;
6,21;
21,6;
6,27;
27,6;
7,2;
2,7;
7,6;
6,7;
7,10;
10,7;
7,24;
24,7;
8,11;
11,8;
8,14;
14,8;
8,18;
18,8;
9,11;
11,9;
9,12;
12,9;
9,15;
15,9;
9,25;
25,9;
9,26;
26,9;
10,3;
3,10;
10,6;
6,10;
10,7;
7,10;
10,21;
21,10;
11,8;
8,11;
11,9;
9,11;
11,12;
12,11;
12,9;
9,12;
12,11;
11,12;
12,23;
23,12;
12,25;
25,12;
13,3;
3,13;
13,17;
17,13;
14,8;
8,14;
14,17;
17,14;
14,18;
18,14;
14,22;
22,14;
15,9;
9,15;
15,19;
19,15;
15,33;
33,15;
16,19;
19,16;
16,20;
20,16;
16,34;
34,16;
17,13;
13,17;
17,14;
14,17;
18,8;
8,18;
18,14;
14,18;
18,22;
22,18;
19,15;
15,19;
19,16;
16,19;
19,29;
29,19;
20,16;
16,20;
20,30;
30,20;
20,34;
34,20;
21,6;
6,21;
21,10;
10,21;
21,24;
24,21;
22,14;
14,22;
22,18;
18,22;
22,25;
25,22;
22,32;
32,22;
23,12;
12,23;
23,26;
26,23;
23,29;
29,23;
24,5;
5,24;
24,7;
7,24;
24,21;
21,24;
25,9;
9,25;
25,12;
12,25;
25,22;
22,25;
25,26;
26,25;
26,9;
9,26;
26,23;
23,26;
26,25;
25,26;
27,6;
6,27;
27,31;
31,27;
28,31;
31,28;
28,32;
32,28;
29,19;
19,29;
29,23;
23,29;
29,33;
33,29;
30,20;
20,30;
30,33;
33,30;
30,34;
34,30;
31,27;
27,31;
31,28;
28,31;
32,22;
22,32;
32,28;
28,32;
33,15;
15,33;
33,29;
29,33;
33,30;
30,33;
34,16;
16,34;
34,20;
20,34;
34,30;
30,34;
}
label = {
1,1;
2,1;
3,1;
4,1;
5,1;
6,1;
7,2;
8,2;
9,2;
10,2;
11,2;
12,2;
13,2;
14,2;
15,2;
16,2;
17,2;
18,2;
19,2;
20,2;
21,2;
22,2;
23,2;
24,2;
25,2;
26,2;
27,2;
28,2;
29,2;
30,2;
31,2;
32,2;
33,2;
34,2;
}