edge = {
1,2;
2,1;
1,4;
4,1;
1,11;
11,1;
2,1;
1,2;
2,4;
4,2;
2,11;
11,2;
3,4;
4,3;
3,11;
11,3;
4,1;
1,4;
4,2;
2,4;
4,3;
3,4;
4,11;
11,4;
4,16;
16,4;
5,6;
6,5;
5,12;
12,5;
5,13;
13,5;
5,16;
16,5;
5,17;
17,5;
6,5;
5,6;
6,7;
7,6;
6,8;
8,6;
6,10;
10,6;
6,13;
13,6;
6,14;
14,6;
7,6;
6,7;
7,9;
9,7;
7,10;
10,7;
7,14;
14,7;
7,15;
15,7;
7,19;
19,7;
7,20;
20,7;
8,6;
6,8;
8,16;
16,8;
8,17;
17,8;
8,18;
18,8;
9,7;
7,9;
9,10;
10,9;
9,18;
18,9;
9,19;
19,9;
10,6;
6,10;
10,7;
7,10;
10,9;
9,10;
10,19;
19,10;
10,20;
20,10;
11,1;
1,11;
11,2;
2,11;
11,3;
3,11;
11,4;
4,11;
11,12;
12,11;
11,18;
18,11;
12,5;
5,12;
12,11;
11,12;
12,13;
13,12;
12,14;
14,12;
12,18;
18,12;
13,5;
5,13;
13,6;
6,13;
13,12;
12,13;
13,15;
15,13;
14,6;
6,14;
14,7;
7,14;
14,12;
12,14;
14,15;
15,14;
14,18;
18,14;
15,7;
7,15;
15,13;
13,15;
15,14;
14,15;
15,18;
18,15;
16,4;
4,16;
16,5;
5,16;
16,8;
8,16;
16,17;
17,16;
17,5;
5,17;
17,8;
8,17;
17,16;
16,17;
18,8;
8,18;
18,9;
9,18;
18,11;
11,18;
18,12;
12,18;
18,14;
14,18;
18,15;
15,18;
18,20;
20,18;
19,7;
7,19;
19,9;
9,19;
19,10;
10,19;
19,20;
20,19;
20,7;
7,20;
20,10;
10,20;
20,18;
18,20;
20,19;
19,20;
}
label = {
1,1;
2,1;
3,1;
4,1;
5,2;
6,2;
7,2;
8,2;
9,2;
10,2;
11,3;
12,3;
13,3;
14,3;
15,3;
16,3;
17,3;
18,3;
19,3;
20,3;
}