edge = {
1,2;
2,1;
1,9;
9,1;
1,15;
15,1;
2,1;
1,2;
2,3;
3,2;
2,7;
7,2;
2,9;
9,2;
3,2;
2,3;
3,4;
4,3;
3,6;
6,3;
3,8;
8,3;
3,9;
9,3;
3,10;
10,3;
3,15;
15,3;
3,16;
16,3;
4,3;
3,4;
4,10;
10,4;
4,16;
16,4;
5,6;
6,5;
5,9;
9,5;
5,15;
15,5;
6,3;
3,6;
6,5;
5,6;
6,7;
7,6;
6,8;
8,6;
6,9;
9,6;
6,15;
15,6;
7,2;
2,7;
7,6;
6,7;
7,8;
8,7;
8,3;
3,8;
8,6;
6,8;
8,7;
7,8;
8,16;
16,8;
9,1;
1,9;
9,2;
2,9;
9,3;
3,9;
9,5;
5,9;
9,6;
6,9;
10,3;
3,10;
10,4;
4,10;
10,11;
11,10;
11,10;
10,11;
11,12;
12,11;
11,18;
18,11;
12,11;
11,12;
12,13;
13,12;
12,17;
17,12;
12,19;
19,12;
13,12;
12,13;
13,14;
14,13;
13,18;
18,13;
13,20;
20,13;
14,13;
13,14;
14,19;
19,14;
14,20;
20,14;
15,1;
1,15;
15,3;
3,15;
15,5;
5,15;
15,6;
6,15;
16,3;
3,16;
16,4;
4,16;
16,8;
8,16;
16,17;
17,16;
17,12;
12,17;
17,16;
16,17;
17,18;
18,17;
18,11;
11,18;
18,13;
13,18;
18,17;
17,18;
18,19;
19,18;
19,12;
12,19;
19,14;
14,19;
19,18;
18,19;
19,20;
20,19;
20,13;
13,20;
20,14;
14,20;
20,19;
19,20;
}
label = {
1,1;
2,1;
3,1;
4,1;
5,1;
6,1;
7,1;
8,1;
9,2;
10,2;
11,2;
12,2;
13,2;
14,2;
15,2;
16,2;
17,2;
18,2;
19,2;
20,2;
}