edge = {
1,2;
2,1;
1,3;
3,1;
2,1;
1,2;
2,3;
3,2;
2,7;
7,2;
2,8;
8,2;
3,1;
1,3;
3,2;
2,3;
3,5;
5,3;
3,6;
6,3;
3,7;
7,3;
3,9;
9,3;
4,5;
5,4;
4,8;
8,4;
4,14;
14,4;
5,3;
3,5;
5,4;
4,5;
5,6;
6,5;
5,7;
7,5;
5,8;
8,5;
5,14;
14,5;
6,3;
3,6;
6,5;
5,6;
6,7;
7,6;
7,2;
2,7;
7,3;
3,7;
7,5;
5,7;
7,6;
6,7;
7,15;
15,7;
8,2;
2,8;
8,4;
4,8;
8,5;
5,8;
8,9;
9,8;
9,3;
3,9;
9,8;
8,9;
9,10;
10,9;
9,14;
14,9;
9,16;
16,9;
10,9;
9,10;
10,11;
11,10;
10,15;
15,10;
10,17;
17,10;
11,10;
10,11;
11,12;
12,11;
11,16;
16,11;
11,18;
18,11;
12,11;
11,12;
12,13;
13,12;
12,17;
17,12;
12,19;
19,12;
13,12;
12,13;
13,18;
18,13;
13,19;
19,13;
14,4;
4,14;
14,5;
5,14;
14,9;
9,14;
15,7;
7,15;
15,10;
10,15;
15,16;
16,15;
16,9;
9,16;
16,11;
11,16;
16,15;
15,16;
16,17;
17,16;
17,10;
10,17;
17,12;
12,17;
17,16;
16,17;
17,18;
18,17;
18,11;
11,18;
18,13;
13,18;
18,17;
17,18;
18,19;
19,18;
19,12;
12,19;
19,13;
13,19;
19,18;
18,19;
}
label = {
1,1;
2,1;
3,1;
4,1;
5,1;
6,1;
7,1;
8,2;
9,2;
10,2;
11,2;
12,2;
13,2;
14,2;
15,2;
16,2;
17,2;
18,2;
19,2;
}