edge = {
1,2;
2,1;
1,3;
3,1;
2,1;
1,2;
2,3;
3,2;
2,6;
6,2;
2,7;
7,2;
3,1;
1,3;
3,2;
2,3;
3,5;
5,3;
3,6;
6,3;
3,8;
8,3;
4,5;
5,4;
4,7;
7,4;
4,13;
13,4;
5,3;
3,5;
5,4;
4,5;
5,6;
6,5;
5,7;
7,5;
5,13;
13,5;
6,2;
2,6;
6,3;
3,6;
6,5;
5,6;
6,14;
14,6;
7,2;
2,7;
7,4;
4,7;
7,5;
5,7;
7,8;
8,7;
8,3;
3,8;
8,7;
7,8;
8,9;
9,8;
8,13;
13,8;
8,15;
15,8;
9,8;
8,9;
9,10;
10,9;
9,14;
14,9;
9,16;
16,9;
10,9;
9,10;
10,11;
11,10;
10,15;
15,10;
10,17;
17,10;
11,10;
10,11;
11,12;
12,11;
11,16;
16,11;
11,18;
18,11;
12,11;
11,12;
12,17;
17,12;
12,18;
18,12;
13,4;
4,13;
13,5;
5,13;
13,8;
8,13;
14,6;
6,14;
14,9;
9,14;
14,15;
15,14;
15,8;
8,15;
15,10;
10,15;
15,14;
14,15;
15,16;
16,15;
16,9;
9,16;
16,11;
11,16;
16,15;
15,16;
16,17;
17,16;
17,10;
10,17;
17,12;
12,17;
17,16;
16,17;
17,18;
18,17;
18,11;
11,18;
18,12;
12,18;
18,17;
17,18;
}
label = {
1,1;
2,1;
3,1;
4,1;
5,1;
6,1;
7,2;
8,2;
9,2;
10,2;
11,2;
12,2;
13,2;
14,2;
15,2;
16,2;
17,2;
18,2;
}