edge = {
1,3;
3,1;
1,5;
5,1;
1,7;
7,1;
1,14;
14,1;
2,3;
3,2;
2,5;
5,2;
2,7;
7,2;
2,14;
14,2;
2,15;
15,2;
2,21;
21,2;
3,1;
1,3;
3,2;
2,3;
3,5;
5,3;
3,21;
21,3;
3,22;
22,3;
4,12;
12,4;
4,19;
19,4;
4,25;
25,4;
4,26;
26,4;
5,1;
1,5;
5,2;
2,5;
5,3;
3,5;
5,28;
28,5;
5,29;
29,5;
6,7;
7,6;
7,1;
1,7;
7,2;
2,7;
7,6;
6,7;
7,8;
8,7;
8,7;
7,8;
8,9;
9,8;
9,8;
8,9;
9,10;
10,9;
10,9;
9,10;
10,11;
11,10;
11,10;
10,11;
11,12;
12,11;
12,4;
4,12;
12,11;
11,12;
12,33;
33,12;
13,14;
14,13;
14,1;
1,14;
14,2;
2,14;
14,13;
13,14;
15,2;
2,15;
15,16;
16,15;
16,15;
15,16;
16,17;
17,16;
17,16;
16,17;
17,18;
18,17;
18,17;
17,18;
18,19;
19,18;
19,4;
4,19;
19,18;
18,19;
19,33;
33,19;
20,21;
21,20;
21,2;
2,21;
21,3;
3,21;
21,20;
20,21;
22,3;
3,22;
22,23;
23,22;
23,22;
22,23;
23,24;
24,23;
24,23;
23,24;
24,25;
25,24;
25,4;
4,25;
25,24;
24,25;
26,4;
4,26;
26,33;
33,26;
27,28;
28,27;
28,5;
5,28;
28,27;
27,28;
29,5;
5,29;
29,30;
30,29;
30,29;
29,30;
30,31;
31,30;
31,30;
30,31;
31,32;
32,31;
32,31;
31,32;
32,33;
33,32;
33,12;
12,33;
33,19;
19,33;
33,26;
26,33;
33,32;
32,33;
}
label = {
1,1;
2,1;
3,1;
4,1;
5,1;
6,2;
7,2;
8,2;
9,2;
10,2;
11,2;
12,2;
13,2;
14,2;
15,2;
16,2;
17,2;
18,2;
19,2;
20,2;
21,2;
22,2;
23,2;
24,2;
25,2;
26,2;
27,2;
28,2;
29,2;
30,2;
31,2;
32,2;
33,2;
}