edge = {
1,17;
17,1;
1,18;
18,1;
1,19;
19,1;
1,20;
20,1;
2,26;
26,2;
2,27;
27,2;
2,28;
28,2;
3,4;
4,3;
3,11;
11,3;
3,17;
17,3;
3,26;
26,3;
4,3;
3,4;
4,10;
10,4;
4,17;
17,4;
4,18;
18,4;
5,6;
6,5;
5,13;
13,5;
5,20;
20,5;
5,21;
21,5;
6,5;
5,6;
6,12;
12,6;
6,22;
22,6;
6,23;
23,6;
6,32;
32,6;
7,8;
8,7;
7,15;
15,7;
7,23;
23,7;
7,24;
24,7;
7,32;
32,7;
8,7;
7,8;
8,9;
9,8;
8,14;
14,8;
8,16;
16,8;
8,24;
24,8;
8,25;
25,8;
8,34;
34,8;
9,8;
8,9;
9,15;
15,9;
9,16;
16,9;
9,25;
25,9;
10,4;
4,10;
10,11;
11,10;
10,26;
26,10;
11,3;
3,11;
11,10;
10,11;
11,26;
26,11;
11,27;
27,11;
12,6;
6,12;
12,13;
13,12;
12,29;
29,12;
12,30;
30,12;
13,5;
5,13;
13,12;
12,13;
13,31;
31,13;
13,32;
32,13;
14,8;
8,14;
14,15;
15,14;
14,32;
32,14;
14,33;
33,14;
15,7;
7,15;
15,9;
9,15;
15,14;
14,15;
15,16;
16,15;
15,33;
33,15;
15,34;
34,15;
16,8;
8,16;
16,9;
9,16;
16,15;
15,16;
16,34;
34,16;
17,1;
1,17;
17,3;
3,17;
17,4;
4,17;
17,18;
18,17;
17,28;
28,17;
18,1;
1,18;
18,4;
4,18;
18,17;
17,18;
18,19;
19,18;
18,28;
28,18;
19,1;
1,19;
19,18;
18,19;
19,20;
20,19;
19,27;
27,19;
19,31;
31,19;
20,1;
1,20;
20,5;
5,20;
20,19;
19,20;
20,21;
21,20;
21,5;
5,21;
21,20;
20,21;
21,22;
22,21;
21,23;
23,21;
21,28;
28,21;
21,31;
31,21;
22,6;
6,22;
22,21;
21,22;
22,23;
23,22;
22,28;
28,22;
22,29;
29,22;
22,30;
30,22;
23,6;
6,23;
23,7;
7,23;
23,21;
21,23;
23,22;
22,23;
23,25;
25,23;
24,7;
7,24;
24,8;
8,24;
24,25;
25,24;
24,34;
34,24;
25,8;
8,25;
25,9;
9,25;
25,23;
23,25;
25,24;
24,25;
25,33;
33,25;
26,2;
2,26;
26,3;
3,26;
26,10;
10,26;
26,11;
11,26;
26,27;
27,26;
27,2;
2,27;
27,11;
11,27;
27,19;
19,27;
27,26;
26,27;
28,2;
2,28;
28,17;
17,28;
28,18;
18,28;
28,21;
21,28;
28,22;
22,28;
28,29;
29,28;
29,12;
12,29;
29,22;
22,29;
29,28;
28,29;
29,30;
30,29;
30,12;
12,30;
30,22;
22,30;
30,29;
29,30;
30,31;
31,30;
31,13;
13,31;
31,19;
19,31;
31,21;
21,31;
31,30;
30,31;
32,6;
6,32;
32,7;
7,32;
32,13;
13,32;
32,14;
14,32;
33,14;
14,33;
33,15;
15,33;
33,25;
25,33;
33,34;
34,33;
34,8;
8,34;
34,15;
15,34;
34,16;
16,34;
34,24;
24,34;
34,33;
33,34;
}
label = {
1,1;
2,1;
3,2;
4,2;
5,2;
6,2;
7,2;
8,2;
9,2;
10,2;
11,2;
12,2;
13,2;
14,2;
15,2;
16,2;
17,3;
18,3;
19,3;
20,3;
21,3;
22,3;
23,3;
24,3;
25,3;
26,3;
27,3;
28,3;
29,3;
30,3;
31,3;
32,3;
33,3;
34,3;
}