edge = {
1,25;
25,1;
1,28;
28,1;
1,36;
36,1;
2,3;
3,2;
2,13;
13,2;
2,14;
14,2;
2,27;
27,2;
2,28;
28,2;
2,39;
39,2;
3,2;
2,3;
3,4;
4,3;
3,15;
15,3;
3,27;
27,3;
4,3;
3,4;
4,5;
5,4;
4,26;
26,4;
4,37;
37,4;
5,4;
4,5;
5,26;
26,5;
5,31;
31,5;
5,37;
37,5;
6,7;
7,6;
6,17;
17,6;
6,19;
19,6;
6,31;
31,6;
7,6;
6,7;
7,8;
8,7;
7,18;
18,7;
7,20;
20,7;
7,29;
29,7;
8,7;
7,8;
8,19;
19,8;
8,29;
29,8;
8,30;
30,8;
9,10;
10,9;
9,11;
11,9;
9,23;
23,9;
9,30;
30,9;
10,9;
9,10;
10,11;
11,10;
10,23;
23,10;
11,9;
9,11;
11,10;
10,11;
11,12;
12,11;
11,21;
21,11;
11,22;
22,11;
11,24;
24,11;
12,11;
11,12;
12,23;
23,12;
12,24;
24,12;
12,33;
33,12;
13,2;
2,13;
13,14;
14,13;
13,36;
36,13;
13,39;
39,13;
14,2;
2,14;
14,13;
13,14;
14,15;
15,14;
14,16;
16,14;
14,38;
38,14;
14,39;
39,14;
15,3;
3,15;
15,14;
14,15;
15,16;
16,15;
15,38;
38,15;
16,14;
14,16;
16,15;
15,16;
16,17;
17,16;
16,37;
37,16;
17,6;
6,17;
17,16;
16,17;
17,18;
18,17;
17,32;
32,17;
17,37;
37,17;
18,7;
7,18;
18,17;
17,18;
18,19;
19,18;
18,32;
32,18;
19,6;
6,19;
19,8;
8,19;
19,18;
18,19;
19,20;
20,19;
19,40;
40,19;
20,7;
7,20;
20,19;
19,20;
20,40;
40,20;
20,41;
41,20;
21,11;
11,21;
21,22;
22,21;
21,23;
23,21;
21,41;
41,21;
22,11;
11,22;
22,21;
21,22;
22,23;
23,22;
23,9;
9,23;
23,10;
10,23;
23,12;
12,23;
23,21;
21,23;
23,22;
22,23;
23,24;
24,23;
24,11;
11,24;
24,12;
12,24;
24,23;
23,24;
24,42;
42,24;
25,1;
1,25;
25,28;
28,25;
25,39;
39,25;
26,4;
4,26;
26,5;
5,26;
26,31;
31,26;
26,32;
32,26;
27,2;
2,27;
27,3;
3,27;
27,28;
28,27;
27,39;
39,27;
28,1;
1,28;
28,2;
2,28;
28,25;
25,28;
28,27;
27,28;
28,36;
36,28;
28,38;
38,28;
29,7;
7,29;
29,8;
8,29;
29,30;
30,29;
29,41;
41,29;
30,8;
8,30;
30,9;
9,30;
30,29;
29,30;
30,40;
40,30;
30,41;
41,30;
31,5;
5,31;
31,6;
6,31;
31,26;
26,31;
31,32;
32,31;
31,37;
37,31;
32,17;
17,32;
32,18;
18,32;
32,26;
26,32;
32,31;
31,32;
32,37;
37,32;
33,12;
12,33;
33,34;
34,33;
33,43;
43,33;
34,33;
33,34;
34,35;
35,34;
34,42;
42,34;
34,44;
44,34;
35,34;
34,35;
35,43;
43,35;
35,44;
44,35;
36,1;
1,36;
36,13;
13,36;
36,28;
28,36;
36,39;
39,36;
37,4;
4,37;
37,5;
5,37;
37,16;
16,37;
37,17;
17,37;
37,31;
31,37;
37,32;
32,37;
38,14;
14,38;
38,15;
15,38;
38,28;
28,38;
38,39;
39,38;
39,2;
2,39;
39,13;
13,39;
39,14;
14,39;
39,25;
25,39;
39,27;
27,39;
39,36;
36,39;
39,38;
38,39;
40,19;
19,40;
40,20;
20,40;
40,30;
30,40;
40,41;
41,40;
41,20;
20,41;
41,21;
21,41;
41,29;
29,41;
41,30;
30,41;
41,40;
40,41;
42,24;
24,42;
42,34;
34,42;
42,43;
43,42;
43,33;
33,43;
43,35;
35,43;
43,42;
42,43;
43,44;
44,43;
44,34;
34,44;
44,35;
35,44;
44,43;
43,44;
}
label = {
1,1;
2,1;
3,1;
4,1;
5,1;
6,1;
7,1;
8,1;
9,1;
10,1;
11,1;
12,1;
13,1;
14,1;
15,1;
16,1;
17,1;
18,1;
19,1;
20,1;
21,1;
22,1;
23,1;
24,1;
25,2;
26,2;
27,2;
28,2;
29,2;
30,2;
31,2;
32,2;
33,2;
34,2;
35,2;
36,2;
37,2;
38,2;
39,2;
40,2;
41,2;
42,2;
43,2;
44,2;
}