edge = {
1,2;
2,1;
1,17;
17,1;
1,18;
18,1;
2,1;
1,2;
2,10;
10,2;
2,17;
17,2;
2,18;
18,2;
3,4;
4,3;
3,16;
16,3;
3,23;
23,3;
3,24;
24,3;
4,3;
3,4;
4,23;
23,4;
4,24;
24,4;
5,6;
6,5;
5,10;
10,5;
5,16;
16,5;
5,18;
18,5;
5,19;
19,5;
5,25;
25,5;
6,5;
5,6;
6,7;
7,6;
6,11;
11,6;
6,20;
20,6;
6,21;
21,6;
6,26;
26,6;
7,6;
6,7;
7,8;
8,7;
7,12;
12,7;
7,14;
14,7;
7,21;
21,7;
7,22;
22,7;
7,28;
28,7;
8,7;
7,8;
8,9;
9,8;
8,13;
13,8;
8,15;
15,8;
8,22;
22,8;
8,28;
28,8;
9,8;
8,9;
9,14;
14,9;
10,2;
2,10;
10,5;
5,10;
10,11;
11,10;
10,16;
16,10;
11,6;
6,11;
11,10;
10,11;
11,16;
16,11;
11,24;
24,11;
11,25;
25,11;
12,7;
7,12;
12,26;
26,12;
12,27;
27,12;
13,8;
8,13;
13,14;
14,13;
13,27;
27,13;
13,28;
28,13;
14,7;
7,14;
14,9;
9,14;
14,13;
13,14;
14,15;
15,14;
14,28;
28,14;
15,8;
8,15;
15,14;
14,15;
16,3;
3,16;
16,5;
5,16;
16,10;
10,16;
16,11;
11,16;
17,1;
1,17;
17,2;
2,17;
17,18;
18,17;
17,19;
19,17;
18,1;
1,18;
18,2;
2,18;
18,5;
5,18;
18,17;
17,18;
18,19;
19,18;
18,21;
21,18;
19,5;
5,19;
19,17;
17,19;
19,18;
18,19;
19,20;
20,19;
19,23;
23,19;
19,24;
24,19;
19,27;
27,19;
20,6;
6,20;
20,19;
19,20;
20,21;
21,20;
20,22;
22,20;
20,23;
23,20;
20,27;
27,20;
21,6;
6,21;
21,7;
7,21;
21,18;
18,21;
21,20;
20,21;
21,22;
22,21;
22,7;
7,22;
22,8;
8,22;
22,20;
20,22;
22,21;
21,22;
22,27;
27,22;
23,3;
3,23;
23,4;
4,23;
23,19;
19,23;
23,20;
20,23;
23,24;
24,23;
23,25;
25,23;
24,3;
3,24;
24,4;
4,24;
24,11;
11,24;
24,19;
19,24;
24,23;
23,24;
24,25;
25,24;
25,5;
5,25;
25,11;
11,25;
25,23;
23,25;
25,24;
24,25;
25,26;
26,25;
26,6;
6,26;
26,12;
12,26;
26,25;
25,26;
27,12;
12,27;
27,13;
13,27;
27,19;
19,27;
27,20;
20,27;
27,22;
22,27;
28,7;
7,28;
28,8;
8,28;
28,13;
13,28;
28,14;
14,28;
}
label = {
1,1;
2,1;
3,1;
4,1;
5,2;
6,2;
7,2;
8,2;
9,2;
10,2;
11,2;
12,2;
13,2;
14,2;
15,2;
16,2;
17,3;
18,3;
19,3;
20,3;
21,3;
22,3;
23,3;
24,3;
25,3;
26,3;
27,3;
28,3;
}