edge = {
1,17;
17,1;
1,18;
18,1;
1,19;
19,1;
1,20;
20,1;
2,26;
26,2;
2,27;
27,2;
2,28;
28,2;
2,29;
29,2;
3,4;
4,3;
3,5;
5,3;
3,6;
6,3;
3,17;
17,3;
4,3;
3,4;
4,5;
5,4;
4,6;
6,4;
4,17;
17,4;
4,18;
18,4;
5,3;
3,5;
5,4;
4,5;
5,6;
6,5;
5,20;
20,5;
5,21;
21,5;
6,3;
3,6;
6,4;
4,6;
6,5;
5,6;
6,7;
7,6;
6,8;
8,6;
6,9;
9,6;
6,22;
22,6;
6,23;
23,6;
7,6;
6,7;
7,8;
8,7;
7,9;
9,7;
7,23;
23,7;
7,24;
24,7;
8,6;
6,8;
8,7;
7,8;
8,9;
9,8;
8,24;
24,8;
8,25;
25,8;
9,6;
6,9;
9,7;
7,9;
9,8;
8,9;
9,25;
25,9;
10,11;
11,10;
10,26;
26,10;
10,27;
27,10;
11,10;
10,11;
11,12;
12,11;
11,26;
26,11;
11,27;
27,11;
12,11;
11,12;
12,13;
13,12;
12,29;
29,12;
12,30;
30,12;
13,12;
12,13;
13,14;
14,13;
13,31;
31,13;
13,32;
32,13;
14,13;
13,14;
14,15;
15,14;
14,16;
16,14;
14,32;
32,14;
14,33;
33,14;
15,14;
14,15;
15,16;
16,15;
15,33;
33,15;
15,34;
34,15;
16,14;
14,16;
16,15;
15,16;
16,34;
34,16;
17,1;
1,17;
17,3;
3,17;
17,4;
4,17;
17,18;
18,17;
17,19;
19,17;
18,1;
1,18;
18,4;
4,18;
18,17;
17,18;
18,19;
19,18;
19,1;
1,19;
19,17;
17,19;
19,18;
18,19;
19,20;
20,19;
19,21;
21,19;
19,22;
22,19;
20,1;
1,20;
20,5;
5,20;
20,19;
19,20;
20,21;
21,20;
21,5;
5,21;
21,19;
19,21;
21,20;
20,21;
21,22;
22,21;
21,23;
23,21;
22,6;
6,22;
22,19;
19,22;
22,21;
21,22;
22,23;
23,22;
22,24;
24,22;
22,25;
25,22;
23,6;
6,23;
23,7;
7,23;
23,21;
21,23;
23,22;
22,23;
23,24;
24,23;
23,25;
25,23;
24,7;
7,24;
24,8;
8,24;
24,22;
22,24;
24,23;
23,24;
24,25;
25,24;
25,8;
8,25;
25,9;
9,25;
25,22;
22,25;
25,23;
23,25;
25,24;
24,25;
26,2;
2,26;
26,10;
10,26;
26,11;
11,26;
26,27;
27,26;
27,2;
2,27;
27,10;
10,27;
27,11;
11,27;
27,26;
26,27;
27,28;
28,27;
28,2;
2,28;
28,27;
27,28;
28,29;
29,28;
28,30;
30,28;
28,31;
31,28;
29,2;
2,29;
29,12;
12,29;
29,28;
28,29;
29,30;
30,29;
30,12;
12,30;
30,28;
28,30;
30,29;
29,30;
30,31;
31,30;
30,32;
32,30;
31,13;
13,31;
31,28;
28,31;
31,30;
30,31;
31,32;
32,31;
31,33;
33,31;
32,13;
13,32;
32,14;
14,32;
32,30;
30,32;
32,31;
31,32;
32,33;
33,32;
33,14;
14,33;
33,15;
15,33;
33,31;
31,33;
33,32;
32,33;
33,34;
34,33;
34,15;
15,34;
34,16;
16,34;
34,33;
33,34;
}
label = {
1,1;
2,1;
3,2;
4,2;
5,2;
6,2;
7,2;
8,2;
9,2;
10,2;
11,2;
12,2;
13,2;
14,2;
15,2;
16,2;
17,3;
18,3;
19,3;
20,3;
21,3;
22,3;
23,3;
24,3;
25,3;
26,3;
27,3;
28,3;
29,3;
30,3;
31,3;
32,3;
33,3;
34,3;
}