edge = {
1,2;
2,1;
1,3;
3,1;
2,1;
1,2;
2,3;
3,2;
2,4;
4,2;
2,6;
6,2;
3,1;
1,3;
3,2;
2,3;
3,5;
5,3;
3,6;
6,3;
3,7;
7,3;
4,2;
2,4;
4,5;
5,4;
5,3;
3,5;
5,4;
4,5;
5,6;
6,5;
6,2;
2,6;
6,3;
3,6;
6,5;
5,6;
6,14;
14,6;
7,3;
3,7;
7,8;
8,7;
7,12;
12,7;
7,13;
13,7;
7,14;
14,7;
8,7;
7,8;
8,9;
9,8;
8,11;
11,8;
8,12;
12,8;
8,13;
13,8;
9,8;
8,9;
9,10;
10,9;
9,11;
11,9;
9,12;
12,9;
10,9;
9,10;
10,11;
11,10;
11,8;
8,11;
11,9;
9,11;
11,10;
10,11;
11,12;
12,11;
12,7;
7,12;
12,8;
8,12;
12,9;
9,12;
12,11;
11,12;
12,13;
13,12;
13,7;
7,13;
13,8;
8,13;
13,12;
12,13;
13,14;
14,13;
14,6;
6,14;
14,7;
7,14;
14,13;
13,14;
}
label = {
1,1;
2,1;
3,1;
4,1;
5,1;
6,1;
7,2;
8,2;
9,2;
10,2;
11,2;
12,2;
13,2;
14,2;
}