edge = {
1,14;
14,1;
1,17;
17,1;
1,23;
23,1;
2,5;
5,2;
2,17;
17,2;
2,18;
18,2;
2,22;
22,2;
3,13;
13,3;
3,17;
17,3;
3,18;
18,3;
3,19;
19,3;
3,23;
23,3;
4,15;
15,4;
4,20;
20,4;
4,24;
24,4;
5,2;
2,5;
5,8;
8,5;
5,13;
13,5;
5,17;
17,5;
5,22;
22,5;
6,8;
8,6;
6,14;
14,6;
6,18;
18,6;
7,8;
8,7;
7,15;
15,7;
7,19;
19,7;
8,5;
5,8;
8,6;
6,8;
8,7;
7,8;
8,16;
16,8;
8,20;
20,8;
9,12;
12,9;
9,42;
42,9;
9,46;
46,9;
9,49;
49,9;
9,50;
50,9;
10,12;
12,10;
10,42;
42,10;
10,50;
50,10;
11,12;
12,11;
11,42;
42,11;
11,51;
51,11;
12,9;
9,12;
12,10;
10,12;
12,11;
11,12;
12,52;
52,12;
13,3;
3,13;
13,5;
5,13;
13,18;
18,13;
13,19;
19,13;
14,1;
1,14;
14,6;
6,14;
14,17;
17,14;
14,18;
18,14;
15,4;
4,15;
15,7;
7,15;
15,16;
16,15;
15,19;
19,15;
15,20;
20,15;
16,8;
8,16;
16,15;
15,16;
16,20;
20,16;
17,1;
1,17;
17,2;
2,17;
17,3;
3,17;
17,5;
5,17;
17,14;
14,17;
17,21;
21,17;
18,2;
2,18;
18,3;
3,18;
18,6;
6,18;
18,13;
13,18;
18,14;
14,18;
19,3;
3,19;
19,7;
7,19;
19,13;
13,19;
19,15;
15,19;
19,20;
20,19;
20,4;
4,20;
20,8;
8,20;
20,15;
15,20;
20,16;
16,20;
20,19;
19,20;
21,17;
17,21;
21,25;
25,21;
21,27;
27,21;
22,2;
2,22;
22,5;
5,22;
22,26;
26,22;
23,1;
1,23;
23,3;
3,23;
23,25;
25,23;
23,27;
27,23;
24,4;
4,24;
24,28;
28,24;
24,31;
31,24;
24,32;
32,24;
25,21;
21,25;
25,23;
23,25;
25,29;
29,25;
25,31;
31,25;
26,22;
22,26;
26,30;
30,26;
26,34;
34,26;
27,21;
21,27;
27,23;
23,27;
27,31;
31,27;
28,24;
24,28;
28,32;
32,28;
28,36;
36,28;
29,25;
25,29;
29,33;
33,29;
29,35;
35,29;
30,26;
26,30;
30,34;
34,30;
30,38;
38,30;
31,24;
24,31;
31,25;
25,31;
31,27;
27,31;
31,35;
35,31;
32,24;
24,32;
32,28;
28,32;
32,36;
36,32;
33,29;
29,33;
33,37;
37,33;
33,39;
39,33;
34,26;
26,34;
34,30;
30,34;
34,37;
37,34;
34,38;
38,34;
35,29;
29,35;
35,31;
31,35;
35,36;
36,35;
35,39;
39,35;
35,40;
40,35;
36,28;
28,36;
36,32;
32,36;
36,35;
35,36;
36,40;
40,36;
37,33;
33,37;
37,34;
34,37;
37,41;
41,37;
38,30;
30,38;
38,34;
34,38;
38,42;
42,38;
39,33;
33,39;
39,35;
35,39;
39,40;
40,39;
39,43;
43,39;
40,35;
35,40;
40,36;
36,40;
40,39;
39,40;
40,44;
44,40;
41,37;
37,41;
41,45;
45,41;
41,46;
46,41;
42,9;
9,42;
42,10;
10,42;
42,11;
11,42;
42,38;
38,42;
42,46;
46,42;
43,39;
39,43;
43,45;
45,43;
43,47;
47,43;
43,49;
49,43;
44,40;
40,44;
44,48;
48,44;
44,51;
51,44;
44,52;
52,44;
45,41;
41,45;
45,43;
43,45;
45,49;
49,45;
46,9;
9,46;
46,41;
41,46;
46,42;
42,46;
46,50;
50,46;
47,43;
43,47;
47,48;
48,47;
47,49;
49,47;
47,51;
51,47;
47,52;
52,47;
48,44;
44,48;
48,47;
47,48;
48,52;
52,48;
49,9;
9,49;
49,43;
43,49;
49,45;
45,49;
49,47;
47,49;
50,9;
9,50;
50,10;
10,50;
50,46;
46,50;
51,11;
11,51;
51,44;
44,51;
51,47;
47,51;
52,12;
12,52;
52,44;
44,52;
52,47;
47,52;
52,48;
48,52;
}
label = {
1,1;
2,1;
3,1;
4,1;
5,2;
6,2;
7,2;
8,2;
9,2;
10,2;
11,2;
12,2;
13,3;
14,3;
15,3;
16,3;
17,3;
18,3;
19,3;
20,3;
21,3;
22,3;
23,3;
24,3;
25,3;
26,3;
27,3;
28,3;
29,3;
30,3;
31,3;
32,3;
33,3;
34,3;
35,3;
36,3;
37,3;
38,3;
39,3;
40,3;
41,3;
42,3;
43,3;
44,3;
45,3;
46,3;
47,3;
48,3;
49,3;
50,3;
51,3;
52,3;
}