edge = {
1,2;
2,1;
1,4;
4,1;
1,7;
7,1;
2,1;
1,2;
2,4;
4,2;
2,7;
7,2;
3,4;
4,3;
3,7;
7,3;
3,10;
10,3;
4,1;
1,4;
4,2;
2,4;
4,3;
3,4;
4,7;
7,4;
5,8;
8,5;
5,11;
11,5;
5,15;
15,5;
6,8;
8,6;
6,9;
9,6;
6,12;
12,6;
6,16;
16,6;
7,1;
1,7;
7,2;
2,7;
7,3;
3,7;
7,4;
4,7;
8,5;
5,8;
8,6;
6,8;
8,9;
9,8;
9,6;
6,9;
9,8;
8,9;
9,12;
12,9;
10,3;
3,10;
10,11;
11,10;
10,14;
14,10;
10,15;
15,10;
11,5;
5,11;
11,10;
10,11;
11,14;
14,11;
11,15;
15,11;
12,6;
6,12;
12,9;
9,12;
12,13;
13,12;
12,16;
16,12;
12,17;
17,12;
13,12;
12,13;
13,16;
16,13;
13,17;
17,13;
14,10;
10,14;
14,11;
11,14;
14,15;
15,14;
15,5;
5,15;
15,10;
10,15;
15,11;
11,15;
15,14;
14,15;
16,6;
6,16;
16,12;
12,16;
16,13;
13,16;
16,17;
17,16;
17,12;
12,17;
17,13;
13,17;
17,16;
16,17;
}
label = {
1,1;
2,1;
3,1;
4,2;
5,2;
6,2;
7,2;
8,2;
9,2;
10,2;
11,2;
12,2;
13,2;
14,2;
15,2;
16,2;
17,2;
}