edge = {
1,2;
2,1;
1,3;
3,1;
1,19;
19,1;
2,1;
1,2;
2,3;
3,2;
2,19;
19,2;
3,1;
1,3;
3,2;
2,3;
3,4;
4,3;
3,19;
19,3;
4,3;
3,4;
4,19;
19,4;
4,21;
21,4;
5,6;
6,5;
5,21;
21,5;
5,22;
22,5;
6,5;
5,6;
6,7;
7,6;
6,21;
21,6;
6,22;
22,6;
7,6;
6,7;
7,20;
20,7;
7,22;
22,7;
8,9;
9,8;
8,17;
17,8;
8,18;
18,8;
8,20;
20,8;
9,8;
8,9;
9,16;
16,9;
9,17;
17,9;
10,11;
11,10;
10,24;
24,10;
10,25;
25,10;
11,10;
10,11;
11,29;
29,11;
11,30;
30,11;
12,13;
13,12;
12,27;
27,12;
12,29;
29,12;
12,30;
30,12;
13,12;
12,13;
13,26;
26,13;
13,27;
27,13;
14,15;
15,14;
14,26;
26,14;
14,28;
28,14;
15,14;
14,15;
15,26;
26,15;
15,28;
28,15;
16,9;
9,16;
16,17;
17,16;
16,23;
23,16;
16,24;
24,16;
17,8;
8,17;
17,9;
9,17;
17,16;
16,17;
17,18;
18,17;
18,8;
8,18;
18,17;
17,18;
18,20;
20,18;
19,1;
1,19;
19,2;
2,19;
19,3;
3,19;
19,4;
4,19;
20,7;
7,20;
20,8;
8,20;
20,18;
18,20;
21,4;
4,21;
21,5;
5,21;
21,6;
6,21;
21,22;
22,21;
22,5;
5,22;
22,6;
6,22;
22,7;
7,22;
22,21;
21,22;
23,16;
16,23;
23,24;
24,23;
23,25;
25,23;
24,10;
10,24;
24,16;
16,24;
24,23;
23,24;
24,25;
25,24;
25,10;
10,25;
25,23;
23,25;
25,24;
24,25;
26,13;
13,26;
26,14;
14,26;
26,15;
15,26;
26,27;
27,26;
26,28;
28,26;
27,12;
12,27;
27,13;
13,27;
27,26;
26,27;
28,14;
14,28;
28,15;
15,28;
28,26;
26,28;
29,11;
11,29;
29,12;
12,29;
29,30;
30,29;
30,11;
11,30;
30,12;
12,30;
30,29;
29,30;
}
label = {
1,1;
2,1;
3,1;
4,1;
5,1;
6,1;
7,1;
8,1;
9,1;
10,1;
11,1;
12,1;
13,1;
14,1;
15,1;
16,2;
17,2;
18,2;
19,2;
20,2;
21,2;
22,2;
23,2;
24,2;
25,2;
26,2;
27,2;
28,2;
29,2;
30,2;
}