edge = {
1,2;
2,1;
1,6;
6,1;
2,1;
1,2;
2,5;
5,2;
2,16;
16,2;
3,4;
4,3;
3,8;
8,3;
3,16;
16,3;
4,3;
3,4;
4,7;
7,4;
4,8;
8,4;
4,12;
12,4;
5,2;
2,5;
5,6;
6,5;
6,1;
1,6;
6,5;
5,6;
6,16;
16,6;
6,24;
24,6;
7,4;
4,7;
7,8;
8,7;
7,24;
24,7;
8,3;
3,8;
8,4;
4,8;
8,7;
7,8;
8,20;
20,8;
9,13;
13,9;
10,14;
14,10;
10,15;
15,10;
10,22;
22,10;
11,12;
12,11;
11,15;
15,11;
11,20;
20,11;
11,23;
23,11;
12,4;
4,12;
12,11;
11,12;
12,19;
19,12;
12,24;
24,12;
13,9;
9,13;
13,14;
14,13;
14,10;
10,14;
14,13;
13,14;
14,18;
18,14;
15,10;
10,15;
15,11;
11,15;
15,19;
19,15;
16,2;
2,16;
16,3;
3,16;
16,6;
6,16;
16,24;
24,16;
17,21;
21,17;
18,14;
14,18;
18,22;
22,18;
18,23;
23,18;
19,12;
12,19;
19,15;
15,19;
19,20;
20,19;
19,23;
23,19;
20,8;
8,20;
20,11;
11,20;
20,19;
19,20;
20,24;
24,20;
21,17;
17,21;
21,22;
22,21;
22,10;
10,22;
22,18;
18,22;
22,21;
21,22;
23,11;
11,23;
23,18;
18,23;
23,19;
19,23;
24,6;
6,24;
24,7;
7,24;
24,12;
12,24;
24,16;
16,24;
24,20;
20,24;
}
label = {
1,1;
2,1;
3,1;
4,1;
5,1;
6,1;
7,1;
8,1;
9,2;
10,2;
11,2;
12,2;
13,2;
14,2;
15,2;
16,2;
17,2;
18,2;
19,2;
20,2;
21,2;
22,2;
23,2;
24,2;
}