edge = {
1,2;
2,1;
1,3;
3,1;
1,17;
17,1;
2,1;
1,2;
2,3;
3,2;
2,4;
4,2;
2,17;
17,2;
3,1;
1,3;
3,2;
2,3;
3,4;
4,3;
3,17;
17,3;
4,2;
2,4;
4,3;
3,4;
4,20;
20,4;
5,6;
6,5;
5,7;
7,5;
5,8;
8,5;
6,5;
5,6;
6,7;
7,6;
6,8;
8,6;
6,31;
31,6;
7,5;
5,7;
7,6;
6,7;
7,8;
8,7;
7,31;
31,7;
8,5;
5,8;
8,6;
6,8;
8,7;
7,8;
8,25;
25,8;
9,10;
10,9;
9,11;
11,9;
9,43;
43,9;
10,9;
9,10;
10,11;
11,10;
10,43;
43,10;
11,9;
9,11;
11,10;
10,11;
11,12;
12,11;
11,37;
37,11;
11,43;
43,11;
12,11;
11,12;
12,36;
36,12;
12,37;
37,12;
13,14;
14,13;
13,15;
15,13;
13,44;
44,13;
14,13;
13,14;
14,15;
15,14;
14,16;
16,14;
14,44;
44,14;
15,13;
13,15;
15,14;
14,15;
15,16;
16,15;
15,44;
44,15;
16,14;
14,16;
16,15;
15,16;
16,32;
32,16;
16,38;
38,16;
17,1;
1,17;
17,2;
2,17;
17,3;
3,17;
17,20;
20,17;
17,21;
21,17;
17,26;
26,17;
18,19;
19,18;
18,21;
21,18;
18,22;
22,18;
18,27;
27,18;
18,28;
28,18;
19,18;
18,19;
19,22;
22,19;
19,28;
28,19;
20,4;
4,20;
20,17;
17,20;
20,21;
21,20;
20,26;
26,20;
20,27;
27,20;
21,17;
17,21;
21,18;
18,21;
21,20;
20,21;
21,26;
26,21;
21,27;
27,21;
22,18;
18,22;
22,19;
19,22;
22,28;
28,22;
23,24;
24,23;
23,29;
29,23;
23,30;
30,23;
24,23;
23,24;
24,25;
25,24;
24,29;
29,24;
24,30;
30,24;
24,31;
31,24;
25,8;
8,25;
25,24;
24,25;
25,30;
30,25;
25,31;
31,25;
26,17;
17,26;
26,20;
20,26;
26,21;
21,26;
26,27;
27,26;
27,18;
18,27;
27,20;
20,27;
27,21;
21,27;
27,26;
26,27;
28,18;
18,28;
28,19;
19,28;
28,22;
22,28;
29,23;
23,29;
29,24;
24,29;
29,30;
30,29;
30,23;
23,30;
30,24;
24,30;
30,25;
25,30;
30,29;
29,30;
30,31;
31,30;
31,6;
6,31;
31,7;
7,31;
31,24;
24,31;
31,25;
25,31;
31,30;
30,31;
32,16;
16,32;
32,33;
33,32;
32,38;
38,32;
32,39;
39,32;
32,44;
44,32;
32,45;
45,32;
33,32;
32,33;
33,38;
38,33;
33,39;
39,33;
33,44;
44,33;
33,45;
45,33;
34,40;
40,34;
34,45;
45,34;
34,46;
46,34;
35,36;
36,35;
35,41;
41,35;
35,42;
42,35;
36,12;
12,36;
36,35;
35,36;
36,37;
37,36;
36,41;
41,36;
36,42;
42,36;
37,11;
11,37;
37,12;
12,37;
37,36;
36,37;
37,42;
42,37;
37,43;
43,37;
38,16;
16,38;
38,32;
32,38;
38,33;
33,38;
38,39;
39,38;
38,44;
44,38;
39,32;
32,39;
39,33;
33,39;
39,38;
38,39;
39,45;
45,39;
40,34;
34,40;
40,45;
45,40;
40,46;
46,40;
41,35;
35,41;
41,36;
36,41;
41,42;
42,41;
42,35;
35,42;
42,36;
36,42;
42,37;
37,42;
42,41;
41,42;
43,9;
9,43;
43,10;
10,43;
43,11;
11,43;
43,37;
37,43;
44,13;
13,44;
44,14;
14,44;
44,15;
15,44;
44,32;
32,44;
44,33;
33,44;
44,38;
38,44;
45,32;
32,45;
45,33;
33,45;
45,34;
34,45;
45,39;
39,45;
45,40;
40,45;
45,46;
46,45;
46,34;
34,46;
46,40;
40,46;
46,45;
45,46;
}
label = {
1,1;
2,1;
3,1;
4,1;
5,1;
6,1;
7,1;
8,1;
9,1;
10,1;
11,1;
12,1;
13,1;
14,1;
15,1;
16,1;
17,2;
18,2;
19,2;
20,2;
21,2;
22,2;
23,2;
24,2;
25,2;
26,2;
27,2;
28,2;
29,2;
30,2;
31,2;
32,2;
33,2;
34,2;
35,2;
36,2;
37,2;
38,2;
39,2;
40,2;
41,2;
42,2;
43,2;
44,2;
45,2;
46,2;
}