edge = {
1,2;
2,1;
1,5;
5,1;
1,10;
10,1;
2,1;
1,2;
2,5;
5,2;
2,10;
10,2;
3,5;
5,3;
3,9;
9,3;
3,10;
10,3;
4,6;
6,4;
4,7;
7,4;
4,11;
11,4;
4,12;
12,4;
4,13;
13,4;
5,1;
1,5;
5,2;
2,5;
5,3;
3,5;
5,9;
9,5;
5,10;
10,5;
6,4;
4,6;
6,7;
7,6;
6,8;
8,6;
6,9;
9,6;
6,11;
11,6;
6,12;
12,6;
7,4;
4,7;
7,6;
6,7;
7,12;
12,7;
7,13;
13,7;
8,6;
6,8;
8,9;
9,8;
8,11;
11,8;
9,3;
3,9;
9,5;
5,9;
9,6;
6,9;
9,8;
8,9;
9,10;
10,9;
10,1;
1,10;
10,2;
2,10;
10,3;
3,10;
10,5;
5,10;
10,9;
9,10;
11,4;
4,11;
11,6;
6,11;
11,8;
8,11;
12,4;
4,12;
12,6;
6,12;
12,7;
7,12;
12,13;
13,12;
13,4;
4,13;
13,7;
7,13;
13,12;
12,13;
}
label = {
1,1;
2,1;
3,1;
4,1;
5,2;
6,2;
7,2;
8,2;
9,2;
10,2;
11,2;
12,2;
13,2;
}