edge = {
1,2;
2,1;
1,6;
6,1;
2,1;
1,2;
2,5;
5,2;
2,9;
9,2;
3,4;
4,3;
3,7;
7,3;
3,8;
8,3;
3,14;
14,3;
4,3;
3,4;
4,7;
7,4;
4,8;
8,4;
4,13;
13,4;
5,2;
2,5;
5,6;
6,5;
6,1;
1,6;
6,5;
5,6;
6,18;
18,6;
7,3;
3,7;
7,4;
4,7;
7,8;
8,7;
7,18;
18,7;
8,3;
3,8;
8,4;
4,8;
8,7;
7,8;
8,21;
21,8;
9,2;
2,9;
9,13;
13,9;
9,14;
14,9;
10,12;
12,10;
10,15;
15,10;
10,22;
22,10;
11,15;
15,11;
11,16;
16,11;
11,17;
17,11;
11,20;
20,11;
11,23;
23,11;
11,24;
24,11;
12,10;
10,12;
12,13;
13,12;
12,15;
15,12;
12,21;
21,12;
12,22;
22,12;
13,4;
4,13;
13,9;
9,13;
13,12;
12,13;
13,14;
14,13;
13,18;
18,13;
13,21;
21,13;
13,22;
22,13;
14,3;
3,14;
14,9;
9,14;
14,13;
13,14;
15,10;
10,15;
15,11;
11,15;
15,12;
12,15;
15,22;
22,15;
16,11;
11,16;
16,17;
17,16;
16,20;
20,16;
17,11;
11,17;
17,16;
16,17;
17,23;
23,17;
17,24;
24,17;
18,6;
6,18;
18,7;
7,18;
18,13;
13,18;
19,20;
20,19;
19,22;
22,19;
20,11;
11,20;
20,16;
16,20;
20,19;
19,20;
20,23;
23,20;
21,8;
8,21;
21,12;
12,21;
21,13;
13,21;
21,22;
22,21;
22,10;
10,22;
22,12;
12,22;
22,13;
13,22;
22,15;
15,22;
22,19;
19,22;
22,21;
21,22;
23,11;
11,23;
23,17;
17,23;
23,20;
20,23;
23,24;
24,23;
24,11;
11,24;
24,17;
17,24;
24,23;
23,24;
}
label = {
1,1;
2,1;
3,1;
4,1;
5,1;
6,1;
7,1;
8,1;
9,2;
10,2;
11,2;
12,2;
13,2;
14,2;
15,2;
16,2;
17,2;
18,2;
19,2;
20,2;
21,2;
22,2;
23,2;
24,2;
}