edge = {
1,2;
2,1;
1,6;
6,1;
1,11;
11,1;
2,1;
1,2;
2,6;
6,2;
2,11;
11,2;
3,4;
4,3;
3,6;
6,3;
3,10;
10,3;
3,11;
11,3;
4,3;
3,4;
4,6;
6,4;
4,10;
10,4;
4,11;
11,4;
5,8;
8,5;
5,13;
13,5;
5,14;
14,5;
6,1;
1,6;
6,2;
2,6;
6,3;
3,6;
6,4;
4,6;
6,11;
11,6;
7,8;
8,7;
7,9;
9,7;
7,12;
12,7;
7,13;
13,7;
8,5;
5,8;
8,7;
7,8;
8,12;
12,8;
8,13;
13,8;
8,14;
14,8;
9,7;
7,9;
9,10;
10,9;
9,12;
12,9;
10,3;
3,10;
10,4;
4,10;
10,9;
9,10;
11,1;
1,11;
11,2;
2,11;
11,3;
3,11;
11,4;
4,11;
11,6;
6,11;
12,7;
7,12;
12,8;
8,12;
12,9;
9,12;
13,5;
5,13;
13,7;
7,13;
13,8;
8,13;
13,14;
14,13;
14,5;
5,14;
14,8;
8,14;
14,13;
13,14;
}
label = {
1,1;
2,1;
3,1;
4,1;
5,1;
6,2;
7,2;
8,2;
9,2;
10,2;
11,2;
12,2;
13,2;
14,2;
}