edge = {
1,2;
2,1;
1,11;
11,1;
1,20;
20,1;
2,1;
1,2;
2,3;
3,2;
2,11;
11,2;
2,20;
20,2;
3,2;
2,3;
3,15;
15,3;
3,24;
24,3;
4,5;
5,4;
4,12;
12,4;
4,21;
21,4;
5,4;
4,5;
5,17;
17,5;
5,26;
26,5;
6,7;
7,6;
6,11;
11,6;
6,20;
20,6;
7,6;
6,7;
7,8;
8,7;
7,9;
9,7;
7,20;
20,7;
8,7;
7,8;
8,9;
9,8;
8,15;
15,8;
8,24;
24,8;
9,7;
7,9;
9,8;
8,9;
9,10;
10,9;
9,21;
21,9;
10,9;
9,10;
10,17;
17,10;
10,26;
26,10;
11,1;
1,11;
11,2;
2,11;
11,6;
6,11;
12,4;
4,12;
12,16;
16,12;
12,25;
25,12;
13,14;
14,13;
13,17;
17,13;
13,26;
26,13;
14,13;
13,14;
14,18;
18,14;
14,27;
27,14;
15,3;
3,15;
15,8;
8,15;
15,16;
16,15;
15,25;
25,15;
16,12;
12,16;
16,15;
15,16;
16,21;
21,16;
16,24;
24,16;
17,5;
5,17;
17,10;
10,17;
17,13;
13,17;
17,22;
22,17;
18,14;
14,18;
18,19;
19,18;
18,23;
23,18;
18,28;
28,18;
19,18;
18,19;
19,27;
27,19;
19,28;
28,19;
20,1;
1,20;
20,2;
2,20;
20,6;
6,20;
20,7;
7,20;
21,4;
4,21;
21,9;
9,21;
21,16;
16,21;
21,25;
25,21;
22,17;
17,22;
22,23;
23,22;
22,26;
26,22;
23,18;
18,23;
23,22;
22,23;
23,27;
27,23;
24,3;
3,24;
24,8;
8,24;
24,16;
16,24;
24,25;
25,24;
25,12;
12,25;
25,15;
15,25;
25,21;
21,25;
25,24;
24,25;
26,5;
5,26;
26,10;
10,26;
26,13;
13,26;
26,22;
22,26;
27,14;
14,27;
27,19;
19,27;
27,23;
23,27;
27,28;
28,27;
28,18;
18,28;
28,19;
19,28;
28,27;
27,28;
}
label = {
1,1;
2,1;
3,1;
4,1;
5,1;
6,1;
7,1;
8,1;
9,1;
10,1;
11,2;
12,2;
13,2;
14,2;
15,2;
16,2;
17,2;
18,2;
19,2;
20,2;
21,2;
22,2;
23,2;
24,2;
25,2;
26,2;
27,2;
28,2;
}