edge = {
1,2;
2,1;
1,3;
3,1;
1,21;
21,1;
2,1;
1,2;
2,3;
3,2;
2,21;
21,2;
3,1;
1,3;
3,2;
2,3;
3,4;
4,3;
3,21;
21,3;
4,3;
3,4;
4,19;
19,4;
4,21;
21,4;
5,6;
6,5;
5,17;
17,5;
5,18;
18,5;
5,19;
19,5;
6,5;
5,6;
6,7;
7,6;
6,17;
17,6;
6,18;
18,6;
7,6;
6,7;
7,17;
17,7;
7,20;
20,7;
8,9;
9,8;
8,20;
20,8;
8,22;
22,8;
8,23;
23,8;
9,8;
8,9;
9,10;
10,9;
9,22;
22,9;
9,23;
23,9;
10,9;
9,10;
10,23;
23,10;
10,24;
24,10;
11,12;
12,11;
11,26;
26,11;
11,27;
27,11;
12,11;
11,12;
12,28;
28,12;
12,29;
29,12;
13,14;
14,13;
13,28;
28,13;
13,29;
29,13;
13,31;
31,13;
14,13;
13,14;
14,31;
31,14;
14,32;
32,14;
15,16;
16,15;
15,30;
30,15;
15,32;
32,15;
16,15;
15,16;
16,30;
30,16;
16,32;
32,16;
17,5;
5,17;
17,6;
6,17;
17,7;
7,17;
17,18;
18,17;
17,19;
19,17;
18,5;
5,18;
18,6;
6,18;
18,17;
17,18;
18,19;
19,18;
19,4;
4,19;
19,5;
5,19;
19,17;
17,19;
19,18;
18,19;
20,7;
7,20;
20,8;
8,20;
20,22;
22,20;
21,1;
1,21;
21,2;
2,21;
21,3;
3,21;
21,4;
4,21;
22,8;
8,22;
22,9;
9,22;
22,20;
20,22;
23,8;
8,23;
23,9;
9,23;
23,10;
10,23;
23,24;
24,23;
24,10;
10,24;
24,23;
23,24;
24,25;
25,24;
24,26;
26,24;
25,24;
24,25;
25,26;
26,25;
25,27;
27,25;
26,11;
11,26;
26,24;
24,26;
26,25;
25,26;
26,27;
27,26;
27,11;
11,27;
27,25;
25,27;
27,26;
26,27;
28,12;
12,28;
28,13;
13,28;
28,29;
29,28;
29,12;
12,29;
29,13;
13,29;
29,28;
28,29;
29,31;
31,29;
30,15;
15,30;
30,16;
16,30;
30,32;
32,30;
31,13;
13,31;
31,14;
14,31;
31,29;
29,31;
31,32;
32,31;
32,14;
14,32;
32,15;
15,32;
32,16;
16,32;
32,30;
30,32;
32,31;
31,32;
}
label = {
1,1;
2,1;
3,1;
4,1;
5,1;
6,1;
7,1;
8,1;
9,1;
10,1;
11,1;
12,1;
13,1;
14,1;
15,1;
16,1;
17,2;
18,2;
19,2;
20,2;
21,2;
22,2;
23,2;
24,2;
25,2;
26,2;
27,2;
28,2;
29,2;
30,2;
31,2;
32,2;
}