edge = {
1,2;
2,1;
1,4;
4,1;
1,9;
9,1;
2,1;
1,2;
2,4;
4,2;
2,9;
9,2;
3,4;
4,3;
3,8;
8,3;
3,9;
9,3;
4,1;
1,4;
4,2;
2,4;
4,3;
3,4;
4,8;
8,4;
4,9;
9,4;
5,6;
6,5;
5,7;
7,5;
5,8;
8,5;
5,10;
10,5;
5,11;
11,5;
5,12;
12,5;
6,5;
5,6;
6,10;
10,6;
6,11;
11,6;
6,12;
12,6;
7,5;
5,7;
7,8;
8,7;
7,10;
10,7;
8,3;
3,8;
8,4;
4,8;
8,5;
5,8;
8,7;
7,8;
8,9;
9,8;
8,10;
10,8;
9,1;
1,9;
9,2;
2,9;
9,3;
3,9;
9,4;
4,9;
9,8;
8,9;
10,5;
5,10;
10,6;
6,10;
10,7;
7,10;
10,8;
8,10;
11,5;
5,11;
11,6;
6,11;
11,12;
12,11;
12,5;
5,12;
12,6;
6,12;
12,11;
11,12;
}
label = {
1,1;
2,1;
3,1;
4,2;
5,2;
6,2;
7,2;
8,2;
9,2;
10,2;
11,2;
12,2;
}