edge = {
1,2;
2,1;
1,6;
6,1;
2,1;
1,2;
2,5;
5,2;
2,9;
9,2;
2,14;
14,2;
3,4;
4,3;
3,9;
9,3;
3,14;
14,3;
4,3;
3,4;
4,13;
13,4;
4,22;
22,4;
5,2;
2,5;
5,6;
6,5;
6,1;
1,6;
6,5;
5,6;
6,9;
9,6;
6,14;
14,6;
6,18;
18,6;
7,8;
8,7;
7,9;
9,7;
7,14;
14,7;
7,23;
23,7;
8,7;
7,8;
8,22;
22,8;
9,2;
2,9;
9,3;
3,9;
9,6;
6,9;
9,7;
7,9;
9,14;
14,9;
10,12;
12,10;
10,15;
15,10;
10,21;
21,10;
11,15;
15,11;
11,16;
16,11;
11,17;
17,11;
11,25;
25,11;
11,26;
26,11;
12,10;
10,12;
12,13;
13,12;
12,15;
15,12;
12,22;
22,12;
13,4;
4,13;
13,12;
12,13;
13,21;
21,13;
14,2;
2,14;
14,3;
3,14;
14,6;
6,14;
14,7;
7,14;
14,9;
9,14;
15,10;
10,15;
15,11;
11,15;
15,12;
12,15;
15,21;
21,15;
16,11;
11,16;
16,17;
17,16;
16,20;
20,16;
16,26;
26,16;
17,11;
11,17;
17,16;
16,17;
17,26;
26,17;
18,6;
6,18;
18,23;
23,18;
19,21;
21,19;
19,24;
24,19;
20,16;
16,20;
20,24;
24,20;
20,25;
25,20;
21,10;
10,21;
21,13;
13,21;
21,15;
15,21;
21,19;
19,21;
21,22;
22,21;
22,4;
4,22;
22,8;
8,22;
22,12;
12,22;
22,21;
21,22;
23,7;
7,23;
23,18;
18,23;
24,19;
19,24;
24,20;
20,24;
25,11;
11,25;
25,20;
20,25;
25,26;
26,25;
26,11;
11,26;
26,16;
16,26;
26,17;
17,26;
26,25;
25,26;
}
label = {
1,1;
2,1;
3,1;
4,1;
5,1;
6,1;
7,1;
8,1;
9,2;
10,2;
11,2;
12,2;
13,2;
14,2;
15,2;
16,2;
17,2;
18,2;
19,2;
20,2;
21,2;
22,2;
23,2;
24,2;
25,2;
26,2;
}