edge = {
1,2;
2,1;
1,27;
27,1;
2,1;
1,2;
2,3;
3,2;
2,19;
19,2;
2,21;
21,2;
2,25;
25,2;
2,28;
28,2;
3,2;
2,3;
3,4;
4,3;
3,22;
22,3;
3,25;
25,3;
4,3;
3,4;
4,21;
21,4;
4,29;
29,4;
5,22;
22,5;
5,29;
29,5;
5,30;
30,5;
6,24;
24,6;
6,31;
31,6;
6,32;
32,6;
7,8;
8,7;
7,36;
36,7;
7,37;
37,7;
8,7;
7,8;
8,9;
9,8;
8,13;
13,8;
8,34;
34,8;
8,37;
37,8;
9,8;
8,9;
9,10;
10,9;
9,14;
14,9;
9,16;
16,9;
9,34;
34,9;
10,9;
9,10;
10,17;
17,10;
10,38;
38,10;
11,22;
22,11;
11,38;
38,11;
11,39;
39,11;
12,24;
24,12;
12,40;
40,12;
12,41;
41,12;
13,8;
8,13;
13,14;
14,13;
13,45;
45,13;
13,46;
46,13;
14,9;
9,14;
14,13;
13,14;
14,15;
15,14;
14,43;
43,14;
14,46;
46,14;
15,14;
14,15;
15,16;
16,15;
15,43;
43,15;
16,9;
9,16;
16,15;
15,16;
16,47;
47,16;
17,10;
10,17;
17,47;
47,17;
17,48;
48,17;
18,24;
24,18;
18,49;
49,18;
18,50;
50,18;
19,2;
2,19;
19,20;
20,19;
19,54;
54,19;
19,55;
55,19;
20,19;
19,20;
20,21;
21,20;
20,52;
52,20;
20,55;
55,20;
21,2;
2,21;
21,4;
4,21;
21,20;
20,21;
21,22;
22,21;
21,52;
52,21;
22,3;
3,22;
22,5;
5,22;
22,11;
11,22;
22,21;
21,22;
22,56;
56,22;
23,56;
56,23;
23,57;
57,23;
24,6;
6,24;
24,12;
12,24;
24,18;
18,24;
24,58;
58,24;
24,59;
59,24;
25,2;
2,25;
25,3;
3,25;
26,27;
27,26;
27,1;
1,27;
27,26;
26,27;
27,28;
28,27;
28,2;
2,28;
28,27;
27,28;
29,4;
4,29;
29,5;
5,29;
30,5;
5,30;
30,31;
31,30;
31,6;
6,31;
31,30;
30,31;
32,6;
6,32;
32,33;
33,32;
33,32;
32,33;
33,60;
60,33;
34,8;
8,34;
34,9;
9,34;
35,36;
36,35;
36,7;
7,36;
36,35;
35,36;
37,7;
7,37;
37,8;
8,37;
38,10;
10,38;
38,11;
11,38;
39,11;
11,39;
39,40;
40,39;
40,12;
12,40;
40,39;
39,40;
41,12;
12,41;
41,42;
42,41;
42,41;
41,42;
42,60;
60,42;
43,14;
14,43;
43,15;
15,43;
44,45;
45,44;
45,13;
13,45;
45,44;
44,45;
46,13;
13,46;
46,14;
14,46;
47,16;
16,47;
47,17;
17,47;
48,17;
17,48;
48,49;
49,48;
49,18;
18,49;
49,48;
48,49;
50,18;
18,50;
50,51;
51,50;
51,50;
50,51;
51,60;
60,51;
52,20;
20,52;
52,21;
21,52;
53,54;
54,53;
54,19;
19,54;
54,53;
53,54;
55,19;
19,55;
55,20;
20,55;
56,22;
22,56;
56,23;
23,56;
57,23;
23,57;
57,58;
58,57;
58,24;
24,58;
58,57;
57,58;
59,24;
24,59;
59,60;
60,59;
60,33;
33,60;
60,42;
42,60;
60,51;
51,60;
60,59;
59,60;
}
label = {
1,1;
2,1;
3,1;
4,1;
5,1;
6,1;
7,1;
8,1;
9,1;
10,1;
11,1;
12,1;
13,1;
14,1;
15,1;
16,1;
17,1;
18,1;
19,1;
20,1;
21,1;
22,1;
23,1;
24,1;
25,2;
26,2;
27,2;
28,2;
29,2;
30,2;
31,2;
32,2;
33,2;
34,2;
35,2;
36,2;
37,2;
38,2;
39,2;
40,2;
41,2;
42,2;
43,2;
44,2;
45,2;
46,2;
47,2;
48,2;
49,2;
50,2;
51,2;
52,2;
53,2;
54,2;
55,2;
56,2;
57,2;
58,2;
59,2;
60,2;
}