edge = {
1,2;
2,1;
1,3;
3,1;
1,4;
4,1;
2,1;
1,2;
2,3;
3,2;
2,4;
4,2;
2,26;
26,2;
3,1;
1,3;
3,2;
2,3;
3,4;
4,3;
3,30;
30,3;
4,1;
1,4;
4,2;
2,4;
4,3;
3,4;
4,5;
5,4;
4,6;
6,4;
4,30;
30,4;
4,38;
38,4;
5,4;
4,5;
5,6;
6,5;
5,7;
7,5;
5,31;
31,5;
6,4;
4,6;
6,5;
5,6;
6,7;
7,6;
6,31;
31,6;
7,5;
5,7;
7,6;
6,7;
7,18;
18,7;
7,27;
27,7;
8,9;
9,8;
8,21;
21,8;
8,29;
29,8;
9,8;
8,9;
9,10;
10,9;
9,20;
20,9;
10,9;
9,10;
10,11;
11,10;
10,23;
23,10;
11,10;
10,11;
11,22;
22,11;
11,23;
23,11;
12,13;
13,12;
12,14;
14,12;
12,15;
15,12;
12,34;
34,12;
13,12;
12,13;
13,14;
14,13;
13,15;
15,13;
14,12;
12,14;
14,13;
13,14;
14,15;
15,14;
14,38;
38,14;
15,12;
12,15;
15,13;
13,15;
15,14;
14,15;
15,16;
16,15;
15,17;
17,15;
15,30;
30,15;
15,38;
38,15;
16,15;
15,16;
16,17;
17,16;
16,18;
18,16;
16,39;
39,16;
17,15;
15,17;
17,16;
16,17;
17,18;
18,17;
17,39;
39,17;
18,7;
7,18;
18,16;
16,18;
18,17;
17,18;
18,19;
19,18;
19,18;
18,19;
19,27;
27,19;
19,35;
35,19;
20,9;
9,20;
20,21;
21,20;
20,37;
37,20;
21,8;
8,21;
21,20;
20,21;
21,22;
22,21;
22,11;
11,22;
22,21;
21,22;
22,23;
23,22;
23,10;
10,23;
23,11;
11,23;
23,22;
22,23;
24,25;
25,24;
24,33;
33,24;
25,24;
24,25;
25,26;
26,25;
25,32;
32,25;
25,34;
34,25;
26,2;
2,26;
26,25;
25,26;
26,33;
33,26;
27,7;
7,27;
27,19;
19,27;
27,28;
28,27;
28,27;
27,28;
28,29;
29,28;
28,35;
35,28;
28,37;
37,28;
29,8;
8,29;
29,28;
28,29;
29,36;
36,29;
30,3;
3,30;
30,4;
4,30;
30,15;
15,30;
30,31;
31,30;
30,39;
39,30;
31,5;
5,31;
31,6;
6,31;
31,30;
30,31;
31,38;
38,31;
31,39;
39,31;
32,25;
25,32;
32,33;
33,32;
33,24;
24,33;
33,26;
26,33;
33,32;
32,33;
33,34;
34,33;
34,12;
12,34;
34,25;
25,34;
34,33;
33,34;
35,19;
19,35;
35,28;
28,35;
35,36;
36,35;
36,29;
29,36;
36,35;
35,36;
36,37;
37,36;
37,20;
20,37;
37,28;
28,37;
37,36;
36,37;
38,4;
4,38;
38,14;
14,38;
38,15;
15,38;
38,31;
31,38;
38,39;
39,38;
39,16;
16,39;
39,17;
17,39;
39,30;
30,39;
39,31;
31,39;
39,38;
38,39;
}
label = {
1,1;
2,1;
3,1;
4,1;
5,1;
6,1;
7,1;
8,1;
9,1;
10,1;
11,1;
12,1;
13,1;
14,1;
15,1;
16,1;
17,1;
18,1;
19,1;
20,1;
21,1;
22,1;
23,1;
24,2;
25,2;
26,2;
27,2;
28,2;
29,2;
30,2;
31,2;
32,2;
33,2;
34,2;
35,2;
36,2;
37,2;
38,2;
39,2;
}