edge = {
1,2;
2,1;
1,7;
7,1;
1,14;
14,1;
2,1;
1,2;
2,6;
6,2;
2,13;
13,2;
2,14;
14,2;
3,4;
4,3;
3,5;
5,3;
3,9;
9,3;
3,16;
16,3;
3,18;
18,3;
4,3;
3,4;
4,5;
5,4;
4,8;
8,4;
4,10;
10,4;
4,18;
18,4;
4,26;
26,4;
5,3;
3,5;
5,4;
4,5;
5,9;
9,5;
5,10;
10,5;
6,2;
2,6;
6,7;
7,6;
6,14;
14,6;
6,21;
21,6;
7,1;
1,7;
7,6;
6,7;
7,14;
14,7;
7,22;
22,7;
8,4;
4,8;
8,9;
9,8;
8,10;
10,8;
8,24;
24,8;
8,26;
26,8;
9,3;
3,9;
9,5;
5,9;
9,8;
8,9;
9,10;
10,9;
9,18;
18,9;
9,26;
26,9;
10,4;
4,10;
10,5;
5,10;
10,8;
8,10;
10,9;
9,10;
11,12;
12,11;
11,17;
17,11;
11,20;
20,11;
11,25;
25,11;
12,11;
11,12;
12,13;
13,12;
12,19;
19,12;
12,21;
21,12;
13,2;
2,13;
13,12;
12,13;
13,20;
20,13;
14,1;
1,14;
14,2;
2,14;
14,6;
6,14;
14,7;
7,14;
14,15;
15,14;
14,23;
23,14;
15,14;
14,15;
15,16;
16,15;
15,22;
22,15;
15,24;
24,15;
16,3;
3,16;
16,15;
15,16;
16,23;
23,16;
17,11;
11,17;
17,19;
19,17;
18,3;
3,18;
18,4;
4,18;
18,9;
9,18;
18,26;
26,18;
19,12;
12,19;
19,17;
17,19;
19,20;
20,19;
19,25;
25,19;
20,11;
11,20;
20,13;
13,20;
20,19;
19,20;
20,21;
21,20;
21,6;
6,21;
21,12;
12,21;
21,20;
20,21;
22,7;
7,22;
22,15;
15,22;
22,23;
23,22;
23,14;
14,23;
23,16;
16,23;
23,22;
22,23;
23,24;
24,23;
24,8;
8,24;
24,15;
15,24;
24,23;
23,24;
25,11;
11,25;
25,19;
19,25;
26,4;
4,26;
26,8;
8,26;
26,9;
9,26;
26,18;
18,26;
}
label = {
1,1;
2,1;
3,1;
4,1;
5,1;
6,1;
7,1;
8,1;
9,1;
10,1;
11,2;
12,2;
13,2;
14,2;
15,2;
16,2;
17,2;
18,2;
19,2;
20,2;
21,2;
22,2;
23,2;
24,2;
25,2;
26,2;
}