edge = {
1,2;
2,1;
1,3;
3,1;
1,4;
4,1;
2,1;
1,2;
2,3;
3,2;
2,4;
4,2;
2,15;
15,2;
3,1;
1,3;
3,2;
2,3;
3,4;
4,3;
4,1;
1,4;
4,2;
2,4;
4,3;
3,4;
5,6;
6,5;
5,10;
10,5;
5,11;
11,5;
6,5;
5,6;
6,7;
7,6;
6,10;
10,6;
6,11;
11,6;
6,12;
12,6;
6,13;
13,6;
7,6;
6,7;
7,12;
12,7;
7,13;
13,7;
8,9;
9,8;
8,14;
14,8;
8,15;
15,8;
9,8;
8,9;
9,13;
13,9;
9,14;
14,9;
9,15;
15,9;
10,5;
5,10;
10,6;
6,10;
10,11;
11,10;
11,5;
5,11;
11,6;
6,11;
11,10;
10,11;
11,12;
12,11;
12,6;
6,12;
12,7;
7,12;
12,11;
11,12;
12,13;
13,12;
13,6;
6,13;
13,7;
7,13;
13,9;
9,13;
13,12;
12,13;
14,8;
8,14;
14,9;
9,14;
14,15;
15,14;
15,2;
2,15;
15,8;
8,15;
15,9;
9,15;
15,14;
14,15;
}
label = {
1,1;
2,1;
3,1;
4,1;
5,2;
6,2;
7,2;
8,2;
9,2;
10,2;
11,2;
12,2;
13,2;
14,2;
15,2;
}