edge = {
1,2;
2,1;
1,12;
12,1;
1,13;
13,1;
1,14;
14,1;
1,20;
20,1;
2,1;
1,2;
2,13;
13,2;
2,14;
14,2;
3,4;
4,3;
3,14;
14,3;
3,15;
15,3;
3,16;
16,3;
4,3;
3,4;
4,15;
15,4;
4,16;
16,4;
5,6;
6,5;
5,16;
16,5;
5,17;
17,5;
6,5;
5,6;
6,7;
7,6;
6,17;
17,6;
7,6;
6,7;
7,8;
8,7;
7,17;
17,7;
7,18;
18,7;
8,7;
7,8;
8,9;
9,8;
8,18;
18,8;
9,8;
8,9;
9,10;
10,9;
9,18;
18,9;
9,19;
19,9;
10,9;
9,10;
10,11;
11,10;
10,19;
19,10;
11,10;
10,11;
11,21;
21,11;
12,1;
1,12;
12,13;
13,12;
12,20;
20,12;
13,1;
1,13;
13,2;
2,13;
13,12;
12,13;
13,14;
14,13;
13,20;
20,13;
14,1;
1,14;
14,2;
2,14;
14,3;
3,14;
14,13;
13,14;
15,3;
3,15;
15,4;
4,15;
15,16;
16,15;
16,3;
3,16;
16,4;
4,16;
16,5;
5,16;
16,15;
15,16;
17,5;
5,17;
17,6;
6,17;
17,7;
7,17;
18,7;
7,18;
18,8;
8,18;
18,9;
9,18;
19,9;
9,19;
19,10;
10,19;
20,1;
1,20;
20,12;
12,20;
20,13;
13,20;
21,11;
11,21;
21,22;
22,21;
21,23;
23,21;
22,21;
21,22;
22,23;
23,22;
22,24;
24,22;
22,25;
25,22;
23,21;
21,23;
23,22;
22,23;
23,24;
24,23;
23,25;
25,23;
24,22;
22,24;
24,23;
23,24;
24,25;
25,24;
25,22;
22,25;
25,23;
23,25;
25,24;
24,25;
}
label = {
1,1;
2,1;
3,1;
4,1;
5,1;
6,1;
7,1;
8,1;
9,1;
10,1;
11,1;
12,2;
13,2;
14,2;
15,2;
16,2;
17,2;
18,2;
19,2;
20,2;
21,2;
22,2;
23,2;
24,2;
25,2;
}