edge = {
1,2;
2,1;
1,22;
22,1;
1,23;
23,1;
2,1;
1,2;
2,3;
3,2;
2,22;
22,2;
2,23;
23,2;
3,2;
2,3;
3,4;
4,3;
3,23;
23,3;
4,3;
3,4;
4,24;
24,4;
4,27;
27,4;
5,6;
6,5;
5,7;
7,5;
5,27;
27,5;
5,28;
28,5;
6,5;
5,6;
6,7;
7,6;
6,8;
8,6;
6,28;
28,6;
7,5;
5,7;
7,6;
6,7;
7,8;
8,7;
8,6;
6,8;
8,7;
7,8;
8,25;
25,8;
9,10;
10,9;
9,25;
25,9;
9,26;
26,9;
10,9;
9,10;
10,25;
25,10;
10,26;
26,10;
11,12;
12,11;
11,13;
13,11;
11,26;
26,11;
12,11;
11,12;
12,13;
13,12;
12,14;
14,12;
13,11;
11,13;
13,12;
12,13;
13,14;
14,13;
13,15;
15,13;
14,12;
12,14;
14,13;
13,14;
14,15;
15,14;
14,16;
16,14;
15,13;
13,15;
15,14;
14,15;
15,16;
16,15;
15,17;
17,15;
16,14;
14,16;
16,15;
15,16;
16,17;
17,16;
16,21;
21,16;
17,15;
15,17;
17,16;
16,17;
17,21;
21,17;
18,19;
19,18;
18,21;
21,18;
18,29;
29,18;
19,18;
18,19;
19,20;
20,19;
19,29;
29,19;
20,19;
19,20;
20,29;
29,20;
20,30;
30,20;
20,32;
32,20;
21,16;
16,21;
21,17;
17,21;
21,18;
18,21;
22,1;
1,22;
22,2;
2,22;
22,23;
23,22;
23,1;
1,23;
23,2;
2,23;
23,3;
3,23;
23,22;
22,23;
24,4;
4,24;
24,27;
27,24;
24,28;
28,24;
25,8;
8,25;
25,9;
9,25;
25,10;
10,25;
26,9;
9,26;
26,10;
10,26;
26,11;
11,26;
27,4;
4,27;
27,5;
5,27;
27,24;
24,27;
27,28;
28,27;
28,5;
5,28;
28,6;
6,28;
28,24;
24,28;
28,27;
27,28;
29,18;
18,29;
29,19;
19,29;
29,20;
20,29;
29,30;
30,29;
29,32;
32,29;
30,20;
20,30;
30,29;
29,30;
30,32;
32,30;
30,34;
34,30;
31,33;
33,31;
31,34;
34,31;
31,35;
35,31;
32,20;
20,32;
32,29;
29,32;
32,30;
30,32;
32,34;
34,32;
33,31;
31,33;
33,34;
34,33;
33,35;
35,33;
34,30;
30,34;
34,31;
31,34;
34,32;
32,34;
34,33;
33,34;
34,35;
35,34;
35,31;
31,35;
35,33;
33,35;
35,34;
34,35;
}
label = {
1,1;
2,1;
3,1;
4,1;
5,1;
6,1;
7,1;
8,1;
9,1;
10,1;
11,1;
12,1;
13,1;
14,1;
15,1;
16,1;
17,1;
18,1;
19,1;
20,1;
21,2;
22,2;
23,2;
24,2;
25,2;
26,2;
27,2;
28,2;
29,2;
30,2;
31,2;
32,2;
33,2;
34,2;
35,2;
}