edge = {
1,2;
2,1;
1,3;
3,1;
1,4;
4,1;
2,1;
1,2;
2,3;
3,2;
2,4;
4,2;
2,22;
22,2;
3,1;
1,3;
3,2;
2,3;
3,4;
4,3;
3,5;
5,3;
3,22;
22,3;
4,1;
1,4;
4,2;
2,4;
4,3;
3,4;
4,5;
5,4;
4,22;
22,4;
5,3;
3,5;
5,4;
4,5;
5,20;
20,5;
5,22;
22,5;
6,7;
7,6;
6,18;
18,6;
6,19;
19,6;
6,20;
20,6;
7,6;
6,7;
7,8;
8,7;
7,18;
18,7;
7,19;
19,7;
8,7;
7,8;
8,18;
18,8;
8,21;
21,8;
9,10;
10,9;
9,21;
21,9;
9,23;
23,9;
9,24;
24,9;
10,9;
9,10;
10,11;
11,10;
10,23;
23,10;
10,24;
24,10;
11,10;
10,11;
11,24;
24,11;
11,25;
25,11;
12,13;
13,12;
12,27;
27,12;
12,28;
28,12;
13,12;
12,13;
13,14;
14,13;
13,29;
29,13;
14,13;
13,14;
14,15;
15,14;
14,29;
29,14;
14,30;
30,14;
14,32;
32,14;
15,14;
14,15;
15,32;
32,15;
15,33;
33,15;
16,17;
17,16;
16,31;
31,16;
16,33;
33,16;
17,16;
16,17;
17,31;
31,17;
17,33;
33,17;
18,6;
6,18;
18,7;
7,18;
18,8;
8,18;
18,19;
19,18;
18,20;
20,18;
19,6;
6,19;
19,7;
7,19;
19,18;
18,19;
19,20;
20,19;
20,5;
5,20;
20,6;
6,20;
20,18;
18,20;
20,19;
19,20;
21,8;
8,21;
21,9;
9,21;
21,23;
23,21;
22,2;
2,22;
22,3;
3,22;
22,4;
4,22;
22,5;
5,22;
23,9;
9,23;
23,10;
10,23;
23,21;
21,23;
24,9;
9,24;
24,10;
10,24;
24,11;
11,24;
24,25;
25,24;
24,26;
26,24;
25,11;
11,25;
25,24;
24,25;
25,26;
26,25;
25,27;
27,25;
25,28;
28,25;
26,24;
24,26;
26,25;
25,26;
26,27;
27,26;
26,28;
28,26;
27,12;
12,27;
27,25;
25,27;
27,26;
26,27;
27,28;
28,27;
28,12;
12,28;
28,25;
25,28;
28,26;
26,28;
28,27;
27,28;
29,13;
13,29;
29,14;
14,29;
29,30;
30,29;
29,32;
32,29;
30,14;
14,30;
30,29;
29,30;
30,32;
32,30;
31,16;
16,31;
31,17;
17,31;
31,33;
33,31;
32,14;
14,32;
32,15;
15,32;
32,29;
29,32;
32,30;
30,32;
32,33;
33,32;
33,15;
15,33;
33,16;
16,33;
33,17;
17,33;
33,31;
31,33;
33,32;
32,33;
}
label = {
1,1;
2,1;
3,1;
4,1;
5,1;
6,1;
7,1;
8,1;
9,1;
10,1;
11,1;
12,1;
13,1;
14,1;
15,1;
16,1;
17,1;
18,2;
19,2;
20,2;
21,2;
22,2;
23,2;
24,2;
25,2;
26,2;
27,2;
28,2;
29,2;
30,2;
31,2;
32,2;
33,2;
}