edge = {
1,2;
2,1;
1,20;
20,1;
1,21;
21,1;
2,1;
1,2;
2,20;
20,2;
2,21;
21,2;
3,21;
21,3;
3,22;
22,3;
3,26;
26,3;
4,5;
5,4;
4,25;
25,4;
4,27;
27,4;
4,34;
34,4;
5,4;
4,5;
5,6;
6,5;
5,7;
7,5;
5,35;
35,5;
6,5;
5,6;
6,7;
7,6;
6,23;
23,6;
6,27;
27,6;
6,35;
35,6;
7,5;
5,7;
7,6;
6,7;
7,8;
8,7;
7,9;
9,7;
7,23;
23,7;
8,7;
7,8;
8,9;
9,8;
8,23;
23,8;
8,24;
24,8;
9,7;
7,9;
9,8;
8,9;
9,10;
10,9;
9,24;
24,9;
10,9;
9,10;
10,11;
11,10;
10,12;
12,10;
11,10;
10,11;
11,12;
12,11;
11,13;
13,11;
12,10;
10,12;
12,11;
11,12;
12,13;
13,12;
12,14;
14,12;
12,18;
18,12;
13,11;
11,13;
13,12;
12,13;
13,14;
14,13;
13,18;
18,13;
14,12;
12,14;
14,13;
13,14;
14,15;
15,14;
14,18;
18,14;
14,19;
19,14;
15,14;
14,15;
15,16;
16,15;
15,19;
19,15;
16,15;
15,16;
16,19;
19,16;
16,28;
28,16;
17,30;
30,17;
17,32;
32,17;
17,33;
33,17;
18,12;
12,18;
18,13;
13,18;
18,14;
14,18;
18,19;
19,18;
19,14;
14,19;
19,15;
15,19;
19,16;
16,19;
19,18;
18,19;
20,1;
1,20;
20,2;
2,20;
20,21;
21,20;
21,1;
1,21;
21,2;
2,21;
21,3;
3,21;
21,20;
20,21;
22,3;
3,22;
22,25;
25,22;
22,26;
26,22;
23,6;
6,23;
23,7;
7,23;
23,8;
8,23;
23,24;
24,23;
23,35;
35,23;
24,8;
8,24;
24,9;
9,24;
24,23;
23,24;
25,4;
4,25;
25,22;
22,25;
25,26;
26,25;
25,34;
34,25;
26,3;
3,26;
26,22;
22,26;
26,25;
25,26;
27,4;
4,27;
27,6;
6,27;
27,34;
34,27;
27,35;
35,27;
28,16;
16,28;
28,29;
29,28;
28,30;
30,28;
29,28;
28,29;
29,30;
30,29;
29,32;
32,29;
30,17;
17,30;
30,28;
28,30;
30,29;
29,30;
30,31;
31,30;
30,32;
32,30;
30,33;
33,30;
31,30;
30,31;
31,32;
32,31;
31,33;
33,31;
32,17;
17,32;
32,29;
29,32;
32,30;
30,32;
32,31;
31,32;
32,33;
33,32;
33,17;
17,33;
33,30;
30,33;
33,31;
31,33;
33,32;
32,33;
34,4;
4,34;
34,25;
25,34;
34,27;
27,34;
34,35;
35,34;
35,5;
5,35;
35,6;
6,35;
35,23;
23,35;
35,27;
27,35;
35,34;
34,35;
}
label = {
1,1;
2,1;
3,1;
4,1;
5,1;
6,1;
7,1;
8,1;
9,1;
10,1;
11,1;
12,1;
13,1;
14,1;
15,1;
16,1;
17,1;
18,2;
19,2;
20,2;
21,2;
22,2;
23,2;
24,2;
25,2;
26,2;
27,2;
28,2;
29,2;
30,2;
31,2;
32,2;
33,2;
34,2;
35,2;
}