edge = {
1,2;
2,1;
1,21;
21,1;
1,22;
22,1;
2,1;
1,2;
2,3;
3,2;
2,21;
21,2;
2,22;
22,2;
2,23;
23,2;
3,2;
2,3;
3,22;
22,3;
3,23;
23,3;
4,5;
5,4;
4,6;
6,4;
4,23;
23,4;
5,4;
4,5;
5,6;
6,5;
5,7;
7,5;
6,4;
4,6;
6,5;
5,6;
6,7;
7,6;
7,5;
5,7;
7,6;
6,7;
7,8;
8,7;
7,9;
9,7;
7,24;
24,7;
8,7;
7,8;
8,9;
9,8;
8,24;
24,8;
9,7;
7,9;
9,8;
8,9;
9,24;
24,9;
9,25;
25,9;
10,11;
11,10;
10,12;
12,10;
10,25;
25,10;
11,10;
10,11;
11,12;
12,11;
11,13;
13,11;
12,10;
10,12;
12,11;
11,12;
12,13;
13,12;
12,14;
14,12;
13,11;
11,13;
13,12;
12,13;
13,14;
14,13;
13,15;
15,13;
14,12;
12,14;
14,13;
13,14;
14,15;
15,14;
14,16;
16,14;
14,20;
20,14;
15,13;
13,15;
15,14;
14,15;
15,16;
16,15;
15,20;
20,15;
16,14;
14,16;
16,15;
15,16;
16,20;
20,16;
17,18;
18,17;
17,20;
20,17;
17,26;
26,17;
17,27;
27,17;
18,17;
17,18;
18,26;
26,18;
18,27;
27,18;
19,28;
28,19;
19,30;
30,19;
19,32;
32,19;
20,14;
14,20;
20,15;
15,20;
20,16;
16,20;
20,17;
17,20;
21,1;
1,21;
21,2;
2,21;
21,22;
22,21;
22,1;
1,22;
22,2;
2,22;
22,3;
3,22;
22,21;
21,22;
23,2;
2,23;
23,3;
3,23;
23,4;
4,23;
24,7;
7,24;
24,8;
8,24;
24,9;
9,24;
24,25;
25,24;
25,9;
9,25;
25,10;
10,25;
25,24;
24,25;
26,17;
17,26;
26,18;
18,26;
26,27;
27,26;
26,29;
29,26;
26,31;
31,26;
27,17;
17,27;
27,18;
18,27;
27,26;
26,27;
27,29;
29,27;
27,31;
31,27;
28,19;
19,28;
28,30;
30,28;
28,32;
32,28;
29,26;
26,29;
29,27;
27,29;
29,31;
31,29;
30,19;
19,30;
30,28;
28,30;
30,31;
31,30;
30,32;
32,30;
31,26;
26,31;
31,27;
27,31;
31,29;
29,31;
31,30;
30,31;
31,32;
32,31;
32,19;
19,32;
32,28;
28,32;
32,30;
30,32;
32,31;
31,32;
33,34;
34,33;
33,36;
36,33;
33,37;
37,33;
34,33;
33,34;
34,36;
36,34;
34,37;
37,34;
35,36;
36,35;
35,37;
37,35;
35,38;
38,35;
36,33;
33,36;
36,34;
34,36;
36,35;
35,36;
36,37;
37,36;
36,38;
38,36;
37,33;
33,37;
37,34;
34,37;
37,35;
35,37;
37,36;
36,37;
37,38;
38,37;
38,35;
35,38;
38,36;
36,38;
38,37;
37,38;
}
label = {
1,1;
2,1;
3,1;
4,1;
5,1;
6,1;
7,1;
8,1;
9,1;
10,1;
11,1;
12,1;
13,1;
14,1;
15,1;
16,1;
17,1;
18,1;
19,1;
20,2;
21,2;
22,2;
23,2;
24,2;
25,2;
26,2;
27,2;
28,2;
29,2;
30,2;
31,2;
32,2;
33,2;
34,2;
35,2;
36,2;
37,2;
38,2;
}