edge = {
1,2;
2,1;
1,3;
3,1;
1,18;
18,1;
2,1;
1,2;
2,3;
3,2;
2,18;
18,2;
2,19;
19,2;
2,26;
26,2;
3,1;
1,3;
3,2;
2,3;
3,4;
4,3;
3,20;
20,3;
4,3;
3,4;
4,5;
5,4;
4,6;
6,4;
4,20;
20,4;
4,27;
27,4;
4,28;
28,4;
5,4;
4,5;
5,6;
6,5;
5,28;
28,5;
6,4;
4,6;
6,5;
5,6;
6,7;
7,6;
6,8;
8,6;
6,21;
21,6;
6,28;
28,6;
7,6;
6,7;
7,8;
8,7;
7,9;
9,7;
7,21;
21,7;
8,6;
6,8;
8,7;
7,8;
8,9;
9,8;
8,22;
22,8;
9,7;
7,9;
9,8;
8,9;
9,10;
10,9;
9,11;
11,9;
9,12;
12,9;
9,22;
22,9;
9,23;
23,9;
10,9;
9,10;
10,11;
11,10;
10,12;
12,10;
10,23;
23,10;
11,9;
9,11;
11,10;
10,11;
11,12;
12,11;
12,9;
9,12;
12,10;
10,12;
12,11;
11,12;
12,13;
13,12;
12,14;
14,12;
12,15;
15,12;
12,24;
24,12;
13,12;
12,13;
13,14;
14,13;
13,15;
15,13;
13,24;
24,13;
14,12;
12,14;
14,13;
13,14;
14,15;
15,14;
14,17;
17,14;
15,12;
12,15;
15,13;
13,15;
15,14;
14,15;
15,16;
16,15;
15,17;
17,15;
15,25;
25,15;
16,15;
15,16;
16,17;
17,16;
16,30;
30,16;
17,14;
14,17;
17,15;
15,17;
17,16;
16,17;
17,31;
31,17;
18,1;
1,18;
18,2;
2,18;
18,19;
19,18;
18,26;
26,18;
19,2;
2,19;
19,18;
18,19;
19,20;
20,19;
19,26;
26,19;
19,27;
27,19;
20,3;
3,20;
20,4;
4,20;
20,19;
19,20;
20,27;
27,20;
21,6;
6,21;
21,7;
7,21;
21,22;
22,21;
21,28;
28,21;
22,8;
8,22;
22,9;
9,22;
22,21;
21,22;
22,23;
23,22;
23,9;
9,23;
23,10;
10,23;
23,22;
22,23;
23,24;
24,23;
24,12;
12,24;
24,13;
13,24;
24,23;
23,24;
24,25;
25,24;
25,15;
15,25;
25,24;
24,25;
25,29;
29,25;
25,30;
30,25;
26,2;
2,26;
26,18;
18,26;
26,19;
19,26;
27,4;
4,27;
27,19;
19,27;
27,20;
20,27;
28,4;
4,28;
28,5;
5,28;
28,6;
6,28;
28,21;
21,28;
29,25;
25,29;
29,30;
30,29;
29,31;
31,29;
30,16;
16,30;
30,25;
25,30;
30,29;
29,30;
30,31;
31,30;
31,17;
17,31;
31,29;
29,31;
31,30;
30,31;
31,32;
32,31;
31,33;
33,31;
31,35;
35,31;
32,31;
31,32;
32,33;
33,32;
32,35;
35,32;
33,31;
31,33;
33,32;
32,33;
33,35;
35,33;
33,37;
37,33;
34,36;
36,34;
34,37;
37,34;
34,38;
38,34;
35,31;
31,35;
35,32;
32,35;
35,33;
33,35;
35,37;
37,35;
36,34;
34,36;
36,37;
37,36;
36,38;
38,36;
37,33;
33,37;
37,34;
34,37;
37,35;
35,37;
37,36;
36,37;
37,38;
38,37;
38,34;
34,38;
38,36;
36,38;
38,37;
37,38;
}
label = {
1,1;
2,1;
3,1;
4,1;
5,1;
6,1;
7,1;
8,1;
9,1;
10,1;
11,1;
12,1;
13,1;
14,1;
15,1;
16,1;
17,1;
18,2;
19,2;
20,2;
21,2;
22,2;
23,2;
24,2;
25,2;
26,2;
27,2;
28,2;
29,2;
30,2;
31,2;
32,2;
33,2;
34,2;
35,2;
36,2;
37,2;
38,2;
}