edge = {
1,2;
2,1;
1,21;
21,1;
1,22;
22,1;
2,1;
1,2;
2,3;
3,2;
2,21;
21,2;
2,22;
22,2;
3,2;
2,3;
3,22;
22,3;
3,23;
23,3;
4,5;
5,4;
4,6;
6,4;
4,7;
7,4;
4,23;
23,4;
5,4;
4,5;
5,6;
6,5;
5,7;
7,5;
6,4;
4,6;
6,5;
5,6;
6,7;
7,6;
6,8;
8,6;
6,24;
24,6;
7,4;
4,7;
7,5;
5,7;
7,6;
6,7;
7,8;
8,7;
7,9;
9,7;
7,24;
24,7;
8,6;
6,8;
8,7;
7,8;
8,9;
9,8;
8,24;
24,8;
9,7;
7,9;
9,8;
8,9;
9,24;
24,9;
9,25;
25,9;
9,26;
26,9;
10,11;
11,10;
10,12;
12,10;
10,13;
13,10;
10,25;
25,10;
10,26;
26,10;
11,10;
10,11;
11,12;
12,11;
11,13;
13,11;
11,26;
26,11;
12,10;
10,12;
12,11;
11,12;
12,13;
13,12;
12,14;
14,12;
12,15;
15,12;
13,10;
10,13;
13,11;
11,13;
13,12;
12,13;
13,14;
14,13;
13,15;
15,13;
14,12;
12,14;
14,13;
13,14;
14,15;
15,14;
14,20;
20,14;
15,12;
12,15;
15,13;
13,15;
15,14;
14,15;
15,20;
20,15;
16,17;
17,16;
16,20;
20,16;
16,27;
27,16;
17,16;
16,17;
17,20;
20,17;
17,27;
27,17;
17,28;
28,17;
18,19;
19,18;
18,29;
29,18;
18,31;
31,18;
18,33;
33,18;
19,18;
18,19;
19,29;
29,19;
19,31;
31,19;
20,14;
14,20;
20,15;
15,20;
20,16;
16,20;
20,17;
17,20;
21,1;
1,21;
21,2;
2,21;
21,22;
22,21;
22,1;
1,22;
22,2;
2,22;
22,3;
3,22;
22,21;
21,22;
22,23;
23,22;
23,3;
3,23;
23,4;
4,23;
23,22;
22,23;
24,6;
6,24;
24,7;
7,24;
24,8;
8,24;
24,9;
9,24;
24,25;
25,24;
25,9;
9,25;
25,10;
10,25;
25,24;
24,25;
25,26;
26,25;
26,9;
9,26;
26,10;
10,26;
26,11;
11,26;
26,25;
25,26;
27,16;
16,27;
27,17;
17,27;
27,28;
28,27;
27,30;
30,27;
27,32;
32,27;
28,17;
17,28;
28,27;
27,28;
28,30;
30,28;
28,32;
32,28;
29,18;
18,29;
29,19;
19,29;
29,31;
31,29;
29,33;
33,29;
30,27;
27,30;
30,28;
28,30;
30,32;
32,30;
31,18;
18,31;
31,19;
19,31;
31,29;
29,31;
31,32;
32,31;
31,33;
33,31;
32,27;
27,32;
32,28;
28,32;
32,30;
30,32;
32,31;
31,32;
32,33;
33,32;
33,18;
18,33;
33,29;
29,33;
33,31;
31,33;
33,32;
32,33;
}
label = {
1,1;
2,1;
3,1;
4,1;
5,1;
6,1;
7,1;
8,1;
9,1;
10,1;
11,1;
12,1;
13,1;
14,1;
15,1;
16,1;
17,1;
18,1;
19,1;
20,2;
21,2;
22,2;
23,2;
24,2;
25,2;
26,2;
27,2;
28,2;
29,2;
30,2;
31,2;
32,2;
33,2;
}