edge = {
1,2;
2,1;
1,19;
19,1;
1,20;
20,1;
2,1;
1,2;
2,18;
18,2;
2,19;
19,2;
2,20;
20,2;
2,24;
24,2;
3,4;
4,3;
3,23;
23,3;
3,25;
25,3;
4,3;
3,4;
4,5;
5,4;
4,6;
6,4;
4,17;
17,4;
4,23;
23,4;
5,4;
4,5;
5,6;
6,5;
5,17;
17,5;
6,4;
4,6;
6,5;
5,6;
6,7;
7,6;
6,16;
16,6;
6,17;
17,6;
7,6;
6,7;
7,8;
8,7;
7,16;
16,7;
8,7;
7,8;
8,9;
9,8;
8,10;
10,8;
9,8;
8,9;
9,10;
10,9;
9,22;
22,9;
10,8;
8,10;
10,9;
9,10;
10,11;
11,10;
10,12;
12,10;
10,22;
22,10;
11,10;
10,11;
11,12;
12,11;
11,13;
13,11;
11,22;
22,11;
12,10;
10,12;
12,11;
11,12;
12,13;
13,12;
12,21;
21,12;
12,22;
22,12;
13,11;
11,13;
13,12;
12,13;
13,14;
14,13;
13,21;
21,13;
14,13;
13,14;
14,21;
21,14;
14,26;
26,14;
15,28;
28,15;
15,29;
29,15;
15,30;
30,15;
15,31;
31,15;
15,32;
32,15;
16,6;
6,16;
16,7;
7,16;
16,17;
17,16;
17,4;
4,17;
17,5;
5,17;
17,6;
6,17;
17,16;
16,17;
17,23;
23,17;
18,2;
2,18;
18,19;
19,18;
18,24;
24,18;
18,25;
25,18;
19,1;
1,19;
19,2;
2,19;
19,18;
18,19;
19,20;
20,19;
20,1;
1,20;
20,2;
2,20;
20,19;
19,20;
21,12;
12,21;
21,13;
13,21;
21,14;
14,21;
21,22;
22,21;
22,9;
9,22;
22,10;
10,22;
22,11;
11,22;
22,12;
12,22;
22,21;
21,22;
23,3;
3,23;
23,4;
4,23;
23,17;
17,23;
23,25;
25,23;
24,2;
2,24;
24,18;
18,24;
24,25;
25,24;
25,3;
3,25;
25,18;
18,25;
25,23;
23,25;
25,24;
24,25;
26,14;
14,26;
26,27;
27,26;
26,28;
28,26;
27,26;
26,27;
27,28;
28,27;
27,31;
31,27;
28,15;
15,28;
28,26;
26,28;
28,27;
27,28;
28,31;
31,28;
29,15;
15,29;
29,30;
30,29;
29,32;
32,29;
30,15;
15,30;
30,29;
29,30;
30,31;
31,30;
30,32;
32,30;
31,15;
15,31;
31,27;
27,31;
31,28;
28,31;
31,30;
30,31;
32,15;
15,32;
32,29;
29,32;
32,30;
30,32;
}
label = {
1,1;
2,1;
3,1;
4,1;
5,1;
6,1;
7,1;
8,1;
9,1;
10,1;
11,1;
12,1;
13,1;
14,1;
15,1;
16,2;
17,2;
18,2;
19,2;
20,2;
21,2;
22,2;
23,2;
24,2;
25,2;
26,2;
27,2;
28,2;
29,2;
30,2;
31,2;
32,2;
}