edge = {
1,2;
2,1;
1,20;
20,1;
1,21;
21,1;
1,28;
28,1;
2,1;
1,2;
2,3;
3,2;
2,21;
21,2;
3,2;
2,3;
3,22;
22,3;
3,29;
29,3;
4,5;
5,4;
4,6;
6,4;
4,7;
7,4;
4,32;
32,4;
5,4;
4,5;
5,6;
6,5;
5,30;
30,5;
6,4;
4,6;
6,5;
5,6;
6,7;
7,6;
6,30;
30,6;
7,4;
4,7;
7,6;
6,7;
7,8;
8,7;
7,9;
9,7;
7,23;
23,7;
7,30;
30,7;
8,7;
7,8;
8,9;
9,8;
8,23;
23,8;
9,7;
7,9;
9,8;
8,9;
9,10;
10,9;
9,24;
24,9;
10,9;
9,10;
10,11;
11,10;
10,24;
24,10;
10,25;
25,10;
11,10;
10,11;
11,12;
12,11;
11,25;
25,11;
12,11;
11,12;
12,13;
13,12;
12,14;
14,12;
12,25;
25,12;
12,26;
26,12;
13,12;
12,13;
13,14;
14,13;
13,26;
26,13;
14,12;
12,14;
14,13;
13,14;
14,15;
15,14;
14,26;
26,14;
15,14;
14,15;
15,16;
16,15;
15,17;
17,15;
15,26;
26,15;
16,15;
15,16;
16,17;
17,16;
16,26;
26,16;
17,15;
15,17;
17,16;
16,17;
17,27;
27,17;
18,19;
19,18;
18,33;
33,18;
18,34;
34,18;
19,18;
18,19;
19,33;
33,19;
19,34;
34,19;
19,35;
35,19;
20,1;
1,20;
20,21;
21,20;
20,28;
28,20;
21,1;
1,21;
21,2;
2,21;
21,20;
20,21;
21,28;
28,21;
22,3;
3,22;
22,29;
29,22;
22,31;
31,22;
22,32;
32,22;
23,7;
7,23;
23,8;
8,23;
23,24;
24,23;
23,30;
30,23;
24,9;
9,24;
24,10;
10,24;
24,23;
23,24;
24,25;
25,24;
25,10;
10,25;
25,11;
11,25;
25,12;
12,25;
25,24;
24,25;
26,12;
12,26;
26,13;
13,26;
26,14;
14,26;
26,15;
15,26;
26,16;
16,26;
27,17;
17,27;
27,33;
33,27;
27,34;
34,27;
28,1;
1,28;
28,20;
20,28;
28,21;
21,28;
29,3;
3,29;
29,22;
22,29;
29,31;
31,29;
29,32;
32,29;
30,5;
5,30;
30,6;
6,30;
30,7;
7,30;
30,23;
23,30;
31,22;
22,31;
31,29;
29,31;
31,32;
32,31;
32,4;
4,32;
32,22;
22,32;
32,29;
29,32;
32,31;
31,32;
33,18;
18,33;
33,19;
19,33;
33,27;
27,33;
33,34;
34,33;
34,18;
18,34;
34,19;
19,34;
34,27;
27,34;
34,33;
33,34;
35,19;
19,35;
35,36;
36,35;
35,37;
37,35;
36,35;
35,36;
36,37;
37,36;
36,39;
39,36;
37,35;
35,37;
37,36;
36,37;
37,39;
39,37;
37,41;
41,37;
38,40;
40,38;
38,41;
41,38;
38,42;
42,38;
39,36;
36,39;
39,37;
37,39;
39,41;
41,39;
40,38;
38,40;
40,41;
41,40;
40,42;
42,40;
41,37;
37,41;
41,38;
38,41;
41,39;
39,41;
41,40;
40,41;
41,42;
42,41;
42,38;
38,42;
42,40;
40,42;
42,41;
41,42;
}
label = {
1,1;
2,1;
3,1;
4,1;
5,1;
6,1;
7,1;
8,1;
9,1;
10,1;
11,1;
12,1;
13,1;
14,1;
15,1;
16,1;
17,1;
18,1;
19,1;
20,2;
21,2;
22,2;
23,2;
24,2;
25,2;
26,2;
27,2;
28,2;
29,2;
30,2;
31,2;
32,2;
33,2;
34,2;
35,2;
36,2;
37,2;
38,2;
39,2;
40,2;
41,2;
42,2;
}