edge = {
1,2;
2,1;
1,22;
22,1;
1,30;
30,1;
2,1;
1,2;
2,3;
3,2;
2,23;
23,2;
2,24;
24,2;
3,2;
2,3;
3,24;
24,3;
3,31;
31,3;
4,5;
5,4;
4,24;
24,4;
4,31;
31,4;
5,4;
4,5;
5,6;
6,5;
5,31;
31,5;
6,5;
5,6;
6,7;
7,6;
6,32;
32,6;
7,6;
6,7;
7,8;
8,7;
7,25;
25,7;
7,32;
32,7;
8,7;
7,8;
8,9;
9,8;
8,25;
25,8;
9,8;
8,9;
9,25;
25,9;
9,26;
26,9;
10,11;
11,10;
10,26;
26,10;
10,27;
27,10;
11,10;
10,11;
11,12;
12,11;
11,13;
13,11;
11,27;
27,11;
12,11;
11,12;
12,13;
13,12;
12,14;
14,12;
13,11;
11,13;
13,12;
12,13;
13,14;
14,13;
13,15;
15,13;
14,12;
12,14;
14,13;
13,14;
14,15;
15,14;
14,28;
28,14;
15,13;
13,15;
15,14;
14,15;
15,16;
16,15;
15,17;
17,15;
15,18;
18,15;
15,28;
28,15;
16,15;
15,16;
16,17;
17,16;
16,18;
18,16;
16,28;
28,16;
17,15;
15,17;
17,16;
16,17;
17,18;
18,17;
18,15;
15,18;
18,16;
16,18;
18,17;
17,18;
18,29;
29,18;
19,20;
20,19;
19,33;
33,19;
19,34;
34,19;
20,19;
19,20;
20,34;
34,20;
20,35;
35,20;
21,38;
38,21;
21,40;
40,21;
21,42;
42,21;
22,1;
1,22;
22,23;
23,22;
22,30;
30,22;
23,2;
2,23;
23,22;
22,23;
23,30;
30,23;
24,2;
2,24;
24,3;
3,24;
24,4;
4,24;
24,31;
31,24;
25,7;
7,25;
25,8;
8,25;
25,9;
9,25;
25,32;
32,25;
26,9;
9,26;
26,10;
10,26;
26,27;
27,26;
27,10;
10,27;
27,11;
11,27;
27,26;
26,27;
28,14;
14,28;
28,15;
15,28;
28,16;
16,28;
29,18;
18,29;
29,33;
33,29;
29,34;
34,29;
30,1;
1,30;
30,22;
22,30;
30,23;
23,30;
31,3;
3,31;
31,4;
4,31;
31,5;
5,31;
31,24;
24,31;
32,6;
6,32;
32,7;
7,32;
32,25;
25,32;
33,19;
19,33;
33,29;
29,33;
33,34;
34,33;
33,35;
35,33;
34,19;
19,34;
34,20;
20,34;
34,29;
29,34;
34,33;
33,34;
34,35;
35,34;
35,20;
20,35;
35,33;
33,35;
35,34;
34,35;
35,36;
36,35;
35,37;
37,35;
35,39;
39,35;
36,35;
35,36;
36,37;
37,36;
36,39;
39,36;
37,35;
35,37;
37,36;
36,37;
37,39;
39,37;
37,41;
41,37;
38,21;
21,38;
38,40;
40,38;
38,41;
41,38;
38,42;
42,38;
39,35;
35,39;
39,36;
36,39;
39,37;
37,39;
39,41;
41,39;
40,21;
21,40;
40,38;
38,40;
40,41;
41,40;
40,42;
42,40;
41,37;
37,41;
41,38;
38,41;
41,39;
39,41;
41,40;
40,41;
41,42;
42,41;
42,21;
21,42;
42,38;
38,42;
42,40;
40,42;
42,41;
41,42;
}
label = {
1,1;
2,1;
3,1;
4,1;
5,1;
6,1;
7,1;
8,1;
9,1;
10,1;
11,1;
12,1;
13,1;
14,1;
15,1;
16,1;
17,1;
18,1;
19,1;
20,1;
21,1;
22,2;
23,2;
24,2;
25,2;
26,2;
27,2;
28,2;
29,2;
30,2;
31,2;
32,2;
33,2;
34,2;
35,2;
36,2;
37,2;
38,2;
39,2;
40,2;
41,2;
42,2;
}