edge = {
1,2;
2,1;
1,19;
19,1;
1,27;
27,1;
2,1;
1,2;
2,3;
3,2;
2,19;
19,2;
2,20;
20,2;
3,2;
2,3;
3,4;
4,3;
3,28;
28,3;
3,29;
29,3;
4,3;
3,4;
4,21;
21,4;
4,29;
29,4;
5,6;
6,5;
5,30;
30,5;
5,31;
31,5;
6,5;
5,6;
6,7;
7,6;
6,8;
8,6;
7,6;
6,7;
7,8;
8,7;
7,9;
9,7;
7,22;
22,7;
8,6;
6,8;
8,7;
7,8;
8,9;
9,8;
8,22;
22,8;
8,23;
23,8;
9,7;
7,9;
9,8;
8,9;
9,22;
22,9;
9,23;
23,9;
10,11;
11,10;
10,23;
23,10;
10,24;
24,10;
11,10;
10,11;
11,12;
12,11;
11,24;
24,11;
12,11;
11,12;
12,13;
13,12;
12,24;
24,12;
12,25;
25,12;
13,12;
12,13;
13,14;
14,13;
13,25;
25,13;
14,13;
13,14;
14,15;
15,14;
14,16;
16,14;
14,25;
25,14;
14,26;
26,14;
15,14;
14,15;
15,16;
16,15;
15,26;
26,15;
16,14;
14,16;
16,15;
15,16;
16,26;
26,16;
16,32;
32,16;
17,34;
34,17;
17,36;
36,17;
17,38;
38,17;
18,35;
35,18;
18,40;
40,18;
18,41;
41,18;
19,1;
1,19;
19,2;
2,19;
19,20;
20,19;
19,27;
27,19;
19,28;
28,19;
20,2;
2,20;
20,19;
19,20;
20,27;
27,20;
20,28;
28,20;
20,29;
29,20;
21,4;
4,21;
21,29;
29,21;
21,30;
30,21;
21,31;
31,21;
22,7;
7,22;
22,8;
8,22;
22,9;
9,22;
22,23;
23,22;
23,8;
8,23;
23,9;
9,23;
23,10;
10,23;
23,22;
22,23;
23,24;
24,23;
24,10;
10,24;
24,11;
11,24;
24,12;
12,24;
24,23;
23,24;
25,12;
12,25;
25,13;
13,25;
25,14;
14,25;
25,26;
26,25;
26,14;
14,26;
26,15;
15,26;
26,16;
16,26;
26,25;
25,26;
26,32;
32,26;
27,1;
1,27;
27,19;
19,27;
27,20;
20,27;
28,3;
3,28;
28,19;
19,28;
28,20;
20,28;
28,29;
29,28;
29,3;
3,29;
29,4;
4,29;
29,20;
20,29;
29,21;
21,29;
29,28;
28,29;
30,5;
5,30;
30,21;
21,30;
30,31;
31,30;
31,5;
5,31;
31,21;
21,31;
31,30;
30,31;
32,16;
16,32;
32,26;
26,32;
32,33;
33,32;
32,34;
34,32;
33,32;
32,33;
33,34;
34,33;
33,38;
38,33;
34,17;
17,34;
34,32;
32,34;
34,33;
33,34;
34,38;
38,34;
35,18;
18,35;
35,39;
39,35;
35,40;
40,35;
35,41;
41,35;
36,17;
17,36;
36,37;
37,36;
36,38;
38,36;
37,36;
36,37;
37,39;
39,37;
37,40;
40,37;
38,17;
17,38;
38,33;
33,38;
38,34;
34,38;
38,36;
36,38;
39,35;
35,39;
39,37;
37,39;
39,40;
40,39;
39,41;
41,39;
40,18;
18,40;
40,35;
35,40;
40,37;
37,40;
40,39;
39,40;
40,41;
41,40;
41,18;
18,41;
41,35;
35,41;
41,39;
39,41;
41,40;
40,41;
}
label = {
1,1;
2,1;
3,1;
4,1;
5,1;
6,1;
7,1;
8,1;
9,1;
10,1;
11,1;
12,1;
13,1;
14,1;
15,1;
16,1;
17,1;
18,1;
19,2;
20,2;
21,2;
22,2;
23,2;
24,2;
25,2;
26,2;
27,2;
28,2;
29,2;
30,2;
31,2;
32,2;
33,2;
34,2;
35,2;
36,2;
37,2;
38,2;
39,2;
40,2;
41,2;
}