edge = {
1,2;
2,1;
1,18;
18,1;
1,26;
26,1;
2,1;
1,2;
2,18;
18,2;
2,19;
19,2;
2,26;
26,2;
3,4;
4,3;
3,19;
19,3;
3,27;
27,3;
3,28;
28,3;
4,3;
3,4;
4,20;
20,4;
4,28;
28,4;
4,29;
29,4;
4,30;
30,4;
5,6;
6,5;
5,7;
7,5;
5,30;
30,5;
6,5;
5,6;
6,7;
7,6;
6,8;
8,6;
7,5;
5,7;
7,6;
6,7;
7,8;
8,7;
7,9;
9,7;
7,21;
21,7;
8,6;
6,8;
8,7;
7,8;
8,9;
9,8;
8,10;
10,8;
8,21;
21,8;
9,7;
7,9;
9,8;
8,9;
9,10;
10,9;
9,22;
22,9;
10,8;
8,10;
10,9;
9,10;
10,11;
11,10;
10,22;
22,10;
10,23;
23,10;
11,10;
10,11;
11,12;
12,11;
11,22;
22,11;
11,23;
23,11;
12,11;
11,12;
12,23;
23,12;
12,24;
24,12;
13,14;
14,13;
13,24;
24,13;
13,25;
25,13;
14,13;
13,14;
14,15;
15,14;
14,25;
25,14;
15,14;
14,15;
15,25;
25,15;
15,31;
31,15;
16,33;
33,16;
16,35;
35,16;
16,37;
37,16;
17,34;
34,17;
17,38;
38,17;
17,39;
39,17;
17,40;
40,17;
18,1;
1,18;
18,2;
2,18;
18,26;
26,18;
19,2;
2,19;
19,3;
3,19;
19,27;
27,19;
19,28;
28,19;
20,4;
4,20;
20,29;
29,20;
20,30;
30,20;
21,7;
7,21;
21,8;
8,21;
21,22;
22,21;
22,9;
9,22;
22,10;
10,22;
22,11;
11,22;
22,21;
21,22;
22,23;
23,22;
23,10;
10,23;
23,11;
11,23;
23,12;
12,23;
23,22;
22,23;
24,12;
12,24;
24,13;
13,24;
24,25;
25,24;
25,13;
13,25;
25,14;
14,25;
25,15;
15,25;
25,24;
24,25;
26,1;
1,26;
26,2;
2,26;
26,18;
18,26;
27,3;
3,27;
27,19;
19,27;
27,28;
28,27;
28,3;
3,28;
28,4;
4,28;
28,19;
19,28;
28,27;
27,28;
29,4;
4,29;
29,20;
20,29;
29,30;
30,29;
30,4;
4,30;
30,5;
5,30;
30,20;
20,30;
30,29;
29,30;
31,15;
15,31;
31,32;
32,31;
31,33;
33,31;
32,31;
31,32;
32,33;
33,32;
32,37;
37,32;
33,16;
16,33;
33,31;
31,33;
33,32;
32,33;
33,37;
37,33;
34,17;
17,34;
34,39;
39,34;
34,40;
40,34;
35,16;
16,35;
35,36;
36,35;
35,37;
37,35;
36,35;
35,36;
36,38;
38,36;
36,39;
39,36;
37,16;
16,37;
37,32;
32,37;
37,33;
33,37;
37,35;
35,37;
38,17;
17,38;
38,36;
36,38;
38,39;
39,38;
39,17;
17,39;
39,34;
34,39;
39,36;
36,39;
39,38;
38,39;
39,40;
40,39;
40,17;
17,40;
40,34;
34,40;
40,39;
39,40;
}
label = {
1,1;
2,1;
3,1;
4,1;
5,1;
6,1;
7,1;
8,1;
9,1;
10,1;
11,1;
12,1;
13,1;
14,1;
15,1;
16,1;
17,1;
18,2;
19,2;
20,2;
21,2;
22,2;
23,2;
24,2;
25,2;
26,2;
27,2;
28,2;
29,2;
30,2;
31,2;
32,2;
33,2;
34,2;
35,2;
36,2;
37,2;
38,2;
39,2;
40,2;
}