edge = {
1,2;
2,1;
1,22;
22,1;
1,23;
23,1;
2,1;
1,2;
2,3;
3,2;
2,4;
4,2;
2,21;
21,2;
2,26;
26,2;
3,2;
2,3;
3,4;
4,3;
3,5;
5,3;
3,27;
27,3;
4,2;
2,4;
4,3;
3,4;
4,5;
5,4;
4,6;
6,4;
4,33;
33,4;
5,3;
3,5;
5,4;
4,5;
5,6;
6,5;
5,7;
7,5;
5,20;
20,5;
5,34;
34,5;
6,4;
4,6;
6,5;
5,6;
6,7;
7,6;
6,8;
8,6;
6,20;
20,6;
7,5;
5,7;
7,6;
6,7;
7,8;
8,7;
7,19;
19,7;
8,6;
6,8;
8,7;
7,8;
8,9;
9,8;
8,10;
10,8;
8,18;
18,8;
8,19;
19,8;
9,8;
8,9;
9,10;
10,9;
9,11;
11,9;
9,18;
18,9;
10,8;
8,10;
10,9;
9,10;
10,11;
11,10;
11,9;
9,11;
11,10;
10,11;
11,12;
12,11;
11,17;
17,11;
12,11;
11,12;
12,13;
13,12;
12,14;
14,12;
12,15;
15,12;
12,17;
17,12;
12,24;
24,12;
13,12;
12,13;
13,14;
14,13;
13,15;
15,13;
13,16;
16,13;
13,24;
24,13;
14,12;
12,14;
14,13;
13,14;
14,15;
15,14;
14,16;
16,14;
15,12;
12,15;
15,13;
13,15;
15,14;
14,15;
15,16;
16,15;
15,36;
36,15;
16,13;
13,16;
16,14;
14,16;
16,15;
15,16;
16,40;
40,16;
16,42;
42,16;
17,11;
11,17;
17,12;
12,17;
17,18;
18,17;
17,19;
19,17;
17,24;
24,17;
18,8;
8,18;
18,9;
9,18;
18,17;
17,18;
18,19;
19,18;
18,20;
20,18;
19,7;
7,19;
19,8;
8,19;
19,17;
17,19;
19,18;
18,19;
19,20;
20,19;
19,34;
34,19;
20,5;
5,20;
20,6;
6,20;
20,18;
18,20;
20,19;
19,20;
20,34;
34,20;
21,2;
2,21;
21,26;
26,21;
21,28;
28,21;
21,31;
31,21;
21,35;
35,21;
22,1;
1,22;
22,23;
23,22;
22,25;
25,22;
22,26;
26,22;
23,1;
1,23;
23,22;
22,23;
23,25;
25,23;
23,26;
26,23;
24,12;
12,24;
24,13;
13,24;
24,17;
17,24;
24,36;
36,24;
24,37;
37,24;
25,22;
22,25;
25,23;
23,25;
25,26;
26,25;
26,2;
2,26;
26,21;
21,26;
26,22;
22,26;
26,23;
23,26;
26,25;
25,26;
27,3;
3,27;
27,28;
28,27;
27,29;
29,27;
27,30;
30,27;
27,32;
32,27;
27,33;
33,27;
28,21;
21,28;
28,27;
27,28;
28,29;
29,28;
28,30;
30,28;
28,31;
31,28;
28,35;
35,28;
29,27;
27,29;
29,28;
28,29;
29,30;
30,29;
29,31;
31,29;
30,27;
27,30;
30,28;
28,30;
30,29;
29,30;
30,33;
33,30;
31,21;
21,31;
31,28;
28,31;
31,29;
29,31;
31,35;
35,31;
32,27;
27,32;
32,33;
33,32;
32,34;
34,32;
33,4;
4,33;
33,27;
27,33;
33,30;
30,33;
33,32;
32,33;
33,34;
34,33;
34,5;
5,34;
34,19;
19,34;
34,20;
20,34;
34,32;
32,34;
34,33;
33,34;
35,21;
21,35;
35,28;
28,35;
35,31;
31,35;
36,15;
15,36;
36,24;
24,36;
36,37;
37,36;
36,38;
38,36;
36,42;
42,36;
37,24;
24,37;
37,36;
36,37;
37,38;
38,37;
37,42;
42,37;
38,36;
36,38;
38,37;
37,38;
38,40;
40,38;
38,42;
42,38;
39,40;
40,39;
39,41;
41,39;
39,43;
43,39;
40,16;
16,40;
40,38;
38,40;
40,39;
39,40;
40,41;
41,40;
40,42;
42,40;
40,43;
43,40;
41,39;
39,41;
41,40;
40,41;
41,42;
42,41;
41,43;
43,41;
42,16;
16,42;
42,36;
36,42;
42,37;
37,42;
42,38;
38,42;
42,40;
40,42;
42,41;
41,42;
43,39;
39,43;
43,40;
40,43;
43,41;
41,43;
}
label = {
1,1;
2,1;
3,1;
4,1;
5,1;
6,1;
7,1;
8,1;
9,1;
10,1;
11,1;
12,1;
13,1;
14,1;
15,1;
16,1;
17,2;
18,2;
19,2;
20,2;
21,2;
22,2;
23,2;
24,2;
25,2;
26,2;
27,2;
28,2;
29,2;
30,2;
31,2;
32,2;
33,2;
34,2;
35,2;
36,2;
37,2;
38,2;
39,2;
40,2;
41,2;
42,2;
43,2;
}