edge = {
2,7;
7,2;
2,20;
20,2;
2,22;
22,2;
2,29;
29,2;
3,17;
17,3;
3,26;
26,3;
3,35;
35,3;
4,17;
17,4;
4,23;
23,4;
4,26;
26,4;
5,20;
20,5;
5,29;
29,5;
5,31;
31,5;
5,38;
38,5;
6,17;
17,6;
6,26;
26,6;
6,32;
32,6;
6,35;
35,6;
7,2;
2,7;
7,13;
13,7;
7,20;
20,7;
7,29;
29,7;
7,38;
38,7;
7,40;
40,7;
8,41;
41,8;
8,44;
44,8;
9,13;
13,9;
9,20;
20,9;
9,29;
29,9;
9,38;
38,9;
9,47;
47,9;
9,49;
49,9;
10,50;
50,10;
10,53;
53,10;
11,13;
13,11;
11,56;
56,11;
11,58;
58,11;
12,59;
59,12;
12,62;
62,12;
13,7;
7,13;
13,9;
9,13;
13,11;
11,13;
13,65;
65,13;
13,67;
67,13;
14,17;
17,14;
14,19;
19,14;
15,18;
18,15;
15,21;
21,15;
16,22;
22,16;
17,3;
3,17;
17,4;
4,17;
17,6;
6,17;
17,14;
14,17;
18,15;
15,18;
18,19;
19,18;
19,14;
14,19;
19,18;
18,19;
20,2;
2,20;
20,5;
5,20;
20,7;
7,20;
20,9;
9,20;
20,21;
21,20;
21,15;
15,21;
21,20;
20,21;
22,2;
2,22;
22,16;
16,22;
22,67;
67,22;
23,4;
4,23;
23,28;
28,23;
24,27;
27,24;
24,30;
30,24;
25,31;
31,25;
26,3;
3,26;
26,4;
4,26;
26,6;
6,26;
27,24;
24,27;
27,28;
28,27;
28,23;
23,28;
28,27;
27,28;
29,2;
2,29;
29,5;
5,29;
29,7;
7,29;
29,9;
9,29;
29,30;
30,29;
30,24;
24,30;
30,29;
29,30;
31,5;
5,31;
31,25;
25,31;
31,67;
67,31;
32,6;
6,32;
32,37;
37,32;
33,36;
36,33;
33,39;
39,33;
34,40;
40,34;
35,3;
3,35;
35,6;
6,35;
36,33;
33,36;
36,37;
37,36;
37,32;
32,37;
37,36;
36,37;
38,5;
5,38;
38,7;
7,38;
38,9;
9,38;
38,39;
39,38;
39,33;
33,39;
39,38;
38,39;
40,7;
7,40;
40,34;
34,40;
40,67;
67,40;
41,8;
8,41;
41,46;
46,41;
42,45;
45,42;
42,48;
48,42;
43,49;
49,43;
44,8;
8,44;
45,42;
42,45;
45,46;
46,45;
46,41;
41,46;
46,45;
45,46;
47,9;
9,47;
47,48;
48,47;
48,42;
42,48;
48,47;
47,48;
49,9;
9,49;
49,43;
43,49;
50,10;
10,50;
50,55;
55,50;
51,54;
54,51;
51,57;
57,51;
52,58;
58,52;
53,10;
10,53;
54,51;
51,54;
54,55;
55,54;
55,50;
50,55;
55,54;
54,55;
56,11;
11,56;
56,57;
57,56;
57,51;
51,57;
57,56;
56,57;
58,11;
11,58;
58,52;
52,58;
59,12;
12,59;
59,64;
64,59;
60,63;
63,60;
60,66;
66,60;
61,67;
67,61;
62,12;
12,62;
63,60;
60,63;
63,64;
64,63;
64,59;
59,64;
64,63;
63,64;
65,13;
13,65;
65,66;
66,65;
66,60;
60,66;
66,65;
65,66;
67,13;
13,67;
67,22;
22,67;
67,31;
31,67;
67,40;
40,67;
67,61;
61,67;
}
label = {
1,1;
2,1;
3,1;
4,1;
5,1;
6,1;
7,1;
8,1;
9,1;
10,1;
11,1;
12,1;
13,1;
14,2;
15,2;
16,2;
17,2;
18,2;
19,2;
20,2;
21,2;
22,2;
23,2;
24,2;
25,2;
26,2;
27,2;
28,2;
29,2;
30,2;
31,2;
32,2;
33,2;
34,2;
35,2;
36,2;
37,2;
38,2;
39,2;
40,2;
41,2;
42,2;
43,2;
44,2;
45,2;
46,2;
47,2;
48,2;
49,2;
50,2;
51,2;
52,2;
53,2;
54,2;
55,2;
56,2;
57,2;
58,2;
59,2;
60,2;
61,2;
62,2;
63,2;
64,2;
65,2;
66,2;
67,2;
}