edge = {
1,2;
2,1;
1,10;
10,1;
2,1;
1,2;
2,3;
3,2;
2,11;
11,2;
2,19;
19,2;
2,22;
22,2;
3,2;
2,3;
3,4;
4,3;
3,10;
10,3;
3,12;
12,3;
3,38;
38,3;
3,44;
44,3;
4,3;
3,4;
4,11;
11,4;
4,43;
43,4;
4,45;
45,4;
5,6;
6,5;
5,13;
13,5;
5,14;
14,5;
5,40;
40,5;
6,5;
5,6;
6,13;
13,6;
6,42;
42,6;
7,8;
8,7;
7,16;
16,7;
7,21;
21,7;
8,7;
7,8;
8,15;
15,8;
8,16;
16,8;
9,17;
17,9;
9,32;
32,9;
10,1;
1,10;
10,3;
3,10;
10,11;
11,10;
10,34;
34,10;
10,37;
37,10;
11,2;
2,11;
11,4;
4,11;
11,10;
10,11;
11,12;
12,11;
12,3;
3,12;
12,11;
11,12;
12,13;
13,12;
13,5;
5,13;
13,6;
6,13;
13,12;
12,13;
13,14;
14,13;
14,5;
5,14;
14,13;
13,14;
14,15;
15,14;
15,8;
8,15;
15,14;
14,15;
15,16;
16,15;
16,7;
7,16;
16,8;
8,16;
16,15;
15,16;
17,9;
9,17;
17,18;
18,17;
17,33;
33,17;
18,17;
17,18;
18,22;
22,18;
18,32;
32,18;
18,37;
37,18;
19,2;
2,19;
19,24;
24,19;
19,39;
39,19;
20,31;
31,20;
20,35;
35,20;
20,46;
46,20;
21,7;
7,21;
21,27;
27,21;
21,36;
36,21;
21,42;
42,21;
22,2;
2,22;
22,18;
18,22;
22,33;
33,22;
23,24;
24,23;
23,38;
38,23;
23,39;
39,23;
24,19;
19,24;
24,23;
23,24;
24,34;
34,24;
24,38;
38,24;
24,39;
39,24;
25,26;
26,25;
25,40;
40,25;
25,41;
41,25;
26,25;
25,26;
26,35;
35,26;
26,40;
40,26;
26,41;
41,26;
27,21;
21,27;
27,36;
36,27;
27,42;
42,27;
28,29;
29,28;
28,43;
43,28;
28,44;
44,28;
29,28;
28,29;
29,43;
43,29;
29,44;
44,29;
30,31;
31,30;
30,45;
45,30;
30,46;
46,30;
31,20;
20,31;
31,30;
30,31;
31,35;
35,31;
31,45;
45,31;
31,46;
46,31;
32,9;
9,32;
32,18;
18,32;
32,33;
33,32;
33,17;
17,33;
33,22;
22,33;
33,32;
32,33;
33,37;
37,33;
34,10;
10,34;
34,24;
24,34;
34,39;
39,34;
35,20;
20,35;
35,26;
26,35;
35,31;
31,35;
35,46;
46,35;
36,21;
21,36;
36,27;
27,36;
36,42;
42,36;
37,10;
10,37;
37,18;
18,37;
37,33;
33,37;
38,3;
3,38;
38,23;
23,38;
38,24;
24,38;
38,39;
39,38;
39,19;
19,39;
39,23;
23,39;
39,24;
24,39;
39,34;
34,39;
39,38;
38,39;
40,5;
5,40;
40,25;
25,40;
40,26;
26,40;
40,41;
41,40;
41,25;
25,41;
41,26;
26,41;
41,40;
40,41;
42,6;
6,42;
42,21;
21,42;
42,27;
27,42;
42,36;
36,42;
43,4;
4,43;
43,28;
28,43;
43,29;
29,43;
43,44;
44,43;
44,3;
3,44;
44,28;
28,44;
44,29;
29,44;
44,43;
43,44;
45,4;
4,45;
45,30;
30,45;
45,31;
31,45;
45,46;
46,45;
46,20;
20,46;
46,30;
30,46;
46,31;
31,46;
46,35;
35,46;
46,45;
45,46;
}
label = {
1,1;
2,1;
3,1;
4,1;
5,1;
6,1;
7,1;
8,1;
9,1;
10,1;
11,1;
12,1;
13,1;
14,1;
15,1;
16,1;
17,2;
18,2;
19,2;
20,2;
21,2;
22,2;
23,2;
24,2;
25,2;
26,2;
27,2;
28,2;
29,2;
30,2;
31,2;
32,2;
33,2;
34,2;
35,2;
36,2;
37,2;
38,2;
39,2;
40,2;
41,2;
42,2;
43,2;
44,2;
45,2;
46,2;
}