edge = {
1,22;
22,1;
1,37;
37,1;
1,52;
52,1;
2,28;
28,2;
2,34;
34,2;
2,43;
43,2;
3,33;
33,3;
3,35;
35,3;
3,48;
48,3;
3,63;
63,3;
4,30;
30,4;
4,32;
32,4;
4,45;
45,4;
4,60;
60,4;
5,6;
6,5;
5,7;
7,5;
5,20;
20,5;
5,26;
26,5;
5,41;
41,5;
6,5;
5,6;
6,7;
7,6;
7,5;
5,7;
7,6;
6,7;
7,20;
20,7;
8,22;
22,8;
8,37;
37,8;
9,10;
10,9;
9,17;
17,9;
9,28;
28,9;
9,43;
43,9;
9,49;
49,9;
10,9;
9,10;
10,33;
33,10;
10,48;
48,10;
10,50;
50,10;
11,30;
30,11;
11,45;
45,11;
11,47;
47,11;
12,13;
13,12;
12,14;
14,12;
12,41;
41,12;
13,12;
12,13;
13,14;
14,13;
13,19;
19,13;
13,21;
21,13;
14,12;
12,14;
14,13;
13,14;
14,19;
19,14;
15,22;
22,15;
15,37;
37,15;
15,52;
52,15;
16,17;
17,16;
16,28;
28,16;
16,34;
34,16;
16,58;
58,16;
16,64;
64,16;
17,9;
9,17;
17,16;
16,17;
17,33;
33,17;
17,63;
63,17;
17,65;
65,17;
18,30;
30,18;
18,60;
60,18;
18,62;
62,18;
19,13;
13,19;
19,14;
14,19;
19,20;
20,19;
19,21;
21,19;
19,56;
56,19;
20,5;
5,20;
20,7;
7,20;
20,19;
19,20;
20,21;
21,20;
21,13;
13,21;
21,19;
19,21;
21,20;
20,21;
22,1;
1,22;
22,8;
8,22;
22,15;
15,22;
22,23;
23,22;
23,22;
22,23;
23,27;
27,23;
23,37;
37,23;
23,42;
42,23;
23,52;
52,23;
23,57;
57,23;
24,27;
27,24;
24,29;
29,24;
25,31;
31,25;
25,36;
36,25;
26,5;
5,26;
26,32;
32,26;
26,47;
47,26;
26,62;
62,26;
27,23;
23,27;
27,24;
24,27;
27,38;
38,27;
27,53;
53,27;
28,2;
2,28;
28,9;
9,28;
28,16;
16,28;
28,29;
29,28;
28,44;
44,28;
28,59;
59,28;
29,24;
24,29;
29,28;
28,29;
29,39;
39,29;
29,43;
43,29;
29,54;
54,29;
29,58;
58,29;
30,4;
4,30;
30,11;
11,30;
30,18;
18,30;
30,31;
31,30;
30,46;
46,30;
30,61;
61,30;
31,25;
25,31;
31,30;
30,31;
32,4;
4,32;
32,26;
26,32;
32,41;
41,32;
32,56;
56,32;
33,3;
3,33;
33,10;
10,33;
33,17;
17,33;
33,34;
34,33;
33,49;
49,33;
33,64;
64,33;
34,2;
2,34;
34,16;
16,34;
34,33;
33,34;
34,48;
48,34;
34,63;
63,34;
35,3;
3,35;
35,36;
36,35;
35,51;
51,35;
35,66;
66,35;
36,25;
25,36;
36,35;
35,36;
36,40;
40,36;
36,50;
50,36;
36,55;
55,36;
36,65;
65,36;
36,66;
66,36;
37,1;
1,37;
37,8;
8,37;
37,15;
15,37;
37,23;
23,37;
37,38;
38,37;
38,27;
27,38;
38,37;
37,38;
38,42;
42,38;
39,29;
29,39;
39,42;
42,39;
40,36;
36,40;
40,46;
46,40;
40,51;
51,40;
41,5;
5,41;
41,12;
12,41;
41,32;
32,41;
41,47;
47,41;
42,23;
23,42;
42,38;
38,42;
42,39;
39,42;
43,2;
2,43;
43,9;
9,43;
43,29;
29,43;
43,44;
44,43;
44,28;
28,44;
44,43;
43,44;
45,4;
4,45;
45,11;
11,45;
45,46;
46,45;
46,30;
30,46;
46,40;
40,46;
46,45;
45,46;
47,11;
11,47;
47,26;
26,47;
47,41;
41,47;
48,3;
3,48;
48,10;
10,48;
48,34;
34,48;
48,49;
49,48;
49,9;
9,49;
49,33;
33,49;
49,48;
48,49;
50,10;
10,50;
50,36;
36,50;
50,51;
51,50;
51,35;
35,51;
51,40;
40,51;
51,50;
50,51;
51,66;
66,51;
52,1;
1,52;
52,15;
15,52;
52,23;
23,52;
52,53;
53,52;
53,27;
27,53;
53,52;
52,53;
53,57;
57,53;
54,29;
29,54;
54,57;
57,54;
55,36;
36,55;
55,61;
61,55;
55,66;
66,55;
56,19;
19,56;
56,32;
32,56;
56,62;
62,56;
57,23;
23,57;
57,53;
53,57;
57,54;
54,57;
58,16;
16,58;
58,29;
29,58;
58,59;
59,58;
59,28;
28,59;
59,58;
58,59;
60,4;
4,60;
60,18;
18,60;
60,61;
61,60;
61,30;
30,61;
61,55;
55,61;
61,60;
60,61;
62,18;
18,62;
62,26;
26,62;
62,56;
56,62;
63,3;
3,63;
63,17;
17,63;
63,34;
34,63;
63,64;
64,63;
64,16;
16,64;
64,33;
33,64;
64,63;
63,64;
65,17;
17,65;
65,36;
36,65;
65,66;
66,65;
66,35;
35,66;
66,36;
36,66;
66,51;
51,66;
66,55;
55,66;
66,65;
65,66;
}
label = {
1,1;
2,1;
3,1;
4,1;
5,1;
6,1;
7,1;
8,1;
9,1;
10,1;
11,1;
12,1;
13,1;
14,1;
15,1;
16,1;
17,1;
18,1;
19,1;
20,1;
21,1;
22,2;
23,2;
24,2;
25,2;
26,2;
27,2;
28,2;
29,2;
30,2;
31,2;
32,2;
33,2;
34,2;
35,2;
36,2;
37,2;
38,2;
39,2;
40,2;
41,2;
42,2;
43,2;
44,2;
45,2;
46,2;
47,2;
48,2;
49,2;
50,2;
51,2;
52,2;
53,2;
54,2;
55,2;
56,2;
57,2;
58,2;
59,2;
60,2;
61,2;
62,2;
63,2;
64,2;
65,2;
66,2;
}