edge = {
1,2;
2,1;
1,13;
13,1;
1,21;
21,1;
2,1;
1,2;
2,3;
3,2;
2,4;
4,2;
2,13;
13,2;
2,14;
14,2;
2,21;
21,2;
3,2;
2,3;
3,4;
4,3;
3,5;
5,3;
3,14;
14,3;
4,2;
2,4;
4,3;
3,4;
4,5;
5,4;
4,15;
15,4;
5,3;
3,5;
5,4;
4,5;
5,6;
6,5;
5,15;
15,5;
5,16;
16,5;
6,5;
5,6;
6,7;
7,6;
6,8;
8,6;
6,16;
16,6;
6,17;
17,6;
7,6;
6,7;
7,8;
8,7;
7,9;
9,7;
7,17;
17,7;
8,6;
6,8;
8,7;
7,8;
8,9;
9,8;
8,18;
18,8;
9,7;
7,9;
9,8;
8,9;
9,10;
10,9;
9,18;
18,9;
9,19;
19,9;
10,9;
9,10;
10,11;
11,10;
10,12;
12,10;
10,19;
19,10;
10,20;
20,10;
11,10;
10,11;
11,12;
12,11;
11,20;
20,11;
12,10;
10,12;
12,11;
11,12;
13,1;
1,13;
13,2;
2,13;
13,14;
14,13;
13,21;
21,13;
14,2;
2,14;
14,3;
3,14;
14,13;
13,14;
14,15;
15,14;
14,21;
21,14;
15,4;
4,15;
15,5;
5,15;
15,14;
14,15;
15,16;
16,15;
16,5;
5,16;
16,6;
6,16;
16,15;
15,16;
16,17;
17,16;
17,6;
6,17;
17,7;
7,17;
17,16;
16,17;
17,18;
18,17;
18,8;
8,18;
18,9;
9,18;
18,17;
17,18;
18,19;
19,18;
19,9;
9,19;
19,10;
10,19;
19,18;
18,19;
19,20;
20,19;
20,10;
10,20;
20,11;
11,20;
20,19;
19,20;
21,1;
1,21;
21,2;
2,21;
21,13;
13,21;
21,14;
14,21;
}
label = {
1,1;
2,1;
3,1;
4,1;
5,1;
6,1;
7,1;
8,1;
9,1;
10,1;
11,1;
12,1;
13,2;
14,2;
15,2;
16,2;
17,2;
18,2;
19,2;
20,2;
21,2;
}