edge = {
1,2;
2,1;
1,13;
13,1;
2,1;
1,2;
2,12;
12,2;
2,13;
13,2;
2,25;
25,2;
2,26;
26,2;
3,4;
4,3;
3,14;
14,3;
3,26;
26,3;
3,27;
27,3;
4,3;
3,4;
4,5;
5,4;
4,27;
27,4;
5,4;
4,5;
5,18;
18,5;
5,28;
28,5;
6,7;
7,6;
6,17;
17,6;
6,19;
19,6;
6,28;
28,6;
7,6;
6,7;
7,8;
8,7;
7,18;
18,7;
7,20;
20,7;
7,29;
29,7;
8,7;
7,8;
8,19;
19,8;
8,29;
29,8;
8,30;
30,8;
9,10;
10,9;
9,11;
11,9;
9,22;
22,9;
9,30;
30,9;
9,31;
31,9;
10,9;
9,10;
10,11;
11,10;
10,21;
21,10;
10,31;
31,10;
11,9;
9,11;
11,10;
10,11;
11,23;
23,11;
12,2;
2,12;
12,13;
13,12;
12,34;
34,12;
12,41;
41,12;
13,1;
1,13;
13,2;
2,13;
13,12;
12,13;
13,14;
14,13;
13,34;
34,13;
14,3;
3,14;
14,13;
13,14;
14,15;
15,14;
14,35;
35,14;
15,14;
14,15;
15,16;
16,15;
15,35;
35,15;
15,36;
36,15;
16,15;
15,16;
16,17;
17,16;
16,36;
36,16;
17,6;
6,17;
17,16;
16,17;
17,37;
37,17;
18,5;
5,18;
18,7;
7,18;
18,19;
19,18;
18,37;
37,18;
19,6;
6,19;
19,8;
8,19;
19,18;
18,19;
19,20;
20,19;
19,38;
38,19;
20,7;
7,20;
20,19;
19,20;
20,38;
38,20;
20,39;
39,20;
21,10;
10,21;
21,22;
22,21;
21,23;
23,21;
21,39;
39,21;
21,40;
40,21;
22,9;
9,22;
22,21;
21,22;
22,23;
23,22;
22,40;
40,22;
23,11;
11,23;
23,21;
21,23;
23,22;
22,23;
24,25;
25,24;
24,32;
32,24;
24,34;
34,24;
24,41;
41,24;
25,2;
2,25;
25,24;
24,25;
25,26;
26,25;
25,32;
32,25;
25,35;
35,25;
26,2;
2,26;
26,3;
3,26;
26,25;
25,26;
26,27;
27,26;
26,34;
34,26;
26,36;
36,26;
27,3;
3,27;
27,4;
4,27;
27,26;
26,27;
27,28;
28,27;
27,35;
35,27;
27,37;
37,27;
28,5;
5,28;
28,6;
6,28;
28,27;
27,28;
28,36;
36,28;
29,7;
7,29;
29,8;
8,29;
29,30;
30,29;
29,39;
39,29;
30,8;
8,30;
30,9;
9,30;
30,29;
29,30;
30,31;
31,30;
30,38;
38,30;
30,40;
40,30;
31,9;
9,31;
31,10;
10,31;
31,30;
30,31;
31,39;
39,31;
32,24;
24,32;
32,25;
25,32;
32,33;
33,32;
32,34;
34,32;
32,41;
41,32;
33,32;
32,33;
33,41;
41,33;
34,12;
12,34;
34,13;
13,34;
34,24;
24,34;
34,26;
26,34;
34,32;
32,34;
34,35;
35,34;
35,14;
14,35;
35,15;
15,35;
35,25;
25,35;
35,27;
27,35;
35,34;
34,35;
35,36;
36,35;
36,15;
15,36;
36,16;
16,36;
36,26;
26,36;
36,28;
28,36;
36,35;
35,36;
36,37;
37,36;
37,17;
17,37;
37,18;
18,37;
37,27;
27,37;
37,36;
36,37;
38,19;
19,38;
38,20;
20,38;
38,30;
30,38;
38,39;
39,38;
39,20;
20,39;
39,21;
21,39;
39,29;
29,39;
39,31;
31,39;
39,38;
38,39;
39,40;
40,39;
40,21;
21,40;
40,22;
22,40;
40,30;
30,40;
40,39;
39,40;
41,12;
12,41;
41,24;
24,41;
41,32;
32,41;
41,33;
33,41;
}
label = {
1,1;
2,1;
3,1;
4,1;
5,1;
6,1;
7,1;
8,1;
9,1;
10,1;
11,1;
12,1;
13,1;
14,1;
15,1;
16,1;
17,1;
18,1;
19,1;
20,1;
21,1;
22,1;
23,1;
24,2;
25,2;
26,2;
27,2;
28,2;
29,2;
30,2;
31,2;
32,2;
33,2;
34,2;
35,2;
36,2;
37,2;
38,2;
39,2;
40,2;
41,2;
}