edge = {
1,19;
19,1;
1,23;
23,1;
1,27;
27,1;
2,3;
3,2;
2,4;
4,2;
2,16;
16,2;
2,20;
20,2;
3,2;
2,3;
3,4;
4,3;
3,5;
5,3;
4,2;
2,4;
4,3;
3,4;
4,5;
5,4;
5,3;
3,5;
5,4;
4,5;
6,19;
19,6;
6,23;
23,6;
7,8;
8,7;
7,9;
9,7;
7,10;
10,7;
7,20;
20,7;
8,7;
7,8;
8,9;
9,8;
8,10;
10,8;
9,7;
7,9;
9,8;
8,9;
9,10;
10,9;
10,7;
7,10;
10,8;
8,10;
10,9;
9,10;
11,12;
12,11;
11,27;
27,11;
12,11;
11,12;
12,13;
13,12;
12,14;
14,12;
12,15;
15,12;
12,24;
24,12;
13,12;
12,13;
13,14;
14,13;
13,15;
15,13;
14,12;
12,14;
14,13;
13,14;
14,15;
15,14;
15,12;
12,15;
15,13;
13,15;
15,14;
14,15;
16,2;
2,16;
16,17;
17,16;
16,21;
21,16;
16,25;
25,16;
17,16;
16,17;
17,18;
18,17;
17,20;
20,17;
17,24;
24,17;
18,17;
17,18;
18,19;
19,18;
18,23;
23,18;
18,27;
27,18;
19,1;
1,19;
19,6;
6,19;
19,18;
18,19;
19,22;
22,19;
19,26;
26,19;
19,27;
27,19;
20,2;
2,20;
20,7;
7,20;
20,17;
17,20;
20,21;
21,20;
21,16;
16,21;
21,20;
20,21;
21,22;
22,21;
22,19;
19,22;
22,21;
21,22;
22,23;
23,22;
23,1;
1,23;
23,6;
6,23;
23,18;
18,23;
23,22;
22,23;
23,27;
27,23;
24,12;
12,24;
24,17;
17,24;
24,25;
25,24;
25,16;
16,25;
25,24;
24,25;
25,26;
26,25;
26,19;
19,26;
26,25;
25,26;
26,27;
27,26;
27,1;
1,27;
27,11;
11,27;
27,18;
18,27;
27,19;
19,27;
27,23;
23,27;
27,26;
26,27;
}
label = {
1,1;
2,1;
3,1;
4,1;
5,1;
6,1;
7,1;
8,1;
9,1;
10,1;
11,1;
12,1;
13,1;
14,1;
15,1;
16,2;
17,2;
18,2;
19,2;
20,2;
21,2;
22,2;
23,2;
24,2;
25,2;
26,2;
27,2;
}