edge = {
1,2;
2,1;
1,3;
3,1;
1,4;
4,1;
2,1;
1,2;
2,3;
3,2;
2,4;
4,2;
2,5;
5,2;
3,1;
1,3;
3,2;
2,3;
3,4;
4,3;
3,5;
5,3;
3,23;
23,3;
4,1;
1,4;
4,2;
2,4;
4,3;
3,4;
4,5;
5,4;
4,6;
6,4;
5,2;
2,5;
5,3;
3,5;
5,4;
4,5;
5,6;
6,5;
5,23;
23,5;
6,4;
4,6;
6,5;
5,6;
6,7;
7,6;
6,23;
23,6;
7,6;
6,7;
7,8;
8,7;
7,9;
9,7;
7,10;
10,7;
8,7;
7,8;
8,9;
9,8;
8,10;
10,8;
9,7;
7,9;
9,8;
8,9;
9,10;
10,9;
9,24;
24,9;
10,7;
7,10;
10,8;
8,10;
10,9;
9,10;
10,11;
11,10;
10,24;
24,10;
11,10;
10,11;
11,12;
12,11;
11,13;
13,11;
11,24;
24,11;
12,11;
11,12;
12,13;
13,12;
12,14;
14,12;
13,11;
11,13;
13,12;
12,13;
13,14;
14,13;
13,25;
25,13;
14,12;
12,14;
14,13;
13,14;
14,15;
15,14;
14,16;
16,14;
14,25;
25,14;
15,14;
14,15;
15,16;
16,15;
15,17;
17,15;
16,14;
14,16;
16,15;
15,16;
16,17;
17,16;
16,18;
18,16;
16,26;
26,16;
17,15;
15,17;
17,16;
16,17;
17,18;
18,17;
17,19;
19,17;
17,26;
26,17;
18,16;
16,18;
18,17;
17,18;
18,19;
19,18;
18,20;
20,18;
18,27;
27,18;
19,17;
17,19;
19,18;
18,19;
19,20;
20,19;
19,21;
21,19;
19,22;
22,19;
19,27;
27,19;
19,28;
28,19;
20,18;
18,20;
20,19;
19,20;
20,21;
21,20;
20,22;
22,20;
20,28;
28,20;
21,19;
19,21;
21,20;
20,21;
21,22;
22,21;
21,29;
29,21;
22,19;
19,22;
22,20;
20,22;
22,21;
21,22;
22,29;
29,22;
23,3;
3,23;
23,5;
5,23;
23,6;
6,23;
23,24;
24,23;
24,9;
9,24;
24,10;
10,24;
24,11;
11,24;
24,23;
23,24;
24,25;
25,24;
25,13;
13,25;
25,14;
14,25;
25,24;
24,25;
25,26;
26,25;
25,27;
27,25;
26,16;
16,26;
26,17;
17,26;
26,25;
25,26;
26,27;
27,26;
26,28;
28,26;
27,18;
18,27;
27,19;
19,27;
27,25;
25,27;
27,26;
26,27;
27,28;
28,27;
27,29;
29,27;
28,19;
19,28;
28,20;
20,28;
28,26;
26,28;
28,27;
27,28;
28,29;
29,28;
29,21;
21,29;
29,22;
22,29;
29,27;
27,29;
29,28;
28,29;
}
label = {
1,1;
2,1;
3,1;
4,1;
5,1;
6,1;
7,1;
8,1;
9,1;
10,1;
11,1;
12,1;
13,1;
14,1;
15,1;
16,1;
17,1;
18,1;
19,1;
20,1;
21,1;
22,1;
23,2;
24,2;
25,2;
26,2;
27,2;
28,2;
29,2;
}