edge = {
1,2;
2,1;
1,3;
3,1;
1,4;
4,1;
2,1;
1,2;
2,3;
3,2;
2,4;
4,2;
3,1;
1,3;
3,2;
2,3;
3,4;
4,3;
3,5;
5,3;
4,1;
1,4;
4,2;
2,4;
4,3;
3,4;
4,5;
5,4;
4,22;
22,4;
5,3;
3,5;
5,4;
4,5;
5,6;
6,5;
5,7;
7,5;
5,22;
22,5;
5,29;
29,5;
6,5;
5,6;
6,7;
7,6;
6,8;
8,6;
6,9;
9,6;
6,30;
30,6;
7,5;
5,7;
7,6;
6,7;
7,8;
8,7;
7,9;
9,7;
8,6;
6,8;
8,7;
7,8;
8,9;
9,8;
9,6;
6,9;
9,7;
7,9;
9,8;
8,9;
9,10;
10,9;
9,23;
23,9;
10,9;
9,10;
10,11;
11,10;
10,12;
12,10;
10,23;
23,10;
11,10;
10,11;
11,12;
12,11;
11,13;
13,11;
12,10;
10,12;
12,11;
11,12;
12,13;
13,12;
12,24;
24,12;
13,11;
11,13;
13,12;
12,13;
13,14;
14,13;
13,15;
15,13;
13,24;
24,13;
14,13;
13,14;
14,15;
15,14;
14,16;
16,14;
15,13;
13,15;
15,14;
14,15;
15,16;
16,15;
15,17;
17,15;
15,25;
25,15;
16,14;
14,16;
16,15;
15,16;
16,17;
17,16;
16,18;
18,16;
16,25;
25,16;
17,15;
15,17;
17,16;
16,17;
17,18;
18,17;
17,19;
19,17;
17,26;
26,17;
18,16;
16,18;
18,17;
17,18;
18,19;
19,18;
18,20;
20,18;
18,21;
21,18;
18,26;
26,18;
18,27;
27,18;
19,17;
17,19;
19,18;
18,19;
19,20;
20,19;
19,21;
21,19;
19,27;
27,19;
20,18;
18,20;
20,19;
19,20;
20,21;
21,20;
20,28;
28,20;
21,18;
18,21;
21,19;
19,21;
21,20;
20,21;
21,28;
28,21;
22,4;
4,22;
22,5;
5,22;
22,29;
29,22;
22,30;
30,22;
23,9;
9,23;
23,10;
10,23;
23,24;
24,23;
23,29;
29,23;
23,30;
30,23;
24,12;
12,24;
24,13;
13,24;
24,23;
23,24;
24,25;
25,24;
24,26;
26,24;
25,15;
15,25;
25,16;
16,25;
25,24;
24,25;
25,26;
26,25;
25,27;
27,25;
26,17;
17,26;
26,18;
18,26;
26,24;
24,26;
26,25;
25,26;
26,27;
27,26;
26,28;
28,26;
27,18;
18,27;
27,19;
19,27;
27,25;
25,27;
27,26;
26,27;
27,28;
28,27;
28,20;
20,28;
28,21;
21,28;
28,26;
26,28;
28,27;
27,28;
29,5;
5,29;
29,22;
22,29;
29,23;
23,29;
29,30;
30,29;
30,6;
6,30;
30,22;
22,30;
30,23;
23,30;
30,29;
29,30;
}
label = {
1,1;
2,1;
3,1;
4,1;
5,1;
6,1;
7,1;
8,1;
9,1;
10,1;
11,1;
12,1;
13,1;
14,1;
15,1;
16,1;
17,1;
18,1;
19,1;
20,1;
21,1;
22,2;
23,2;
24,2;
25,2;
26,2;
27,2;
28,2;
29,2;
30,2;
}