edge = {
1,2;
2,1;
1,3;
3,1;
1,24;
24,1;
2,1;
1,2;
2,3;
3,2;
2,4;
4,2;
2,24;
24,2;
2,27;
27,2;
3,1;
1,3;
3,2;
2,3;
3,4;
4,3;
3,24;
24,3;
3,25;
25,3;
4,2;
2,4;
4,3;
3,4;
4,5;
5,4;
4,25;
25,4;
4,29;
29,4;
5,4;
4,5;
5,6;
6,5;
5,7;
7,5;
5,25;
25,5;
5,28;
28,5;
6,5;
5,6;
6,7;
7,6;
6,8;
8,6;
7,5;
5,7;
7,6;
6,7;
7,8;
8,7;
7,9;
9,7;
7,26;
26,7;
8,6;
6,8;
8,7;
7,8;
8,9;
9,8;
8,26;
26,8;
9,7;
7,9;
9,8;
8,9;
9,10;
10,9;
9,32;
32,9;
10,9;
9,10;
10,11;
11,10;
10,31;
31,10;
10,32;
32,10;
11,10;
10,11;
11,12;
12,11;
11,30;
30,11;
11,31;
31,11;
12,11;
11,12;
12,13;
13,12;
12,14;
14,12;
12,30;
30,12;
12,36;
36,12;
13,12;
12,13;
13,14;
14,13;
13,15;
15,13;
13,36;
36,13;
14,12;
12,14;
14,13;
13,14;
14,15;
15,14;
14,16;
16,14;
14,37;
37,14;
15,13;
13,15;
15,14;
14,15;
15,16;
16,15;
15,17;
17,15;
15,37;
37,15;
16,14;
14,16;
16,15;
15,16;
16,17;
17,16;
16,18;
18,16;
16,35;
35,16;
17,15;
15,17;
17,16;
16,17;
17,18;
18,17;
17,35;
35,17;
18,16;
16,18;
18,17;
17,18;
18,19;
19,18;
18,34;
34,18;
19,18;
18,19;
19,20;
20,19;
19,21;
21,19;
19,33;
33,19;
19,34;
34,19;
20,19;
19,20;
20,21;
21,20;
20,22;
22,20;
20,23;
23,20;
20,33;
33,20;
20,34;
34,20;
21,19;
19,21;
21,20;
20,21;
21,22;
22,21;
21,23;
23,21;
21,33;
33,21;
22,20;
20,22;
22,21;
21,22;
22,23;
23,22;
23,20;
20,23;
23,21;
21,23;
23,22;
22,23;
24,1;
1,24;
24,2;
2,24;
24,3;
3,24;
24,39;
39,24;
25,3;
3,25;
25,4;
4,25;
25,5;
5,25;
25,38;
38,25;
25,40;
40,25;
26,7;
7,26;
26,8;
8,26;
26,28;
28,26;
26,32;
32,26;
26,40;
40,26;
26,41;
41,26;
27,2;
2,27;
27,29;
29,27;
27,38;
38,27;
27,39;
39,27;
28,5;
5,28;
28,26;
26,28;
28,29;
29,28;
28,38;
38,28;
28,40;
40,28;
28,41;
41,28;
29,4;
4,29;
29,27;
27,29;
29,28;
28,29;
29,38;
38,29;
29,39;
39,29;
29,40;
40,29;
30,11;
11,30;
30,12;
12,30;
30,31;
31,30;
30,36;
36,30;
31,10;
10,31;
31,11;
11,31;
31,30;
30,31;
31,32;
32,31;
32,9;
9,32;
32,10;
10,32;
32,26;
26,32;
32,31;
31,32;
33,19;
19,33;
33,20;
20,33;
33,21;
21,33;
33,34;
34,33;
34,18;
18,34;
34,19;
19,34;
34,20;
20,34;
34,33;
33,34;
34,35;
35,34;
35,16;
16,35;
35,17;
17,35;
35,34;
34,35;
35,36;
36,35;
35,37;
37,35;
36,12;
12,36;
36,13;
13,36;
36,30;
30,36;
36,35;
35,36;
36,37;
37,36;
37,14;
14,37;
37,15;
15,37;
37,35;
35,37;
37,36;
36,37;
38,25;
25,38;
38,27;
27,38;
38,28;
28,38;
38,29;
29,38;
38,39;
39,38;
39,24;
24,39;
39,27;
27,39;
39,29;
29,39;
39,38;
38,39;
40,25;
25,40;
40,26;
26,40;
40,28;
28,40;
40,29;
29,40;
40,41;
41,40;
41,26;
26,41;
41,28;
28,41;
41,40;
40,41;
}
label = {
1,1;
2,1;
3,1;
4,1;
5,1;
6,1;
7,1;
8,1;
9,1;
10,1;
11,1;
12,1;
13,1;
14,1;
15,1;
16,1;
17,1;
18,1;
19,1;
20,1;
21,1;
22,1;
23,1;
24,1;
25,1;
26,2;
27,2;
28,2;
29,2;
30,2;
31,2;
32,2;
33,2;
34,2;
35,2;
36,2;
37,2;
38,2;
39,2;
40,2;
41,2;
}