edge = {
1,2;
2,1;
1,3;
3,1;
1,19;
19,1;
2,1;
1,2;
2,3;
3,2;
2,19;
19,2;
2,20;
20,2;
2,23;
23,2;
3,1;
1,3;
3,2;
2,3;
3,4;
4,3;
3,19;
19,3;
3,20;
20,3;
4,3;
3,4;
4,5;
5,4;
4,6;
6,4;
4,20;
20,4;
4,22;
22,4;
4,24;
24,4;
5,4;
4,5;
5,6;
6,5;
5,7;
7,5;
5,24;
24,5;
6,4;
4,6;
6,5;
5,6;
6,7;
7,6;
6,25;
25,6;
7,5;
5,7;
7,6;
6,7;
7,8;
8,7;
7,26;
26,7;
7,33;
33,7;
8,7;
7,8;
8,9;
9,8;
8,10;
10,8;
8,26;
26,8;
8,27;
27,8;
9,8;
8,9;
9,10;
10,9;
9,11;
11,9;
9,27;
27,9;
9,28;
28,9;
10,8;
8,10;
10,9;
9,10;
10,11;
11,10;
10,12;
12,10;
10,28;
28,10;
10,29;
29,10;
11,9;
9,11;
11,10;
10,11;
11,12;
12,11;
11,13;
13,11;
11,29;
29,11;
12,10;
10,12;
12,11;
11,12;
12,13;
13,12;
12,30;
30,12;
13,11;
11,13;
13,12;
12,13;
13,14;
14,13;
13,30;
30,13;
13,31;
31,13;
14,13;
13,14;
14,15;
15,14;
14,16;
16,14;
14,31;
31,14;
14,32;
32,14;
15,14;
14,15;
15,16;
16,15;
15,17;
17,15;
15,18;
18,15;
15,32;
32,15;
16,14;
14,16;
16,15;
15,16;
16,17;
17,16;
16,18;
18,16;
17,15;
15,17;
17,16;
16,17;
17,18;
18,17;
18,15;
15,18;
18,16;
16,18;
18,17;
17,18;
19,1;
1,19;
19,2;
2,19;
19,3;
3,19;
19,23;
23,19;
20,2;
2,20;
20,3;
3,20;
20,4;
4,20;
20,21;
21,20;
21,20;
20,21;
21,22;
22,21;
21,23;
23,21;
21,34;
34,21;
21,35;
35,21;
21,36;
36,21;
22,4;
4,22;
22,21;
21,22;
22,24;
24,22;
22,34;
34,22;
22,36;
36,22;
22,37;
37,22;
23,2;
2,23;
23,19;
19,23;
23,21;
21,23;
23,34;
34,23;
23,35;
35,23;
24,4;
4,24;
24,5;
5,24;
24,22;
22,24;
24,25;
25,24;
24,33;
33,24;
24,36;
36,24;
24,37;
37,24;
25,6;
6,25;
25,24;
24,25;
25,26;
26,25;
25,33;
33,25;
26,7;
7,26;
26,8;
8,26;
26,25;
25,26;
26,27;
27,26;
26,33;
33,26;
27,8;
8,27;
27,9;
9,27;
27,26;
26,27;
27,28;
28,27;
27,29;
29,27;
28,9;
9,28;
28,10;
10,28;
28,27;
27,28;
28,29;
29,28;
28,30;
30,28;
29,10;
10,29;
29,11;
11,29;
29,27;
27,29;
29,28;
28,29;
29,30;
30,29;
29,31;
31,29;
29,32;
32,29;
30,12;
12,30;
30,13;
13,30;
30,28;
28,30;
30,29;
29,30;
30,31;
31,30;
30,32;
32,30;
31,13;
13,31;
31,14;
14,31;
31,29;
29,31;
31,30;
30,31;
31,32;
32,31;
32,14;
14,32;
32,15;
15,32;
32,29;
29,32;
32,30;
30,32;
32,31;
31,32;
33,7;
7,33;
33,24;
24,33;
33,25;
25,33;
33,26;
26,33;
34,21;
21,34;
34,22;
22,34;
34,23;
23,34;
34,35;
35,34;
34,36;
36,34;
35,21;
21,35;
35,23;
23,35;
35,34;
34,35;
36,21;
21,36;
36,22;
22,36;
36,24;
24,36;
36,34;
34,36;
36,37;
37,36;
37,22;
22,37;
37,24;
24,37;
37,36;
36,37;
}
label = {
1,1;
2,1;
3,1;
4,1;
5,1;
6,1;
7,1;
8,1;
9,1;
10,1;
11,1;
12,1;
13,1;
14,1;
15,1;
16,1;
17,1;
18,1;
19,1;
20,1;
21,2;
22,2;
23,2;
24,2;
25,2;
26,2;
27,2;
28,2;
29,2;
30,2;
31,2;
32,2;
33,2;
34,2;
35,2;
36,2;
37,2;
}