edge = {
1,2;
2,1;
1,17;
17,1;
1,18;
18,1;
2,1;
1,2;
2,3;
3,2;
2,4;
4,2;
2,17;
17,2;
2,18;
18,2;
2,21;
21,2;
2,22;
22,2;
3,2;
2,3;
3,4;
4,3;
3,5;
5,3;
3,22;
22,3;
4,2;
2,4;
4,3;
3,4;
4,5;
5,4;
5,3;
3,5;
5,4;
4,5;
5,6;
6,5;
6,5;
5,6;
6,7;
7,6;
6,8;
8,6;
7,6;
6,7;
7,8;
8,7;
7,9;
9,7;
8,6;
6,8;
8,7;
7,8;
8,9;
9,8;
8,10;
10,8;
9,7;
7,9;
9,8;
8,9;
9,10;
10,9;
9,11;
11,9;
10,8;
8,10;
10,9;
9,10;
10,11;
11,10;
10,12;
12,10;
11,9;
9,11;
11,10;
10,11;
11,12;
12,11;
12,10;
10,12;
12,11;
11,12;
12,13;
13,12;
13,12;
12,13;
13,14;
14,13;
13,15;
15,13;
13,16;
16,13;
14,13;
13,14;
14,15;
15,14;
14,16;
16,14;
15,13;
13,15;
15,14;
14,15;
15,16;
16,15;
16,13;
13,16;
16,14;
14,16;
16,15;
15,16;
17,1;
1,17;
17,2;
2,17;
17,18;
18,17;
17,23;
23,17;
18,1;
1,18;
18,2;
2,18;
18,17;
17,18;
18,24;
24,18;
18,25;
25,18;
19,20;
20,19;
19,23;
23,19;
19,24;
24,19;
20,19;
19,20;
20,21;
21,20;
20,23;
23,20;
20,24;
24,20;
20,25;
25,20;
21,2;
2,21;
21,20;
20,21;
21,22;
22,21;
21,24;
24,21;
21,25;
25,21;
21,26;
26,21;
22,2;
2,22;
22,3;
3,22;
22,21;
21,22;
22,25;
25,22;
22,26;
26,22;
23,17;
17,23;
23,19;
19,23;
23,20;
20,23;
23,24;
24,23;
24,18;
18,24;
24,19;
19,24;
24,20;
20,24;
24,21;
21,24;
24,23;
23,24;
25,18;
18,25;
25,20;
20,25;
25,21;
21,25;
25,22;
22,25;
25,26;
26,25;
26,21;
21,26;
26,22;
22,26;
26,25;
25,26;
}
label = {
1,1;
2,1;
3,1;
4,1;
5,1;
6,1;
7,1;
8,1;
9,1;
10,1;
11,1;
12,1;
13,1;
14,1;
15,1;
16,1;
17,1;
18,1;
19,2;
20,2;
21,2;
22,2;
23,2;
24,2;
25,2;
26,2;
}