edge = {
1,2;
2,1;
1,15;
15,1;
1,23;
23,1;
2,1;
1,2;
2,15;
15,2;
2,23;
23,2;
3,4;
4,3;
3,16;
16,3;
3,22;
22,3;
4,3;
3,4;
4,16;
16,4;
4,17;
17,4;
4,18;
18,4;
5,19;
19,5;
5,20;
20,5;
5,31;
31,5;
6,30;
30,6;
6,32;
32,6;
6,34;
34,6;
7,25;
25,7;
7,27;
27,7;
7,29;
29,7;
8,9;
9,8;
8,28;
28,8;
8,35;
35,8;
8,37;
37,8;
9,8;
8,9;
9,10;
10,9;
9,36;
36,9;
10,9;
9,10;
10,11;
11,10;
10,36;
36,10;
11,10;
10,11;
11,12;
12,11;
11,13;
13,11;
11,14;
14,11;
11,36;
36,11;
12,11;
11,12;
12,13;
13,12;
12,14;
14,12;
13,11;
11,13;
13,12;
12,13;
13,14;
14,13;
14,11;
11,14;
14,12;
12,14;
14,13;
13,14;
15,1;
1,15;
15,2;
2,15;
15,21;
21,15;
15,23;
23,15;
15,24;
24,15;
16,3;
3,16;
16,4;
4,16;
16,17;
17,16;
16,21;
21,16;
16,22;
22,16;
17,4;
4,17;
17,16;
16,17;
17,18;
18,17;
17,22;
22,17;
18,4;
4,18;
18,17;
17,18;
18,19;
19,18;
18,20;
20,18;
19,5;
5,19;
19,18;
18,19;
19,20;
20,19;
19,31;
31,19;
20,5;
5,20;
20,18;
18,20;
20,19;
19,20;
20,31;
31,20;
21,15;
15,21;
21,16;
16,21;
21,22;
22,21;
21,23;
23,21;
21,24;
24,21;
22,3;
3,22;
22,16;
16,22;
22,17;
17,22;
22,21;
21,22;
23,1;
1,23;
23,2;
2,23;
23,15;
15,23;
23,21;
21,23;
23,24;
24,23;
24,15;
15,24;
24,21;
21,24;
24,23;
23,24;
25,7;
7,25;
25,26;
26,25;
25,27;
27,25;
25,29;
29,25;
26,25;
25,26;
26,28;
28,26;
26,35;
35,26;
27,7;
7,27;
27,25;
25,27;
27,29;
29,27;
27,30;
30,27;
27,32;
32,27;
28,8;
8,28;
28,26;
26,28;
28,35;
35,28;
28,37;
37,28;
29,7;
7,29;
29,25;
25,29;
29,27;
27,29;
29,30;
30,29;
29,32;
32,29;
30,6;
6,30;
30,27;
27,30;
30,29;
29,30;
30,32;
32,30;
31,5;
5,31;
31,19;
19,31;
31,20;
20,31;
31,33;
33,31;
31,34;
34,31;
32,6;
6,32;
32,27;
27,32;
32,29;
29,32;
32,30;
30,32;
32,33;
33,32;
32,34;
34,32;
33,31;
31,33;
33,32;
32,33;
33,34;
34,33;
34,6;
6,34;
34,31;
31,34;
34,32;
32,34;
34,33;
33,34;
35,8;
8,35;
35,26;
26,35;
35,28;
28,35;
35,37;
37,35;
36,9;
9,36;
36,10;
10,36;
36,11;
11,36;
37,8;
8,37;
37,28;
28,37;
37,35;
35,37;
}
label = {
1,1;
2,1;
3,1;
4,1;
5,1;
6,1;
7,1;
8,1;
9,1;
10,1;
11,1;
12,1;
13,1;
14,1;
15,2;
16,2;
17,2;
18,2;
19,2;
20,2;
21,2;
22,2;
23,2;
24,2;
25,2;
26,2;
27,2;
28,2;
29,2;
30,2;
31,2;
32,2;
33,2;
34,2;
35,2;
36,2;
37,2;
}