edge = {
1,2;
2,1;
1,12;
12,1;
2,1;
1,2;
2,11;
11,2;
2,12;
12,2;
3,4;
4,3;
3,14;
14,3;
3,24;
24,3;
4,3;
3,4;
4,13;
13,4;
4,25;
25,4;
5,6;
6,5;
5,16;
16,5;
5,25;
25,5;
6,5;
5,6;
6,15;
15,6;
6,17;
17,6;
6,27;
27,6;
7,8;
8,7;
7,32;
32,7;
7,47;
47,7;
8,7;
7,8;
8,9;
9,8;
8,28;
28,8;
9,8;
8,9;
9,18;
18,9;
9,28;
28,9;
9,43;
43,9;
10,20;
20,10;
10,31;
31,10;
10,33;
33,10;
10,46;
46,10;
11,2;
2,11;
11,12;
12,11;
11,36;
36,11;
12,1;
1,12;
12,2;
2,12;
12,11;
11,12;
12,21;
21,12;
13,4;
4,13;
13,14;
14,13;
13,39;
39,13;
14,3;
3,14;
14,13;
13,14;
14,40;
40,14;
15,6;
6,15;
15,16;
16,15;
15,40;
40,15;
16,5;
5,16;
16,15;
15,16;
16,42;
42,16;
17,6;
6,17;
17,18;
18,17;
17,19;
19,17;
17,47;
47,17;
18,9;
9,18;
18,17;
17,18;
18,19;
19,18;
18,20;
20,18;
19,17;
17,19;
19,18;
18,19;
19,20;
20,19;
19,43;
43,19;
20,10;
10,20;
20,18;
18,20;
20,19;
19,20;
20,46;
46,20;
20,48;
48,20;
21,12;
12,21;
21,22;
22,21;
21,37;
37,21;
22,21;
21,22;
22,23;
23,22;
22,36;
36,22;
22,38;
38,22;
23,22;
22,23;
23,24;
24,23;
23,37;
37,23;
23,39;
39,23;
24,3;
3,24;
24,23;
23,24;
24,38;
38,24;
25,4;
4,25;
25,5;
5,25;
25,27;
27,25;
25,42;
42,25;
26,27;
27,26;
26,32;
32,26;
26,42;
42,26;
26,47;
47,26;
27,6;
6,27;
27,25;
25,27;
27,26;
26,27;
27,40;
40,27;
27,41;
41,27;
28,8;
8,28;
28,9;
9,28;
28,29;
29,28;
28,44;
44,28;
29,28;
28,29;
29,30;
30,29;
29,43;
43,29;
29,45;
45,29;
30,29;
29,30;
30,31;
31,30;
30,44;
44,30;
30,46;
46,30;
31,10;
10,31;
31,30;
30,31;
31,45;
45,31;
32,7;
7,32;
32,26;
26,32;
33,10;
10,33;
33,35;
35,33;
33,50;
50,33;
34,35;
35,34;
34,50;
50,34;
35,33;
33,35;
35,34;
34,35;
35,48;
48,35;
35,49;
49,35;
35,50;
50,35;
36,11;
11,36;
36,22;
22,36;
36,37;
37,36;
37,21;
21,37;
37,23;
23,37;
37,36;
36,37;
37,38;
38,37;
38,22;
22,38;
38,24;
24,38;
38,37;
37,38;
38,39;
39,38;
39,13;
13,39;
39,23;
23,39;
39,38;
38,39;
40,14;
14,40;
40,15;
15,40;
40,27;
27,40;
40,42;
42,40;
41,27;
27,41;
41,42;
42,41;
41,47;
47,41;
42,16;
16,42;
42,25;
25,42;
42,26;
26,42;
42,40;
40,42;
42,41;
41,42;
43,9;
9,43;
43,19;
19,43;
43,29;
29,43;
43,44;
44,43;
44,28;
28,44;
44,30;
30,44;
44,43;
43,44;
44,45;
45,44;
45,29;
29,45;
45,31;
31,45;
45,44;
44,45;
45,46;
46,45;
46,10;
10,46;
46,20;
20,46;
46,30;
30,46;
46,45;
45,46;
47,7;
7,47;
47,17;
17,47;
47,26;
26,47;
47,41;
41,47;
48,20;
20,48;
48,35;
35,48;
48,50;
50,48;
49,35;
35,49;
49,50;
50,49;
50,33;
33,50;
50,34;
34,50;
50,35;
35,50;
50,48;
48,50;
50,49;
49,50;
}
label = {
1,1;
2,1;
3,1;
4,1;
5,1;
6,1;
7,1;
8,1;
9,1;
10,1;
11,1;
12,1;
13,1;
14,1;
15,1;
16,1;
17,1;
18,1;
19,1;
20,1;
21,2;
22,2;
23,2;
24,2;
25,2;
26,2;
27,2;
28,2;
29,2;
30,2;
31,2;
32,2;
33,2;
34,2;
35,2;
36,2;
37,2;
38,2;
39,2;
40,2;
41,2;
42,2;
43,2;
44,2;
45,2;
46,2;
47,2;
48,2;
49,2;
50,2;
}