edge = {
1,2;
2,1;
1,3;
3,1;
1,4;
4,1;
2,1;
1,2;
2,3;
3,2;
2,4;
4,2;
2,12;
12,2;
2,16;
16,2;
3,1;
1,3;
3,2;
2,3;
3,4;
4,3;
3,5;
5,3;
3,15;
15,3;
4,1;
1,4;
4,2;
2,4;
4,3;
3,4;
4,5;
5,4;
4,17;
17,4;
5,3;
3,5;
5,4;
4,5;
5,17;
17,5;
5,19;
19,5;
6,7;
7,6;
6,8;
8,6;
6,18;
18,6;
6,24;
24,6;
7,6;
6,7;
7,8;
8,7;
7,20;
20,7;
8,6;
6,8;
8,7;
7,8;
8,20;
20,8;
9,10;
10,9;
9,11;
11,9;
9,23;
23,9;
9,25;
25,9;
10,9;
9,10;
10,11;
11,10;
10,25;
25,10;
10,26;
26,10;
10,27;
27,10;
11,9;
9,11;
11,10;
10,11;
11,26;
26,11;
11,27;
27,11;
12,2;
2,12;
12,13;
13,12;
12,14;
14,12;
12,15;
15,12;
12,16;
16,12;
13,12;
12,13;
13,14;
14,13;
13,15;
15,13;
13,16;
16,13;
14,12;
12,14;
14,13;
13,14;
14,15;
15,14;
14,16;
16,14;
14,17;
17,14;
15,3;
3,15;
15,12;
12,15;
15,13;
13,15;
15,14;
14,15;
15,17;
17,15;
16,2;
2,16;
16,12;
12,16;
16,13;
13,16;
16,14;
14,16;
17,4;
4,17;
17,5;
5,17;
17,14;
14,17;
17,15;
15,17;
17,19;
19,17;
18,6;
6,18;
18,19;
19,18;
18,24;
24,18;
19,5;
5,19;
19,17;
17,19;
19,18;
18,19;
19,24;
24,19;
20,7;
7,20;
20,8;
8,20;
20,21;
21,20;
20,22;
22,20;
20,23;
23,20;
21,20;
20,21;
21,22;
22,21;
21,23;
23,21;
22,20;
20,22;
22,21;
21,22;
22,23;
23,22;
23,9;
9,23;
23,20;
20,23;
23,21;
21,23;
23,22;
22,23;
23,25;
25,23;
24,6;
6,24;
24,18;
18,24;
24,19;
19,24;
25,9;
9,25;
25,10;
10,25;
25,23;
23,25;
25,26;
26,25;
25,27;
27,25;
26,10;
10,26;
26,11;
11,26;
26,25;
25,26;
26,27;
27,26;
27,10;
10,27;
27,11;
11,27;
27,25;
25,27;
27,26;
26,27;
}
label = {
1,1;
2,1;
3,1;
4,1;
5,1;
6,1;
7,1;
8,1;
9,1;
10,1;
11,1;
12,2;
13,2;
14,2;
15,2;
16,2;
17,2;
18,2;
19,2;
20,2;
21,2;
22,2;
23,2;
24,2;
25,2;
26,2;
27,2;
}