edge = {
1,2;
2,1;
1,3;
3,1;
1,4;
4,1;
2,1;
1,2;
2,3;
3,2;
2,4;
4,2;
2,5;
5,2;
3,1;
1,3;
3,2;
2,3;
3,4;
4,3;
3,5;
5,3;
4,1;
1,4;
4,2;
2,4;
4,3;
3,4;
4,5;
5,4;
4,6;
6,4;
5,2;
2,5;
5,3;
3,5;
5,4;
4,5;
5,6;
6,5;
6,4;
4,6;
6,5;
5,6;
6,7;
7,6;
7,6;
6,7;
7,8;
8,7;
7,9;
9,7;
8,7;
7,8;
8,9;
9,8;
8,10;
10,8;
9,7;
7,9;
9,8;
8,9;
9,10;
10,9;
9,11;
11,9;
10,8;
8,10;
10,9;
9,10;
10,11;
11,10;
10,28;
28,10;
11,9;
9,11;
11,10;
10,11;
11,12;
12,11;
11,28;
28,11;
12,11;
11,12;
12,13;
13,12;
12,14;
14,12;
12,29;
29,12;
13,12;
12,13;
13,14;
14,13;
13,15;
15,13;
13,29;
29,13;
14,12;
12,14;
14,13;
13,14;
14,15;
15,14;
14,16;
16,14;
14,17;
17,14;
15,13;
13,15;
15,14;
14,15;
15,16;
16,15;
15,17;
17,15;
16,14;
14,16;
16,15;
15,16;
16,17;
17,16;
16,18;
18,16;
17,14;
14,17;
17,15;
15,17;
17,16;
16,17;
17,18;
18,17;
17,19;
19,17;
17,20;
20,17;
17,32;
32,17;
18,16;
16,18;
18,17;
17,18;
18,19;
19,18;
18,20;
20,18;
18,30;
30,18;
18,33;
33,18;
19,17;
17,19;
19,18;
18,19;
19,20;
20,19;
19,33;
33,19;
19,34;
34,19;
20,17;
17,20;
20,18;
18,20;
20,19;
19,20;
20,35;
35,20;
21,22;
22,21;
21,23;
23,21;
21,24;
24,21;
21,36;
36,21;
22,21;
21,22;
22,23;
23,22;
22,24;
24,22;
22,25;
25,22;
22,39;
39,22;
23,21;
21,23;
23,22;
22,23;
23,24;
24,23;
23,25;
25,23;
24,21;
21,24;
24,22;
22,24;
24,23;
23,24;
24,25;
25,24;
24,26;
26,24;
24,27;
27,24;
25,22;
22,25;
25,23;
23,25;
25,24;
24,25;
25,26;
26,25;
25,27;
27,25;
26,24;
24,26;
26,25;
25,26;
26,27;
27,26;
27,24;
24,27;
27,25;
25,27;
27,26;
26,27;
28,10;
10,28;
28,11;
11,28;
28,29;
29,28;
28,31;
31,28;
28,32;
32,28;
29,12;
12,29;
29,13;
13,29;
29,28;
28,29;
29,31;
31,29;
29,32;
32,29;
30,18;
18,30;
30,31;
31,30;
30,32;
32,30;
30,33;
33,30;
30,34;
34,30;
30,35;
35,30;
31,28;
28,31;
31,29;
29,31;
31,30;
30,31;
31,32;
32,31;
31,33;
33,31;
32,17;
17,32;
32,28;
28,32;
32,29;
29,32;
32,30;
30,32;
32,31;
31,32;
32,33;
33,32;
33,18;
18,33;
33,19;
19,33;
33,30;
30,33;
33,31;
31,33;
33,32;
32,33;
33,34;
34,33;
33,35;
35,33;
34,19;
19,34;
34,30;
30,34;
34,33;
33,34;
34,35;
35,34;
35,20;
20,35;
35,30;
30,35;
35,33;
33,35;
35,34;
34,35;
36,21;
21,36;
36,37;
37,36;
36,38;
38,36;
36,39;
39,36;
37,36;
36,37;
37,38;
38,37;
37,39;
39,37;
38,36;
36,38;
38,37;
37,38;
38,39;
39,38;
39,22;
22,39;
39,36;
36,39;
39,37;
37,39;
39,38;
38,39;
}
label = {
1,1;
2,1;
3,1;
4,1;
5,1;
6,1;
7,1;
8,1;
9,1;
10,1;
11,1;
12,1;
13,1;
14,1;
15,1;
16,1;
17,1;
18,1;
19,1;
20,1;
21,1;
22,1;
23,1;
24,1;
25,1;
26,1;
27,1;
28,2;
29,2;
30,2;
31,2;
32,2;
33,2;
34,2;
35,2;
36,2;
37,2;
38,2;
39,2;
}