edge = {
1,2;
2,1;
1,16;
16,1;
1,17;
17,1;
2,1;
1,2;
2,3;
3,2;
2,4;
4,2;
2,18;
18,2;
3,2;
2,3;
3,4;
4,3;
3,5;
5,3;
3,16;
16,3;
3,17;
17,3;
3,18;
18,3;
3,20;
20,3;
4,2;
2,4;
4,3;
3,4;
4,5;
5,4;
4,6;
6,4;
4,20;
20,4;
5,3;
3,5;
5,4;
4,5;
5,6;
6,5;
5,20;
20,5;
5,25;
25,5;
6,4;
4,6;
6,5;
5,6;
6,7;
7,6;
6,25;
25,6;
6,26;
26,6;
7,6;
6,7;
7,8;
8,7;
7,9;
9,7;
7,24;
24,7;
7,26;
26,7;
8,7;
7,8;
8,9;
9,8;
8,10;
10,8;
8,23;
23,8;
8,28;
28,8;
9,7;
7,9;
9,8;
8,9;
9,10;
10,9;
9,11;
11,9;
9,22;
22,9;
9,23;
23,9;
10,8;
8,10;
10,9;
9,10;
10,11;
11,10;
10,12;
12,10;
10,21;
21,10;
10,22;
22,10;
11,9;
9,11;
11,10;
10,11;
11,12;
12,11;
11,13;
13,11;
11,21;
21,11;
12,10;
10,12;
12,11;
11,12;
12,13;
13,12;
12,21;
21,12;
13,11;
11,13;
13,12;
12,13;
13,14;
14,13;
13,29;
29,13;
14,13;
13,14;
14,15;
15,14;
14,19;
19,14;
14,31;
31,14;
15,14;
14,15;
15,34;
34,15;
15,35;
35,15;
16,1;
1,16;
16,3;
3,16;
16,17;
17,16;
16,18;
18,16;
17,1;
1,17;
17,3;
3,17;
17,16;
16,17;
17,18;
18,17;
18,2;
2,18;
18,3;
3,18;
18,16;
16,18;
18,17;
17,18;
19,14;
14,19;
19,31;
31,19;
19,34;
34,19;
19,35;
35,19;
20,3;
3,20;
20,4;
4,20;
20,5;
5,20;
20,25;
25,20;
21,10;
10,21;
21,11;
11,21;
21,12;
12,21;
21,22;
22,21;
21,23;
23,21;
22,9;
9,22;
22,10;
10,22;
22,21;
21,22;
22,23;
23,22;
23,8;
8,23;
23,9;
9,23;
23,21;
21,23;
23,22;
22,23;
23,24;
24,23;
23,27;
27,23;
23,28;
28,23;
24,7;
7,24;
24,23;
23,24;
24,26;
26,24;
24,27;
27,24;
24,28;
28,24;
25,5;
5,25;
25,6;
6,25;
25,20;
20,25;
25,26;
26,25;
26,6;
6,26;
26,7;
7,26;
26,24;
24,26;
26,25;
25,26;
26,27;
27,26;
27,23;
23,27;
27,24;
24,27;
27,26;
26,27;
27,28;
28,27;
28,8;
8,28;
28,23;
23,28;
28,24;
24,28;
28,27;
27,28;
29,13;
13,29;
29,30;
30,29;
29,32;
32,29;
29,33;
33,29;
30,29;
29,30;
30,31;
31,30;
30,32;
32,30;
30,33;
33,30;
31,14;
14,31;
31,19;
19,31;
31,30;
30,31;
31,33;
33,31;
31,34;
34,31;
31,35;
35,31;
32,29;
29,32;
32,30;
30,32;
32,33;
33,32;
33,29;
29,33;
33,30;
30,33;
33,31;
31,33;
33,32;
32,33;
34,15;
15,34;
34,19;
19,34;
34,31;
31,34;
34,35;
35,34;
35,15;
15,35;
35,19;
19,35;
35,31;
31,35;
35,34;
34,35;
}
label = {
1,1;
2,1;
3,1;
4,1;
5,1;
6,1;
7,1;
8,1;
9,1;
10,1;
11,1;
12,1;
13,1;
14,1;
15,1;
16,2;
17,2;
18,2;
19,2;
20,2;
21,2;
22,2;
23,2;
24,2;
25,2;
26,2;
27,2;
28,2;
29,2;
30,2;
31,2;
32,2;
33,2;
34,2;
35,2;
}