edge = {
1,2;
2,1;
1,15;
15,1;
1,16;
16,1;
2,1;
1,2;
2,3;
3,2;
2,4;
4,2;
2,34;
34,2;
3,2;
2,3;
3,4;
4,3;
3,5;
5,3;
3,6;
6,3;
4,2;
2,4;
4,3;
3,4;
4,5;
5,4;
4,6;
6,4;
4,33;
33,4;
5,3;
3,5;
5,4;
4,5;
5,6;
6,5;
5,33;
33,5;
6,3;
3,6;
6,4;
4,6;
6,5;
5,6;
6,32;
32,6;
7,8;
8,7;
7,22;
22,7;
7,31;
31,7;
7,36;
36,7;
8,7;
7,8;
8,21;
21,8;
8,30;
30,8;
8,31;
31,8;
9,10;
10,9;
9,24;
24,9;
9,30;
30,9;
10,9;
9,10;
10,11;
11,10;
10,23;
23,10;
10,25;
25,10;
10,29;
29,10;
11,10;
10,11;
11,12;
12,11;
11,13;
13,11;
11,24;
24,11;
11,29;
29,11;
11,37;
37,11;
12,11;
11,12;
12,13;
13,12;
12,14;
14,12;
12,37;
37,12;
12,38;
38,12;
13,11;
11,13;
13,12;
12,13;
13,14;
14,13;
13,38;
38,13;
14,12;
12,14;
14,13;
13,14;
14,28;
28,14;
14,38;
38,14;
15,1;
1,15;
15,16;
16,15;
15,17;
17,15;
15,44;
44,15;
16,1;
1,16;
16,15;
15,16;
16,17;
17,16;
16,18;
18,16;
16,44;
44,16;
17,15;
15,17;
17,16;
16,17;
17,18;
18,17;
17,19;
19,17;
18,16;
16,18;
18,17;
17,18;
18,19;
19,18;
18,20;
20,18;
18,43;
43,18;
19,17;
17,19;
19,18;
18,19;
19,20;
20,19;
19,43;
43,19;
20,18;
18,20;
20,19;
19,20;
20,21;
21,20;
20,42;
42,20;
21,8;
8,21;
21,20;
20,21;
21,22;
22,21;
21,41;
41,21;
21,46;
46,21;
22,7;
7,22;
22,21;
21,22;
22,23;
23,22;
22,40;
40,22;
22,41;
41,22;
23,10;
10,23;
23,22;
22,23;
23,24;
24,23;
23,40;
40,23;
24,9;
9,24;
24,11;
11,24;
24,23;
23,24;
24,25;
25,24;
24,39;
39,24;
25,10;
10,25;
25,24;
24,25;
25,26;
26,25;
25,27;
27,25;
25,39;
39,25;
25,47;
47,25;
26,25;
25,26;
26,27;
27,26;
26,28;
28,26;
26,47;
47,26;
26,48;
48,26;
27,25;
25,27;
27,26;
26,27;
27,28;
28,27;
27,48;
48,27;
28,14;
14,28;
28,26;
26,28;
28,27;
27,28;
29,10;
10,29;
29,11;
11,29;
29,37;
37,29;
29,47;
47,29;
30,8;
8,30;
30,9;
9,30;
30,31;
31,30;
30,41;
41,30;
31,7;
7,31;
31,8;
8,31;
31,30;
30,31;
31,36;
36,31;
31,40;
40,31;
31,46;
46,31;
32,6;
6,32;
32,33;
33,32;
32,35;
35,32;
32,43;
43,32;
32,45;
45,32;
33,4;
4,33;
33,5;
5,33;
33,32;
32,33;
33,34;
34,33;
33,42;
42,33;
33,44;
44,33;
34,2;
2,34;
34,33;
33,34;
34,43;
43,34;
34,44;
44,34;
35,32;
32,35;
35,36;
36,35;
35,42;
42,35;
35,46;
46,35;
36,7;
7,36;
36,31;
31,36;
36,35;
35,36;
36,41;
41,36;
36,45;
45,36;
37,11;
11,37;
37,12;
12,37;
37,29;
29,37;
37,38;
38,37;
37,39;
39,37;
37,48;
48,37;
38,12;
12,38;
38,13;
13,38;
38,14;
14,38;
38,37;
37,38;
38,47;
47,38;
38,48;
48,38;
39,24;
24,39;
39,25;
25,39;
39,37;
37,39;
39,47;
47,39;
40,22;
22,40;
40,23;
23,40;
40,31;
31,40;
40,41;
41,40;
41,21;
21,41;
41,22;
22,41;
41,30;
30,41;
41,36;
36,41;
41,40;
40,41;
41,46;
46,41;
42,20;
20,42;
42,33;
33,42;
42,35;
35,42;
42,43;
43,42;
42,45;
45,42;
43,18;
18,43;
43,19;
19,43;
43,32;
32,43;
43,34;
34,43;
43,42;
42,43;
43,44;
44,43;
44,15;
15,44;
44,16;
16,44;
44,33;
33,44;
44,34;
34,44;
44,43;
43,44;
45,32;
32,45;
45,36;
36,45;
45,42;
42,45;
45,46;
46,45;
46,21;
21,46;
46,31;
31,46;
46,35;
35,46;
46,41;
41,46;
46,45;
45,46;
47,25;
25,47;
47,26;
26,47;
47,29;
29,47;
47,38;
38,47;
47,39;
39,47;
47,48;
48,47;
48,26;
26,48;
48,27;
27,48;
48,37;
37,48;
48,38;
38,48;
48,47;
47,48;
}
label = {
1,1;
2,1;
3,1;
4,1;
5,1;
6,1;
7,1;
8,1;
9,1;
10,1;
11,1;
12,1;
13,1;
14,1;
15,1;
16,1;
17,1;
18,1;
19,1;
20,1;
21,1;
22,1;
23,1;
24,1;
25,1;
26,1;
27,1;
28,1;
29,2;
30,2;
31,2;
32,2;
33,2;
34,2;
35,2;
36,2;
37,2;
38,2;
39,2;
40,2;
41,2;
42,2;
43,2;
44,2;
45,2;
46,2;
47,2;
48,2;
}