edge = {
1,15;
15,1;
1,26;
26,1;
1,27;
27,1;
2,3;
3,2;
2,15;
15,2;
2,23;
23,2;
2,27;
27,2;
3,2;
2,3;
3,4;
4,3;
3,16;
16,3;
4,3;
3,4;
4,16;
16,4;
4,28;
28,4;
5,6;
6,5;
5,16;
16,5;
5,28;
28,5;
5,29;
29,5;
6,5;
5,6;
6,17;
17,6;
6,29;
29,6;
7,18;
18,7;
7,25;
25,7;
7,31;
31,7;
7,32;
32,7;
8,18;
18,8;
8,19;
19,8;
8,33;
33,8;
8,34;
34,8;
9,10;
10,9;
9,19;
19,9;
9,20;
20,9;
10,9;
9,10;
10,20;
20,10;
10,35;
35,10;
11,20;
20,11;
11,35;
35,11;
11,36;
36,11;
11,37;
37,11;
12,21;
21,12;
12,22;
22,12;
12,37;
37,12;
12,38;
38,12;
13,14;
14,13;
13,22;
22,13;
13,39;
39,13;
14,13;
13,14;
14,39;
39,14;
14,40;
40,14;
14,41;
41,14;
15,1;
1,15;
15,2;
2,15;
15,23;
23,15;
15,26;
26,15;
15,27;
27,15;
16,3;
3,16;
16,4;
4,16;
16,5;
5,16;
16,28;
28,16;
17,6;
6,17;
17,24;
24,17;
17,30;
30,17;
18,7;
7,18;
18,8;
8,18;
18,33;
33,18;
18,34;
34,18;
19,8;
8,19;
19,9;
9,19;
19,34;
34,19;
20,9;
9,20;
20,10;
10,20;
20,11;
11,20;
20,35;
35,20;
21,12;
12,21;
21,36;
36,21;
21,37;
37,21;
21,38;
38,21;
22,12;
12,22;
22,13;
13,22;
22,39;
39,22;
23,2;
2,23;
23,15;
15,23;
23,27;
27,23;
24,17;
17,24;
24,30;
30,24;
24,31;
31,24;
25,7;
7,25;
25,30;
30,25;
25,31;
31,25;
25,32;
32,25;
26,1;
1,26;
26,15;
15,26;
26,27;
27,26;
27,1;
1,27;
27,2;
2,27;
27,15;
15,27;
27,23;
23,27;
27,26;
26,27;
28,4;
4,28;
28,5;
5,28;
28,16;
16,28;
28,29;
29,28;
29,5;
5,29;
29,6;
6,29;
29,28;
28,29;
30,17;
17,30;
30,24;
24,30;
30,25;
25,30;
30,31;
31,30;
31,7;
7,31;
31,24;
24,31;
31,25;
25,31;
31,30;
30,31;
31,32;
32,31;
32,7;
7,32;
32,25;
25,32;
32,31;
31,32;
33,8;
8,33;
33,18;
18,33;
33,34;
34,33;
34,8;
8,34;
34,18;
18,34;
34,19;
19,34;
34,33;
33,34;
35,10;
10,35;
35,11;
11,35;
35,20;
20,35;
36,11;
11,36;
36,21;
21,36;
36,37;
37,36;
37,11;
11,37;
37,12;
12,37;
37,21;
21,37;
37,36;
36,37;
37,38;
38,37;
38,12;
12,38;
38,21;
21,38;
38,37;
37,38;
39,13;
13,39;
39,14;
14,39;
39,22;
22,39;
39,40;
40,39;
39,41;
41,39;
40,14;
14,40;
40,39;
39,40;
40,41;
41,40;
41,14;
14,41;
41,39;
39,41;
41,40;
40,41;
}
label = {
1,1;
2,1;
3,1;
4,1;
5,1;
6,1;
7,1;
8,1;
9,1;
10,1;
11,1;
12,1;
13,1;
14,1;
15,2;
16,2;
17,2;
18,2;
19,2;
20,2;
21,2;
22,2;
23,2;
24,2;
25,2;
26,3;
27,3;
28,3;
29,3;
30,3;
31,3;
32,3;
33,3;
34,3;
35,3;
36,3;
37,3;
38,3;
39,3;
40,3;
41,3;
}