edge = {
1,2;
2,1;
1,3;
3,1;
1,37;
37,1;
1,45;
45,1;
1,53;
53,1;
2,1;
1,2;
2,3;
3,2;
2,37;
37,2;
3,1;
1,3;
3,2;
2,3;
3,4;
4,3;
3,36;
36,3;
4,3;
3,4;
4,35;
35,4;
4,36;
36,4;
4,44;
44,4;
4,52;
52,4;
5,35;
35,5;
5,39;
39,5;
5,43;
43,5;
5,51;
51,5;
6,39;
39,6;
6,40;
40,6;
6,47;
47,6;
6,55;
55,6;
7,19;
19,7;
7,40;
40,7;
7,41;
41,7;
7,48;
48,7;
7,49;
49,7;
7,56;
56,7;
7,57;
57,7;
8,9;
9,8;
8,20;
20,8;
8,41;
41,8;
9,8;
8,9;
9,30;
30,9;
9,42;
42,9;
9,50;
50,9;
9,58;
58,9;
10,11;
11,10;
10,12;
12,10;
10,38;
38,10;
10,42;
42,10;
10,50;
50,10;
11,10;
10,11;
11,12;
12,11;
11,38;
38,11;
12,10;
10,12;
12,11;
11,12;
12,33;
33,12;
13,14;
14,13;
13,15;
15,13;
13,24;
24,13;
13,45;
45,13;
14,13;
13,14;
14,15;
15,14;
14,16;
16,14;
14,45;
45,14;
15,13;
13,15;
15,14;
14,15;
15,16;
16,15;
15,44;
44,15;
16,14;
14,16;
16,15;
15,16;
16,17;
17,16;
16,43;
43,16;
16,44;
44,16;
17,16;
16,17;
17,18;
18,17;
17,43;
43,17;
17,47;
47,17;
18,17;
17,18;
18,29;
29,18;
18,47;
47,18;
18,48;
48,18;
19,7;
7,19;
19,29;
29,19;
19,40;
40,19;
19,48;
48,19;
19,49;
49,19;
20,8;
8,20;
20,21;
21,20;
20,30;
30,20;
20,49;
49,20;
20,50;
50,20;
21,20;
20,21;
21,22;
22,21;
21,23;
23,21;
21,46;
46,21;
21,50;
50,21;
22,21;
21,22;
22,23;
23,22;
22,32;
32,22;
22,46;
46,22;
23,21;
21,23;
23,22;
22,23;
23,34;
34,23;
24,13;
13,24;
24,25;
25,24;
24,53;
53,24;
25,24;
24,25;
25,37;
37,25;
25,45;
45,25;
25,52;
52,25;
25,53;
53,25;
26,36;
36,26;
26,44;
44,26;
26,51;
51,26;
26,52;
52,26;
27,28;
28,27;
27,35;
35,27;
27,43;
43,27;
27,51;
51,27;
27,55;
55,27;
28,27;
27,28;
28,55;
55,28;
28,56;
56,28;
29,18;
18,29;
29,19;
19,29;
29,56;
56,29;
29,57;
57,29;
30,9;
9,30;
30,20;
20,30;
30,31;
31,30;
30,57;
57,30;
31,30;
30,31;
31,32;
32,31;
31,58;
58,31;
32,22;
22,32;
32,31;
31,32;
32,54;
54,32;
32,58;
58,32;
33,12;
12,33;
33,34;
34,33;
33,38;
38,33;
33,46;
46,33;
33,54;
54,33;
34,23;
23,34;
34,33;
33,34;
34,38;
38,34;
34,46;
46,34;
35,4;
4,35;
35,5;
5,35;
35,27;
27,35;
36,3;
3,36;
36,4;
4,36;
36,26;
26,36;
37,1;
1,37;
37,2;
2,37;
37,25;
25,37;
38,10;
10,38;
38,11;
11,38;
38,33;
33,38;
38,34;
34,38;
39,5;
5,39;
39,6;
6,39;
40,6;
6,40;
40,7;
7,40;
40,19;
19,40;
41,7;
7,41;
41,8;
8,41;
42,9;
9,42;
42,10;
10,42;
42,58;
58,42;
43,5;
5,43;
43,16;
16,43;
43,17;
17,43;
43,27;
27,43;
44,4;
4,44;
44,15;
15,44;
44,16;
16,44;
44,26;
26,44;
45,1;
1,45;
45,13;
13,45;
45,14;
14,45;
45,25;
25,45;
46,21;
21,46;
46,22;
22,46;
46,33;
33,46;
46,34;
34,46;
47,6;
6,47;
47,17;
17,47;
47,18;
18,47;
48,7;
7,48;
48,18;
18,48;
48,19;
19,48;
49,7;
7,49;
49,19;
19,49;
49,20;
20,49;
50,9;
9,50;
50,10;
10,50;
50,20;
20,50;
50,21;
21,50;
50,58;
58,50;
51,5;
5,51;
51,26;
26,51;
51,27;
27,51;
52,4;
4,52;
52,25;
25,52;
52,26;
26,52;
53,1;
1,53;
53,24;
24,53;
53,25;
25,53;
54,32;
32,54;
54,33;
33,54;
55,6;
6,55;
55,27;
27,55;
55,28;
28,55;
56,7;
7,56;
56,28;
28,56;
56,29;
29,56;
57,7;
7,57;
57,29;
29,57;
57,30;
30,57;
58,9;
9,58;
58,31;
31,58;
58,32;
32,58;
58,42;
42,58;
58,50;
50,58;
}
label = {
1,1;
2,1;
3,1;
4,1;
5,1;
6,1;
7,1;
8,1;
9,1;
10,1;
11,1;
12,1;
13,1;
14,1;
15,1;
16,1;
17,1;
18,1;
19,1;
20,1;
21,1;
22,1;
23,1;
24,1;
25,1;
26,1;
27,1;
28,1;
29,1;
30,1;
31,1;
32,1;
33,1;
34,1;
35,2;
36,2;
37,2;
38,2;
39,2;
40,2;
41,2;
42,2;
43,2;
44,2;
45,2;
46,2;
47,2;
48,2;
49,2;
50,2;
51,2;
52,2;
53,2;
54,2;
55,2;
56,2;
57,2;
58,2;
}