edge = {
1,3;
3,1;
1,36;
36,1;
2,3;
3,2;
2,4;
4,2;
2,23;
23,2;
2,36;
36,2;
3,1;
1,3;
3,2;
2,3;
3,4;
4,3;
3,35;
35,3;
4,2;
2,4;
4,3;
3,4;
4,5;
5,4;
4,34;
34,4;
4,35;
35,4;
5,4;
4,5;
5,6;
6,5;
5,34;
34,5;
5,38;
38,5;
6,5;
5,6;
6,38;
38,6;
6,39;
39,6;
7,17;
17,7;
7,39;
39,7;
7,40;
40,7;
8,40;
40,8;
8,41;
41,8;
9,10;
10,9;
9,11;
11,9;
9,37;
37,9;
9,41;
41,9;
9,49;
49,9;
9,57;
57,9;
10,9;
9,10;
10,11;
11,10;
10,31;
31,10;
10,33;
33,10;
10,37;
37,10;
11,9;
9,11;
11,10;
10,11;
11,37;
37,11;
12,36;
36,12;
12,44;
44,12;
12,52;
52,12;
13,14;
14,13;
13,36;
36,13;
13,44;
44,13;
14,13;
13,14;
14,36;
36,14;
14,43;
43,14;
14,44;
44,14;
14,52;
52,14;
15,34;
34,15;
15,35;
35,15;
15,42;
42,15;
15,43;
43,15;
15,50;
50,15;
15,51;
51,15;
16,34;
34,16;
16,42;
42,16;
16,46;
46,16;
16,50;
50,16;
17,7;
7,17;
17,18;
18,17;
17,46;
46,17;
17,47;
47,17;
18,17;
17,18;
18,19;
19,18;
18,30;
30,18;
18,47;
47,18;
18,48;
48,18;
19,18;
18,19;
19,48;
48,19;
19,49;
49,19;
20,41;
41,20;
20,45;
45,20;
20,49;
49,20;
21,22;
22,21;
21,37;
37,21;
21,45;
45,21;
21,53;
53,21;
22,21;
21,22;
22,37;
37,22;
22,45;
45,22;
23,2;
2,23;
23,24;
24,23;
23,25;
25,23;
23,52;
52,23;
24,23;
23,24;
24,25;
25,24;
24,26;
26,24;
24,52;
52,24;
25,23;
23,25;
25,24;
24,25;
25,26;
26,25;
25,51;
51,25;
26,24;
24,26;
26,25;
25,26;
26,27;
27,26;
26,50;
50,26;
26,51;
51,26;
27,26;
26,27;
27,28;
28,27;
27,50;
50,27;
27,54;
54,27;
28,27;
27,28;
28,29;
29,28;
28,54;
54,28;
28,55;
55,28;
29,28;
28,29;
29,55;
55,29;
29,56;
56,29;
30,18;
18,30;
30,56;
56,30;
30,57;
57,30;
31,10;
10,31;
31,32;
32,31;
31,33;
33,31;
31,53;
53,31;
31,57;
57,31;
32,31;
31,32;
32,33;
33,32;
32,53;
53,32;
33,10;
10,33;
33,31;
31,33;
33,32;
32,33;
34,4;
4,34;
34,5;
5,34;
34,15;
15,34;
34,16;
16,34;
35,3;
3,35;
35,4;
4,35;
35,15;
15,35;
36,1;
1,36;
36,2;
2,36;
36,12;
12,36;
36,13;
13,36;
36,14;
14,36;
37,9;
9,37;
37,10;
10,37;
37,11;
11,37;
37,21;
21,37;
37,22;
22,37;
38,5;
5,38;
38,6;
6,38;
38,39;
39,38;
38,47;
47,38;
38,55;
55,38;
39,6;
6,39;
39,7;
7,39;
39,38;
38,39;
39,40;
40,39;
39,46;
46,39;
39,48;
48,39;
39,54;
54,39;
39,56;
56,39;
40,7;
7,40;
40,8;
8,40;
40,39;
39,40;
41,8;
8,41;
41,9;
9,41;
41,20;
20,41;
41,57;
57,41;
42,15;
15,42;
42,16;
16,42;
43,14;
14,43;
43,15;
15,43;
44,12;
12,44;
44,13;
13,44;
44,14;
14,44;
45,20;
20,45;
45,21;
21,45;
45,22;
22,45;
46,16;
16,46;
46,17;
17,46;
46,39;
39,46;
47,17;
17,47;
47,18;
18,47;
47,38;
38,47;
48,18;
18,48;
48,19;
19,48;
48,39;
39,48;
49,9;
9,49;
49,19;
19,49;
49,20;
20,49;
49,57;
57,49;
50,15;
15,50;
50,16;
16,50;
50,26;
26,50;
50,27;
27,50;
51,15;
15,51;
51,25;
25,51;
51,26;
26,51;
52,12;
12,52;
52,14;
14,52;
52,23;
23,52;
52,24;
24,52;
53,21;
21,53;
53,31;
31,53;
53,32;
32,53;
54,27;
27,54;
54,28;
28,54;
54,39;
39,54;
55,28;
28,55;
55,29;
29,55;
55,38;
38,55;
56,29;
29,56;
56,30;
30,56;
56,39;
39,56;
57,9;
9,57;
57,30;
30,57;
57,31;
31,57;
57,41;
41,57;
57,49;
49,57;
}
label = {
1,1;
2,1;
3,1;
4,1;
5,1;
6,1;
7,1;
8,1;
9,1;
10,1;
11,1;
12,1;
13,1;
14,1;
15,1;
16,1;
17,1;
18,1;
19,1;
20,1;
21,1;
22,1;
23,1;
24,1;
25,1;
26,1;
27,1;
28,1;
29,1;
30,1;
31,1;
32,1;
33,1;
34,2;
35,2;
36,2;
37,2;
38,2;
39,2;
40,2;
41,2;
42,2;
43,2;
44,2;
45,2;
46,2;
47,2;
48,2;
49,2;
50,2;
51,2;
52,2;
53,2;
54,2;
55,2;
56,2;
57,2;
}