edge = {
1,2;
2,1;
1,3;
3,1;
1,12;
12,1;
2,1;
1,2;
2,3;
3,2;
2,4;
4,2;
2,11;
11,2;
2,12;
12,2;
3,1;
1,3;
3,2;
2,3;
3,4;
4,3;
3,5;
5,3;
3,10;
10,3;
4,2;
2,4;
4,3;
3,4;
4,5;
5,4;
4,6;
6,4;
4,10;
10,4;
4,13;
13,4;
5,3;
3,5;
5,4;
4,5;
5,6;
6,5;
5,7;
7,5;
5,13;
13,5;
5,17;
17,5;
6,4;
4,6;
6,5;
5,6;
6,7;
7,6;
6,8;
8,6;
6,9;
9,6;
6,17;
17,6;
6,18;
18,6;
7,5;
5,7;
7,6;
6,7;
7,8;
8,7;
7,9;
9,7;
7,15;
15,7;
7,16;
16,7;
8,6;
6,8;
8,7;
7,8;
8,9;
9,8;
8,14;
14,8;
9,6;
6,9;
9,7;
7,9;
9,8;
8,9;
10,3;
3,10;
10,4;
4,10;
10,11;
11,10;
10,12;
12,10;
10,13;
13,10;
11,2;
2,11;
11,10;
10,11;
11,12;
12,11;
12,1;
1,12;
12,2;
2,12;
12,10;
10,12;
12,11;
11,12;
13,4;
4,13;
13,5;
5,13;
13,10;
10,13;
13,17;
17,13;
13,18;
18,13;
14,8;
8,14;
14,15;
15,14;
14,16;
16,14;
14,18;
18,14;
15,7;
7,15;
15,14;
14,15;
15,16;
16,15;
15,18;
18,15;
16,7;
7,16;
16,14;
14,16;
16,15;
15,16;
16,17;
17,16;
16,18;
18,16;
17,5;
5,17;
17,6;
6,17;
17,13;
13,17;
17,16;
16,17;
17,18;
18,17;
18,6;
6,18;
18,13;
13,18;
18,14;
14,18;
18,15;
15,18;
18,16;
16,18;
18,17;
17,18;
}
label = {
1,1;
2,1;
3,1;
4,1;
5,1;
6,1;
7,1;
8,1;
9,1;
10,2;
11,2;
12,2;
13,2;
14,2;
15,2;
16,2;
17,2;
18,2;
}