edge = {
1,2;
2,1;
1,7;
7,1;
1,11;
11,1;
2,1;
1,2;
2,6;
6,2;
2,11;
11,2;
2,12;
12,2;
2,14;
14,2;
3,4;
4,3;
3,9;
9,3;
3,13;
13,3;
3,16;
16,3;
4,3;
3,4;
4,5;
5,4;
4,10;
10,4;
5,4;
4,5;
5,9;
9,5;
5,10;
10,5;
6,2;
2,6;
6,7;
7,6;
7,1;
1,7;
7,6;
6,7;
7,14;
14,7;
8,9;
9,8;
8,10;
10,8;
8,16;
16,8;
9,3;
3,9;
9,5;
5,9;
9,8;
8,9;
9,10;
10,9;
10,4;
4,10;
10,5;
5,10;
10,8;
8,10;
10,9;
9,10;
11,1;
1,11;
11,2;
2,11;
11,12;
12,11;
11,15;
15,11;
12,2;
2,12;
12,11;
11,12;
12,13;
13,12;
12,14;
14,12;
12,15;
15,12;
12,16;
16,12;
13,3;
3,13;
13,12;
12,13;
13,15;
15,13;
13,16;
16,13;
14,2;
2,14;
14,7;
7,14;
14,12;
12,14;
14,15;
15,14;
15,11;
11,15;
15,12;
12,15;
15,13;
13,15;
15,14;
14,15;
15,16;
16,15;
16,3;
3,16;
16,8;
8,16;
16,12;
12,16;
16,13;
13,16;
16,15;
15,16;
}
label = {
1,1;
2,1;
3,1;
4,1;
5,1;
6,1;
7,1;
8,1;
9,1;
10,1;
11,2;
12,2;
13,2;
14,2;
15,2;
16,2;
}