edge = {
1,2;
2,1;
1,15;
15,1;
2,1;
1,2;
2,3;
3,2;
2,14;
14,2;
2,28;
28,2;
2,29;
29,2;
3,2;
2,3;
3,4;
4,3;
3,27;
27,3;
3,28;
28,3;
4,3;
3,4;
4,5;
5,4;
4,27;
27,4;
4,34;
34,4;
5,4;
4,5;
5,6;
6,5;
5,34;
34,5;
6,5;
5,6;
6,7;
7,6;
6,8;
8,6;
7,6;
6,7;
7,8;
8,7;
7,9;
9,7;
7,33;
33,7;
8,6;
6,8;
8,7;
7,8;
8,9;
9,8;
8,22;
22,8;
8,33;
33,8;
9,7;
7,9;
9,8;
8,9;
9,21;
21,9;
9,23;
23,9;
9,32;
32,9;
10,11;
11,10;
10,22;
22,10;
10,24;
24,10;
10,32;
32,10;
11,10;
10,11;
11,23;
23,11;
11,31;
31,11;
12,13;
13,12;
12,26;
26,12;
12,30;
30,12;
12,31;
31,12;
13,12;
12,13;
13,25;
25,13;
13,26;
26,13;
13,30;
30,13;
14,2;
2,14;
14,15;
15,14;
14,37;
37,14;
15,1;
1,15;
15,14;
14,15;
15,16;
16,15;
15,36;
36,15;
15,37;
37,15;
16,15;
15,16;
16,17;
17,16;
16,35;
35,16;
16,36;
36,16;
17,16;
16,17;
17,18;
18,17;
17,35;
35,17;
17,42;
42,17;
18,17;
17,18;
18,19;
19,18;
18,42;
42,18;
19,18;
18,19;
19,20;
20,19;
19,21;
21,19;
20,19;
19,20;
20,21;
21,20;
20,22;
22,20;
20,41;
41,20;
21,9;
9,21;
21,19;
19,21;
21,20;
20,21;
21,22;
22,21;
21,41;
41,21;
22,8;
8,22;
22,10;
10,22;
22,20;
20,22;
22,21;
21,22;
22,40;
40,22;
23,9;
9,23;
23,11;
11,23;
23,24;
24,23;
23,40;
40,23;
24,10;
10,24;
24,23;
23,24;
24,39;
39,24;
25,13;
13,25;
25,26;
26,25;
25,38;
38,25;
25,39;
39,25;
26,12;
12,26;
26,13;
13,26;
26,25;
25,26;
26,38;
38,26;
27,3;
3,27;
27,4;
4,27;
27,34;
34,27;
27,42;
42,27;
28,2;
2,28;
28,3;
3,28;
28,29;
29,28;
28,37;
37,28;
29,2;
2,29;
29,28;
28,29;
29,36;
36,29;
30,12;
12,30;
30,13;
13,30;
30,31;
31,30;
30,39;
39,30;
31,11;
11,31;
31,12;
12,31;
31,30;
30,31;
31,38;
38,31;
32,9;
9,32;
32,10;
10,32;
32,33;
33,32;
32,41;
41,32;
33,7;
7,33;
33,8;
8,33;
33,32;
32,33;
33,40;
40,33;
34,4;
4,34;
34,5;
5,34;
34,27;
27,34;
34,35;
35,34;
34,42;
42,34;
35,16;
16,35;
35,17;
17,35;
35,34;
34,35;
35,42;
42,35;
36,15;
15,36;
36,16;
16,36;
36,29;
29,36;
36,37;
37,36;
37,14;
14,37;
37,15;
15,37;
37,28;
28,37;
37,36;
36,37;
38,25;
25,38;
38,26;
26,38;
38,31;
31,38;
38,39;
39,38;
39,24;
24,39;
39,25;
25,39;
39,30;
30,39;
39,38;
38,39;
40,22;
22,40;
40,23;
23,40;
40,33;
33,40;
40,41;
41,40;
41,20;
20,41;
41,21;
21,41;
41,32;
32,41;
41,40;
40,41;
42,17;
17,42;
42,18;
18,42;
42,27;
27,42;
42,34;
34,42;
42,35;
35,42;
}
label = {
1,1;
2,1;
3,1;
4,1;
5,1;
6,1;
7,1;
8,1;
9,1;
10,1;
11,1;
12,1;
13,1;
14,1;
15,1;
16,1;
17,1;
18,1;
19,1;
20,1;
21,1;
22,1;
23,1;
24,1;
25,1;
26,1;
27,2;
28,2;
29,2;
30,2;
31,2;
32,2;
33,2;
34,2;
35,2;
36,2;
37,2;
38,2;
39,2;
40,2;
41,2;
42,2;
}