edge = {
1,2;
2,1;
1,14;
14,1;
2,1;
1,2;
2,3;
3,2;
2,13;
13,2;
2,26;
26,2;
2,27;
27,2;
3,2;
2,3;
3,4;
4,3;
3,25;
25,3;
3,26;
26,3;
4,3;
3,4;
4,5;
5,4;
4,17;
17,4;
4,25;
25,4;
4,32;
32,4;
5,4;
4,5;
5,6;
6,5;
5,16;
16,5;
5,32;
32,5;
6,5;
5,6;
6,7;
7,6;
6,8;
8,6;
6,31;
31,6;
7,6;
6,7;
7,8;
8,7;
7,20;
20,7;
7,31;
31,7;
8,6;
6,8;
8,7;
7,8;
8,19;
19,8;
8,21;
21,8;
8,30;
30,8;
9,10;
10,9;
9,20;
20,9;
9,22;
22,9;
9,30;
30,9;
10,9;
9,10;
10,21;
21,10;
10,29;
29,10;
11,12;
12,11;
11,24;
24,11;
11,28;
28,11;
11,29;
29,11;
12,11;
11,12;
12,23;
23,12;
12,24;
24,12;
12,28;
28,12;
13,2;
2,13;
13,14;
14,13;
13,27;
27,13;
13,35;
35,13;
14,1;
1,14;
14,13;
13,14;
14,15;
15,14;
14,34;
34,14;
14,35;
35,14;
15,14;
14,15;
15,16;
16,15;
15,33;
33,15;
15,34;
34,15;
16,5;
5,16;
16,15;
15,16;
16,17;
17,16;
16,33;
33,16;
16,40;
40,16;
17,4;
4,17;
17,16;
16,17;
17,18;
18,17;
17,40;
40,17;
18,17;
17,18;
18,19;
19,18;
18,20;
20,18;
18,39;
39,18;
19,8;
8,19;
19,18;
18,19;
19,20;
20,19;
19,39;
39,19;
20,7;
7,20;
20,9;
9,20;
20,18;
18,20;
20,19;
19,20;
20,38;
38,20;
21,8;
8,21;
21,10;
10,21;
21,22;
22,21;
21,38;
38,21;
22,9;
9,22;
22,21;
21,22;
22,37;
37,22;
23,12;
12,23;
23,24;
24,23;
23,36;
36,23;
23,37;
37,23;
24,11;
11,24;
24,12;
12,24;
24,23;
23,24;
24,36;
36,24;
25,3;
3,25;
25,4;
4,25;
25,32;
32,25;
25,40;
40,25;
26,2;
2,26;
26,3;
3,26;
26,27;
27,26;
26,35;
35,26;
27,2;
2,27;
27,13;
13,27;
27,26;
26,27;
27,34;
34,27;
28,11;
11,28;
28,12;
12,28;
28,29;
29,28;
28,37;
37,28;
29,10;
10,29;
29,11;
11,29;
29,28;
28,29;
29,36;
36,29;
30,8;
8,30;
30,9;
9,30;
30,31;
31,30;
30,39;
39,30;
31,6;
6,31;
31,7;
7,31;
31,30;
30,31;
31,38;
38,31;
32,4;
4,32;
32,5;
5,32;
32,25;
25,32;
32,33;
33,32;
32,40;
40,32;
33,15;
15,33;
33,16;
16,33;
33,32;
32,33;
33,40;
40,33;
34,14;
14,34;
34,15;
15,34;
34,27;
27,34;
34,35;
35,34;
35,13;
13,35;
35,14;
14,35;
35,26;
26,35;
35,34;
34,35;
36,23;
23,36;
36,24;
24,36;
36,29;
29,36;
36,37;
37,36;
37,22;
22,37;
37,23;
23,37;
37,28;
28,37;
37,36;
36,37;
38,20;
20,38;
38,21;
21,38;
38,31;
31,38;
38,39;
39,38;
39,18;
18,39;
39,19;
19,39;
39,30;
30,39;
39,38;
38,39;
40,16;
16,40;
40,17;
17,40;
40,25;
25,40;
40,32;
32,40;
40,33;
33,40;
}
label = {
1,1;
2,1;
3,1;
4,1;
5,1;
6,1;
7,1;
8,1;
9,1;
10,1;
11,1;
12,1;
13,1;
14,1;
15,1;
16,1;
17,1;
18,1;
19,1;
20,1;
21,1;
22,1;
23,1;
24,1;
25,2;
26,2;
27,2;
28,2;
29,2;
30,2;
31,2;
32,2;
33,2;
34,2;
35,2;
36,2;
37,2;
38,2;
39,2;
40,2;
}