edge = {
1,17;
17,1;
1,22;
22,1;
2,3;
3,2;
2,11;
11,2;
2,33;
33,2;
2,42;
42,2;
3,2;
2,3;
3,4;
4,3;
3,32;
32,3;
3,34;
34,3;
4,3;
3,4;
4,5;
5,4;
4,17;
17,4;
4,18;
18,4;
4,22;
22,4;
4,23;
23,4;
4,35;
35,4;
5,4;
4,5;
5,19;
19,5;
5,20;
20,5;
5,43;
43,5;
6,12;
12,6;
6,49;
49,6;
6,50;
50,6;
7,8;
8,7;
7,16;
16,7;
7,42;
42,7;
7,50;
50,7;
8,7;
7,8;
8,9;
9,8;
8,12;
12,8;
9,8;
8,9;
9,10;
10,9;
9,12;
12,9;
9,13;
13,9;
10,9;
9,10;
10,51;
51,10;
11,2;
2,11;
11,32;
32,11;
11,53;
53,11;
11,54;
54,11;
12,6;
6,12;
12,8;
8,12;
12,9;
9,12;
12,13;
13,12;
12,14;
14,12;
12,54;
54,12;
13,9;
9,13;
13,12;
12,13;
13,14;
14,13;
13,29;
29,13;
14,12;
12,14;
14,13;
13,14;
14,15;
15,14;
14,30;
30,14;
15,14;
14,15;
15,29;
29,15;
15,55;
55,15;
16,7;
7,16;
16,42;
42,16;
16,45;
45,16;
16,46;
46,16;
17,1;
1,17;
17,4;
4,17;
17,18;
18,17;
17,19;
19,17;
17,31;
31,17;
17,46;
46,17;
18,4;
4,18;
18,17;
17,18;
18,19;
19,18;
19,5;
5,19;
19,17;
17,19;
19,18;
18,19;
19,20;
20,19;
20,5;
5,20;
20,19;
19,20;
20,47;
47,20;
20,60;
60,20;
21,22;
22,21;
21,37;
37,21;
21,59;
59,21;
21,74;
74,21;
22,1;
1,22;
22,4;
4,22;
22,21;
21,22;
22,23;
23,22;
22,24;
24,22;
22,31;
31,22;
22,59;
59,22;
23,4;
4,23;
23,22;
22,23;
23,24;
24,23;
23,25;
25,23;
24,22;
22,24;
24,23;
23,24;
24,25;
25,24;
24,38;
38,24;
25,23;
23,25;
25,24;
24,25;
25,60;
60,25;
26,42;
42,26;
26,46;
46,26;
26,66;
66,26;
26,67;
67,26;
27,28;
28,27;
27,29;
29,27;
27,36;
36,27;
27,39;
39,27;
27,67;
67,27;
28,27;
27,28;
28,29;
29,28;
28,36;
36,28;
28,39;
39,28;
28,40;
40,28;
29,13;
13,29;
29,15;
15,29;
29,27;
27,29;
29,28;
28,29;
29,30;
30,29;
30,14;
14,30;
30,29;
29,30;
30,40;
40,30;
30,68;
68,30;
31,17;
17,31;
31,22;
22,31;
31,70;
70,31;
31,71;
71,31;
32,3;
3,32;
32,11;
11,32;
32,33;
33,32;
32,71;
71,32;
33,2;
2,33;
33,32;
32,33;
33,34;
34,33;
34,3;
3,34;
34,33;
33,34;
34,35;
35,34;
35,4;
4,35;
35,34;
34,35;
35,72;
72,35;
36,27;
27,36;
36,28;
28,36;
36,62;
62,36;
36,63;
63,36;
37,21;
21,37;
37,38;
38,37;
37,39;
39,37;
37,63;
63,37;
38,24;
24,38;
38,37;
37,38;
38,39;
39,38;
39,27;
27,39;
39,28;
28,39;
39,37;
37,39;
39,38;
38,39;
39,40;
40,39;
40,28;
28,40;
40,30;
30,40;
40,39;
39,40;
40,64;
64,40;
41,42;
42,41;
41,57;
57,41;
41,74;
74,41;
42,2;
2,42;
42,7;
7,42;
42,16;
16,42;
42,26;
26,42;
42,41;
41,42;
42,59;
59,42;
42,71;
71,42;
43,5;
5,43;
43,44;
44,43;
44,43;
43,44;
45,16;
16,45;
45,57;
57,45;
45,74;
74,45;
46,16;
16,46;
46,17;
17,46;
46,26;
26,46;
46,59;
59,46;
46,71;
71,46;
47,20;
20,47;
47,48;
48,47;
48,47;
47,48;
49,6;
6,49;
49,57;
57,49;
49,74;
74,49;
50,6;
6,50;
50,7;
7,50;
50,59;
59,50;
50,71;
71,50;
51,10;
10,51;
51,52;
52,51;
52,51;
51,52;
53,11;
11,53;
54,11;
11,54;
54,12;
12,54;
55,15;
15,55;
55,56;
56,55;
56,55;
55,56;
57,41;
41,57;
57,45;
45,57;
57,49;
49,57;
58,74;
74,58;
59,21;
21,59;
59,22;
22,59;
59,42;
42,59;
59,46;
46,59;
59,50;
50,59;
60,20;
20,60;
60,25;
25,60;
60,61;
61,60;
61,60;
60,61;
62,36;
36,62;
63,36;
36,63;
63,37;
37,63;
64,40;
40,64;
64,65;
65,64;
65,64;
64,65;
66,26;
26,66;
67,26;
26,67;
67,27;
27,67;
68,30;
30,68;
68,69;
69,68;
69,68;
68,69;
70,31;
31,70;
71,31;
31,71;
71,32;
32,71;
71,42;
42,71;
71,46;
46,71;
71,50;
50,71;
72,35;
35,72;
72,73;
73,72;
73,72;
72,73;
74,21;
21,74;
74,41;
41,74;
74,45;
45,74;
74,49;
49,74;
74,58;
58,74;
}
label = {
1,1;
2,1;
3,1;
4,1;
5,1;
6,1;
7,1;
8,1;
9,1;
10,1;
11,1;
12,1;
13,1;
14,1;
15,1;
16,1;
17,1;
18,1;
19,1;
20,1;
21,1;
22,1;
23,1;
24,1;
25,1;
26,1;
27,1;
28,1;
29,1;
30,1;
31,1;
32,1;
33,1;
34,1;
35,1;
36,1;
37,1;
38,1;
39,1;
40,1;
41,2;
42,2;
43,2;
44,2;
45,2;
46,2;
47,2;
48,2;
49,2;
50,2;
51,2;
52,2;
53,2;
54,2;
55,2;
56,2;
57,2;
58,2;
59,2;
60,2;
61,2;
62,2;
63,2;
64,2;
65,2;
66,2;
67,2;
68,2;
69,2;
70,2;
71,2;
72,2;
73,2;
74,2;
}