edge = {
1,2;
2,1;
1,14;
14,1;
2,1;
1,2;
2,3;
3,2;
2,4;
4,2;
2,31;
31,2;
2,33;
33,2;
3,2;
2,3;
3,4;
4,3;
3,16;
16,3;
3,30;
30,3;
4,2;
2,4;
4,3;
3,4;
4,15;
15,4;
4,17;
17,4;
4,29;
29,4;
5,6;
6,5;
5,28;
28,5;
5,29;
29,5;
6,5;
5,6;
6,7;
7,6;
6,28;
28,6;
6,38;
38,6;
7,6;
6,7;
7,18;
18,7;
7,27;
27,7;
7,28;
28,7;
7,38;
38,7;
8,9;
9,8;
8,21;
21,8;
8,27;
27,8;
8,37;
37,8;
9,8;
8,9;
9,20;
20,9;
9,26;
26,9;
9,27;
27,9;
9,36;
36,9;
9,37;
37,9;
10,11;
11,10;
10,25;
25,10;
10,26;
26,10;
10,35;
35,10;
10,36;
36,10;
11,10;
10,11;
11,12;
12,11;
11,22;
22,11;
11,25;
25,11;
11,32;
32,11;
12,11;
11,12;
12,24;
24,12;
12,32;
32,12;
13,14;
14,13;
13,31;
31,13;
13,41;
41,13;
14,1;
1,14;
14,13;
13,14;
14,31;
31,14;
14,33;
33,14;
14,41;
41,14;
14,43;
43,14;
15,4;
4,15;
15,16;
16,15;
15,40;
40,15;
16,3;
3,16;
16,15;
15,16;
16,30;
30,16;
16,39;
39,16;
17,4;
4,17;
17,18;
18,17;
17,38;
38,17;
17,39;
39,17;
18,7;
7,18;
18,17;
17,18;
18,19;
19,18;
18,38;
38,18;
19,18;
18,19;
19,20;
20,19;
19,37;
37,19;
20,9;
9,20;
20,19;
19,20;
20,21;
21,20;
20,37;
37,20;
21,8;
8,21;
21,20;
20,21;
21,22;
22,21;
21,36;
36,21;
22,11;
11,22;
22,21;
21,22;
22,35;
35,22;
22,36;
36,22;
23,25;
25,23;
23,32;
32,23;
23,35;
35,23;
23,42;
42,23;
24,12;
12,24;
24,32;
32,24;
24,42;
42,24;
25,10;
10,25;
25,11;
11,25;
25,23;
23,25;
26,9;
9,26;
26,10;
10,26;
27,7;
7,27;
27,8;
8,27;
27,9;
9,27;
28,5;
5,28;
28,6;
6,28;
28,7;
7,28;
29,4;
4,29;
29,5;
5,29;
29,30;
30,29;
29,40;
40,29;
30,3;
3,30;
30,16;
16,30;
30,29;
29,30;
30,34;
34,30;
30,39;
39,30;
30,44;
44,30;
31,2;
2,31;
31,13;
13,31;
31,14;
14,31;
32,11;
11,32;
32,12;
12,32;
32,23;
23,32;
32,24;
24,32;
33,2;
2,33;
33,14;
14,33;
33,34;
34,33;
33,44;
44,33;
34,30;
30,34;
34,33;
33,34;
34,40;
40,34;
34,43;
43,34;
34,44;
44,34;
35,10;
10,35;
35,22;
22,35;
35,23;
23,35;
36,9;
9,36;
36,10;
10,36;
36,21;
21,36;
36,22;
22,36;
37,8;
8,37;
37,9;
9,37;
37,19;
19,37;
37,20;
20,37;
38,6;
6,38;
38,7;
7,38;
38,17;
17,38;
38,18;
18,38;
39,16;
16,39;
39,17;
17,39;
39,30;
30,39;
39,40;
40,39;
40,15;
15,40;
40,29;
29,40;
40,34;
34,40;
40,39;
39,40;
40,44;
44,40;
41,13;
13,41;
41,14;
14,41;
42,23;
23,42;
42,24;
24,42;
43,14;
14,43;
43,34;
34,43;
43,44;
44,43;
44,30;
30,44;
44,33;
33,44;
44,34;
34,44;
44,40;
40,44;
44,43;
43,44;
}
label = {
1,1;
2,1;
3,1;
4,1;
5,1;
6,1;
7,1;
8,1;
9,1;
10,1;
11,1;
12,1;
13,1;
14,1;
15,1;
16,1;
17,1;
18,1;
19,1;
20,1;
21,1;
22,1;
23,1;
24,1;
25,2;
26,2;
27,2;
28,2;
29,2;
30,2;
31,2;
32,2;
33,2;
34,2;
35,2;
36,2;
37,2;
38,2;
39,2;
40,2;
41,2;
42,2;
43,2;
44,2;
}