edge = {
1,2;
2,1;
1,3;
3,1;
1,23;
23,1;
1,31;
31,1;
2,1;
1,2;
2,3;
3,2;
2,23;
23,2;
2,24;
24,2;
2,31;
31,2;
3,1;
1,3;
3,2;
2,3;
3,4;
4,3;
3,24;
24,3;
3,25;
25,3;
4,3;
3,4;
4,5;
5,4;
4,25;
25,4;
4,26;
26,4;
5,4;
4,5;
5,6;
6,5;
5,26;
26,5;
6,5;
5,6;
6,7;
7,6;
6,26;
26,6;
6,27;
27,6;
7,6;
6,7;
7,8;
8,7;
7,27;
27,7;
8,7;
7,8;
8,27;
27,8;
8,28;
28,8;
9,10;
10,9;
9,28;
28,9;
9,29;
29,9;
9,30;
30,9;
10,9;
9,10;
10,11;
11,10;
10,29;
29,10;
10,30;
30,10;
11,10;
10,11;
11,29;
29,11;
11,30;
30,11;
12,13;
13,12;
12,14;
14,12;
12,32;
32,12;
13,12;
12,13;
13,14;
14,13;
13,32;
32,13;
13,33;
33,13;
13,40;
40,13;
14,12;
12,14;
14,13;
13,14;
14,15;
15,14;
14,33;
33,14;
14,34;
34,14;
15,14;
14,15;
15,16;
16,15;
15,17;
17,15;
15,34;
34,15;
15,35;
35,15;
16,15;
15,16;
16,17;
17,16;
16,18;
18,16;
16,35;
35,16;
17,15;
15,17;
17,16;
16,17;
17,18;
18,17;
17,19;
19,17;
17,36;
36,17;
18,16;
16,18;
18,17;
17,18;
18,19;
19,18;
18,20;
20,18;
18,36;
36,18;
19,17;
17,19;
19,18;
18,19;
19,20;
20,19;
19,37;
37,19;
20,18;
18,20;
20,19;
19,20;
20,21;
21,20;
20,22;
22,20;
20,37;
37,20;
20,38;
38,20;
21,20;
20,21;
21,22;
22,21;
21,38;
38,21;
21,39;
39,21;
22,20;
20,22;
22,21;
21,22;
22,39;
39,22;
23,1;
1,23;
23,2;
2,23;
23,24;
24,23;
23,31;
31,23;
24,2;
2,24;
24,3;
3,24;
24,23;
23,24;
24,25;
25,24;
24,31;
31,24;
25,3;
3,25;
25,4;
4,25;
25,24;
24,25;
25,26;
26,25;
26,4;
4,26;
26,5;
5,26;
26,6;
6,26;
26,25;
25,26;
27,6;
6,27;
27,7;
7,27;
27,8;
8,27;
27,28;
28,27;
28,8;
8,28;
28,9;
9,28;
28,27;
27,28;
28,29;
29,28;
29,9;
9,29;
29,10;
10,29;
29,11;
11,29;
29,28;
28,29;
29,30;
30,29;
30,9;
9,30;
30,10;
10,30;
30,11;
11,30;
30,29;
29,30;
31,1;
1,31;
31,2;
2,31;
31,23;
23,31;
31,24;
24,31;
32,12;
12,32;
32,13;
13,32;
32,33;
33,32;
32,40;
40,32;
33,13;
13,33;
33,14;
14,33;
33,32;
32,33;
33,34;
34,33;
33,40;
40,33;
34,14;
14,34;
34,15;
15,34;
34,33;
33,34;
34,35;
35,34;
35,15;
15,35;
35,16;
16,35;
35,34;
34,35;
35,36;
36,35;
36,17;
17,36;
36,18;
18,36;
36,35;
35,36;
36,37;
37,36;
36,38;
38,36;
37,19;
19,37;
37,20;
20,37;
37,36;
36,37;
37,38;
38,37;
37,39;
39,37;
38,20;
20,38;
38,21;
21,38;
38,36;
36,38;
38,37;
37,38;
38,39;
39,38;
39,21;
21,39;
39,22;
22,39;
39,37;
37,39;
39,38;
38,39;
40,13;
13,40;
40,32;
32,40;
40,33;
33,40;
}
label = {
1,1;
2,1;
3,1;
4,1;
5,1;
6,1;
7,1;
8,1;
9,1;
10,1;
11,1;
12,1;
13,1;
14,1;
15,1;
16,1;
17,1;
18,1;
19,1;
20,1;
21,1;
22,1;
23,2;
24,2;
25,2;
26,2;
27,2;
28,2;
29,2;
30,2;
31,2;
32,2;
33,2;
34,2;
35,2;
36,2;
37,2;
38,2;
39,2;
40,2;
}