edge = {
1,2;
2,1;
1,3;
3,1;
1,16;
16,1;
2,1;
1,2;
2,3;
3,2;
2,16;
16,2;
2,35;
35,2;
3,1;
1,3;
3,2;
2,3;
3,4;
4,3;
3,14;
14,3;
3,15;
15,3;
3,27;
27,3;
3,28;
28,3;
4,3;
3,4;
4,5;
5,4;
4,28;
28,4;
4,29;
29,4;
5,4;
4,5;
5,6;
6,5;
5,19;
19,5;
5,29;
29,5;
5,30;
30,5;
6,5;
5,6;
6,7;
7,6;
6,18;
18,6;
6,20;
20,6;
6,30;
30,6;
7,6;
6,7;
7,19;
19,7;
7,31;
31,7;
8,9;
9,8;
8,22;
22,8;
8,31;
31,8;
9,8;
8,9;
9,10;
10,9;
9,21;
21,9;
9,32;
32,9;
10,9;
9,10;
10,11;
11,10;
10,12;
12,10;
10,32;
32,10;
11,10;
10,11;
11,12;
12,11;
11,13;
13,11;
11,33;
33,11;
12,10;
10,12;
12,11;
11,12;
12,13;
13,12;
12,33;
33,12;
12,34;
34,12;
13,11;
11,13;
13,12;
12,13;
13,26;
26,13;
13,34;
34,13;
14,3;
3,14;
14,15;
15,14;
14,16;
16,14;
15,3;
3,15;
15,14;
14,15;
15,16;
16,15;
15,36;
36,15;
16,1;
1,16;
16,2;
2,16;
16,14;
14,16;
16,15;
15,16;
16,17;
17,16;
16,37;
37,16;
16,44;
44,16;
17,16;
16,17;
17,18;
18,17;
17,37;
37,17;
17,38;
38,17;
18,6;
6,18;
18,17;
17,18;
18,19;
19,18;
18,38;
38,18;
18,39;
39,18;
19,5;
5,19;
19,7;
7,19;
19,18;
18,19;
19,20;
20,19;
19,39;
39,19;
20,6;
6,20;
20,19;
19,20;
20,40;
40,20;
21,9;
9,21;
21,22;
22,21;
21,40;
40,21;
22,8;
8,22;
22,21;
21,22;
22,23;
23,22;
22,41;
41,22;
23,22;
22,23;
23,24;
24,23;
23,25;
25,23;
23,41;
41,23;
24,23;
23,24;
24,25;
25,24;
24,26;
26,24;
24,42;
42,24;
25,23;
23,25;
25,24;
24,25;
25,26;
26,25;
25,42;
42,25;
25,43;
43,25;
26,13;
13,26;
26,24;
24,26;
26,25;
25,26;
26,43;
43,26;
27,3;
3,27;
27,35;
35,27;
27,44;
44,27;
28,3;
3,28;
28,4;
4,28;
28,29;
29,28;
28,38;
38,28;
29,4;
4,29;
29,5;
5,29;
29,28;
28,29;
29,30;
30,29;
29,37;
37,29;
29,39;
39,29;
30,5;
5,30;
30,6;
6,30;
30,29;
29,30;
30,38;
38,30;
31,7;
7,31;
31,8;
8,31;
31,32;
32,31;
31,41;
41,31;
32,9;
9,32;
32,10;
10,32;
32,31;
31,32;
32,40;
40,32;
33,11;
11,33;
33,12;
12,33;
33,34;
34,33;
33,43;
43,33;
34,12;
12,34;
34,13;
13,34;
34,33;
33,34;
34,42;
42,34;
35,2;
2,35;
35,27;
27,35;
35,36;
36,35;
35,44;
44,35;
36,15;
15,36;
36,35;
35,36;
36,44;
44,36;
37,16;
16,37;
37,17;
17,37;
37,29;
29,37;
37,38;
38,37;
38,17;
17,38;
38,18;
18,38;
38,28;
28,38;
38,30;
30,38;
38,37;
37,38;
38,39;
39,38;
39,18;
18,39;
39,19;
19,39;
39,29;
29,39;
39,38;
38,39;
40,20;
20,40;
40,21;
21,40;
40,32;
32,40;
40,41;
41,40;
41,22;
22,41;
41,23;
23,41;
41,31;
31,41;
41,40;
40,41;
42,24;
24,42;
42,25;
25,42;
42,34;
34,42;
42,43;
43,42;
43,25;
25,43;
43,26;
26,43;
43,33;
33,43;
43,42;
42,43;
44,16;
16,44;
44,27;
27,44;
44,35;
35,44;
44,36;
36,44;
}
label = {
1,1;
2,1;
3,1;
4,1;
5,1;
6,1;
7,1;
8,1;
9,1;
10,1;
11,1;
12,1;
13,1;
14,1;
15,1;
16,1;
17,1;
18,1;
19,1;
20,1;
21,1;
22,1;
23,1;
24,1;
25,1;
26,1;
27,2;
28,2;
29,2;
30,2;
31,2;
32,2;
33,2;
34,2;
35,2;
36,2;
37,2;
38,2;
39,2;
40,2;
41,2;
42,2;
43,2;
44,2;
}