edge = {
1,25;
25,1;
1,33;
33,1;
1,34;
34,1;
2,3;
3,2;
2,13;
13,2;
2,25;
25,2;
2,33;
33,2;
2,34;
34,2;
3,2;
2,3;
3,4;
4,3;
3,13;
13,3;
3,25;
25,3;
3,26;
26,3;
3,33;
33,3;
4,3;
3,4;
4,26;
26,4;
4,27;
27,4;
4,35;
35,4;
5,18;
18,5;
5,27;
27,5;
5,28;
28,5;
5,36;
36,5;
6,7;
7,6;
6,28;
28,6;
6,37;
37,6;
7,6;
6,7;
7,18;
18,7;
7,28;
28,7;
7,29;
29,7;
7,37;
37,7;
8,9;
9,8;
8,29;
29,8;
8,38;
38,8;
9,8;
8,9;
9,29;
29,9;
9,30;
30,9;
9,38;
38,9;
9,39;
39,9;
10,30;
30,10;
10,31;
31,10;
10,39;
39,10;
10,40;
40,10;
11,12;
12,11;
11,31;
31,11;
11,32;
32,11;
11,40;
40,11;
11,41;
41,11;
12,11;
11,12;
12,32;
32,12;
12,41;
41,12;
13,2;
2,13;
13,3;
3,13;
13,14;
14,13;
14,13;
13,14;
14,15;
15,14;
14,25;
25,14;
14,33;
33,14;
14,34;
34,14;
15,14;
14,15;
15,16;
16,15;
15,25;
25,15;
15,33;
33,15;
15,35;
35,15;
15,42;
42,15;
16,15;
15,16;
16,26;
26,16;
16,35;
35,16;
16,36;
36,16;
17,27;
27,17;
17,36;
36,17;
17,37;
37,17;
18,5;
5,18;
18,7;
7,18;
18,19;
19,18;
18,37;
37,18;
19,18;
18,19;
19,20;
20,19;
19,21;
21,19;
19,38;
38,19;
20,19;
19,20;
20,21;
21,20;
20,29;
29,20;
20,38;
38,20;
21,19;
19,21;
21,20;
20,21;
21,22;
22,21;
21,39;
39,21;
22,21;
21,22;
22,23;
23,22;
22,30;
30,22;
22,39;
39,22;
22,40;
40,22;
23,22;
22,23;
23,24;
24,23;
23,31;
31,23;
23,40;
40,23;
23,41;
41,23;
24,23;
23,24;
24,41;
41,24;
25,1;
1,25;
25,2;
2,25;
25,3;
3,25;
25,14;
14,25;
25,15;
15,25;
25,33;
33,25;
25,42;
42,25;
26,3;
3,26;
26,4;
4,26;
26,16;
16,26;
26,27;
27,26;
26,36;
36,26;
27,4;
4,27;
27,5;
5,27;
27,17;
17,27;
27,26;
26,27;
27,35;
35,27;
28,5;
5,28;
28,6;
6,28;
28,7;
7,28;
29,7;
7,29;
29,8;
8,29;
29,9;
9,29;
29,20;
20,29;
30,9;
9,30;
30,10;
10,30;
30,22;
22,30;
31,10;
10,31;
31,11;
11,31;
31,23;
23,31;
32,11;
11,32;
32,12;
12,32;
33,1;
1,33;
33,2;
2,33;
33,3;
3,33;
33,14;
14,33;
33,15;
15,33;
33,25;
25,33;
33,34;
34,33;
33,42;
42,33;
34,1;
1,34;
34,2;
2,34;
34,14;
14,34;
34,33;
33,34;
34,42;
42,34;
35,4;
4,35;
35,15;
15,35;
35,16;
16,35;
35,27;
27,35;
35,36;
36,35;
36,5;
5,36;
36,16;
16,36;
36,17;
17,36;
36,26;
26,36;
36,35;
35,36;
37,6;
6,37;
37,7;
7,37;
37,17;
17,37;
37,18;
18,37;
38,8;
8,38;
38,9;
9,38;
38,19;
19,38;
38,20;
20,38;
39,9;
9,39;
39,10;
10,39;
39,21;
21,39;
39,22;
22,39;
40,10;
10,40;
40,11;
11,40;
40,22;
22,40;
40,23;
23,40;
41,11;
11,41;
41,12;
12,41;
41,23;
23,41;
41,24;
24,41;
42,15;
15,42;
42,25;
25,42;
42,33;
33,42;
42,34;
34,42;
}
label = {
1,1;
2,1;
3,1;
4,1;
5,1;
6,1;
7,1;
8,1;
9,1;
10,1;
11,1;
12,1;
13,1;
14,1;
15,1;
16,1;
17,1;
18,1;
19,1;
20,1;
21,1;
22,1;
23,1;
24,1;
25,2;
26,2;
27,2;
28,2;
29,2;
30,2;
31,2;
32,2;
33,2;
34,2;
35,2;
36,2;
37,2;
38,2;
39,2;
40,2;
41,2;
42,2;
}