edge = {
1,2;
2,1;
1,13;
13,1;
2,1;
1,2;
2,12;
12,2;
2,13;
13,2;
2,14;
14,2;
2,31;
31,2;
2,33;
33,2;
3,4;
4,3;
3,13;
13,3;
3,15;
15,3;
3,31;
31,3;
4,3;
3,4;
4,14;
14,4;
4,30;
30,4;
5,6;
6,5;
5,15;
15,5;
5,29;
29,5;
5,30;
30,5;
6,5;
5,6;
6,16;
16,6;
6,17;
17,6;
6,28;
28,6;
6,29;
29,6;
7,18;
18,7;
7,20;
20,7;
7,27;
27,7;
7,28;
28,7;
8,9;
9,8;
8,21;
21,8;
8,26;
26,8;
8,27;
27,8;
9,8;
8,9;
9,20;
20,9;
9,25;
25,9;
9,26;
26,9;
10,11;
11,10;
10,23;
23,10;
10,25;
25,10;
11,10;
10,11;
11,22;
22,11;
11,23;
23,11;
12,2;
2,12;
12,13;
13,12;
12,34;
34,12;
13,1;
1,13;
13,2;
2,13;
13,3;
3,13;
13,12;
12,13;
13,41;
41,13;
13,43;
43,13;
14,2;
2,14;
14,4;
4,14;
14,15;
15,14;
14,41;
41,14;
15,3;
3,15;
15,5;
5,15;
15,14;
14,15;
15,40;
40,15;
16,6;
6,16;
16,17;
17,16;
16,30;
30,16;
16,39;
39,16;
16,40;
40,16;
17,6;
6,17;
17,16;
16,17;
17,29;
29,17;
17,38;
38,17;
17,39;
39,17;
18,7;
7,18;
18,19;
19,18;
18,27;
27,18;
18,28;
28,18;
18,37;
37,18;
18,38;
38,18;
19,18;
18,19;
19,27;
27,19;
19,37;
37,19;
20,7;
7,20;
20,9;
9,20;
20,21;
21,20;
20,36;
36,20;
20,37;
37,20;
21,8;
8,21;
21,20;
20,21;
21,35;
35,21;
21,36;
36,21;
22,11;
11,22;
22,23;
23,22;
22,35;
35,22;
23,10;
10,23;
23,11;
11,23;
23,22;
22,23;
24,31;
31,24;
24,32;
32,24;
24,33;
33,24;
24,41;
41,24;
24,42;
42,24;
24,43;
43,24;
25,9;
9,25;
25,10;
10,25;
25,26;
26,25;
25,36;
36,25;
26,8;
8,26;
26,9;
9,26;
26,25;
25,26;
26,35;
35,26;
27,7;
7,27;
27,8;
8,27;
27,18;
18,27;
27,19;
19,27;
28,6;
6,28;
28,7;
7,28;
28,18;
18,28;
28,29;
29,28;
29,5;
5,29;
29,6;
6,29;
29,17;
17,29;
29,28;
28,29;
29,30;
30,29;
29,38;
38,29;
29,40;
40,29;
30,4;
4,30;
30,5;
5,30;
30,16;
16,30;
30,29;
29,30;
30,39;
39,30;
31,2;
2,31;
31,3;
3,31;
31,24;
24,31;
32,24;
24,32;
32,33;
33,32;
32,34;
34,32;
32,43;
43,32;
33,2;
2,33;
33,24;
24,33;
33,32;
32,33;
33,34;
34,33;
33,43;
43,33;
34,12;
12,34;
34,32;
32,34;
34,33;
33,34;
34,42;
42,34;
35,21;
21,35;
35,22;
22,35;
35,26;
26,35;
35,36;
36,35;
36,20;
20,36;
36,21;
21,36;
36,25;
25,36;
36,35;
35,36;
37,18;
18,37;
37,19;
19,37;
37,20;
20,37;
38,17;
17,38;
38,18;
18,38;
38,29;
29,38;
39,16;
16,39;
39,17;
17,39;
39,30;
30,39;
39,40;
40,39;
40,15;
15,40;
40,16;
16,40;
40,29;
29,40;
40,39;
39,40;
41,13;
13,41;
41,14;
14,41;
41,24;
24,41;
42,24;
24,42;
42,34;
34,42;
42,43;
43,42;
43,13;
13,43;
43,24;
24,43;
43,32;
32,43;
43,33;
33,43;
43,42;
42,43;
}
label = {
1,1;
2,1;
3,1;
4,1;
5,1;
6,1;
7,1;
8,1;
9,1;
10,1;
11,1;
12,1;
13,1;
14,1;
15,1;
16,1;
17,1;
18,1;
19,1;
20,1;
21,1;
22,1;
23,1;
24,2;
25,2;
26,2;
27,2;
28,2;
29,2;
30,2;
31,2;
32,2;
33,2;
34,2;
35,2;
36,2;
37,2;
38,2;
39,2;
40,2;
41,2;
42,2;
43,2;
}