edge = {
1,2;
2,1;
1,3;
3,1;
1,4;
4,1;
2,1;
1,2;
2,3;
3,2;
2,4;
4,2;
3,1;
1,3;
3,2;
2,3;
3,4;
4,3;
3,29;
29,3;
4,1;
1,4;
4,2;
2,4;
4,3;
3,4;
4,5;
5,4;
4,6;
6,4;
4,29;
29,4;
5,4;
4,5;
5,6;
6,5;
5,7;
7,5;
5,29;
29,5;
5,36;
36,5;
6,4;
4,6;
6,5;
5,6;
6,7;
7,6;
6,36;
36,6;
7,5;
5,7;
7,6;
6,7;
7,8;
8,7;
7,9;
9,7;
7,36;
36,7;
8,7;
7,8;
8,9;
9,8;
8,35;
35,8;
9,7;
7,9;
9,8;
8,9;
9,10;
10,9;
9,34;
34,9;
9,35;
35,9;
10,9;
9,10;
10,11;
11,10;
10,12;
12,10;
10,33;
33,10;
10,37;
37,10;
11,10;
10,11;
11,12;
12,11;
11,13;
13,11;
11,33;
33,11;
11,38;
38,11;
12,10;
10,12;
12,11;
11,12;
12,13;
13,12;
12,14;
14,12;
12,38;
38,12;
12,40;
40,12;
13,11;
11,13;
13,12;
12,13;
13,14;
14,13;
13,40;
40,13;
14,12;
12,14;
14,13;
13,14;
14,15;
15,14;
14,16;
16,14;
14,41;
41,14;
15,14;
14,15;
15,16;
16,15;
15,17;
17,15;
15,41;
41,15;
16,14;
14,16;
16,15;
15,16;
16,17;
17,16;
16,18;
18,16;
16,41;
41,16;
17,15;
15,17;
17,16;
16,17;
17,18;
18,17;
17,39;
39,17;
18,16;
16,18;
18,17;
17,18;
18,19;
19,18;
18,32;
32,18;
18,39;
39,18;
19,18;
18,19;
19,20;
20,19;
19,21;
21,19;
19,31;
31,19;
19,32;
32,19;
20,19;
19,20;
20,21;
21,20;
20,22;
22,20;
20,23;
23,20;
20,31;
31,20;
21,19;
19,21;
21,20;
20,21;
21,22;
22,21;
21,23;
23,21;
22,20;
20,22;
22,21;
21,22;
22,23;
23,22;
22,30;
30,22;
23,20;
20,23;
23,21;
21,23;
23,22;
22,23;
23,24;
24,23;
23,25;
25,23;
23,30;
30,23;
24,23;
23,24;
24,25;
25,24;
24,26;
26,24;
25,23;
23,25;
25,24;
24,25;
25,26;
26,25;
25,27;
27,25;
25,28;
28,25;
26,24;
24,26;
26,25;
25,26;
26,27;
27,26;
26,28;
28,26;
27,25;
25,27;
27,26;
26,27;
27,28;
28,27;
28,25;
25,28;
28,26;
26,28;
28,27;
27,28;
29,3;
3,29;
29,4;
4,29;
29,5;
5,29;
29,36;
36,29;
30,22;
22,30;
30,23;
23,30;
30,31;
31,30;
30,32;
32,30;
31,19;
19,31;
31,20;
20,31;
31,30;
30,31;
31,32;
32,31;
31,39;
39,31;
32,18;
18,32;
32,19;
19,32;
32,30;
30,32;
32,31;
31,32;
32,39;
39,32;
33,10;
10,33;
33,11;
11,33;
33,34;
34,33;
33,37;
37,33;
33,38;
38,33;
33,40;
40,33;
34,9;
9,34;
34,33;
33,34;
34,35;
35,34;
34,37;
37,34;
35,8;
8,35;
35,9;
9,35;
35,34;
34,35;
35,37;
37,35;
36,5;
5,36;
36,6;
6,36;
36,7;
7,36;
36,29;
29,36;
37,10;
10,37;
37,33;
33,37;
37,34;
34,37;
37,35;
35,37;
37,38;
38,37;
38,11;
11,38;
38,12;
12,38;
38,33;
33,38;
38,37;
37,38;
38,40;
40,38;
38,41;
41,38;
39,17;
17,39;
39,18;
18,39;
39,31;
31,39;
39,32;
32,39;
40,12;
12,40;
40,13;
13,40;
40,33;
33,40;
40,38;
38,40;
40,41;
41,40;
41,14;
14,41;
41,15;
15,41;
41,16;
16,41;
41,38;
38,41;
41,40;
40,41;
}
label = {
1,1;
2,1;
3,1;
4,1;
5,1;
6,1;
7,1;
8,1;
9,1;
10,1;
11,1;
12,1;
13,1;
14,1;
15,1;
16,1;
17,1;
18,1;
19,1;
20,1;
21,1;
22,1;
23,1;
24,1;
25,1;
26,1;
27,1;
28,1;
29,2;
30,2;
31,2;
32,2;
33,2;
34,2;
35,2;
36,2;
37,2;
38,2;
39,2;
40,2;
41,2;
}