edge = {
1,2;
2,1;
1,32;
32,1;
2,1;
1,2;
2,3;
3,2;
2,4;
4,2;
2,20;
20,2;
2,33;
33,2;
3,2;
2,3;
3,4;
4,3;
3,33;
33,3;
3,42;
42,3;
4,2;
2,4;
4,3;
3,4;
4,18;
18,4;
4,34;
34,4;
5,34;
34,5;
5,35;
35,5;
5,43;
43,5;
6,35;
35,6;
6,36;
36,6;
6,44;
44,6;
7,8;
8,7;
7,23;
23,7;
7,36;
36,7;
7,37;
37,7;
7,45;
45,7;
7,46;
46,7;
8,7;
7,8;
8,9;
9,8;
8,36;
36,8;
8,37;
37,8;
8,45;
45,8;
9,8;
8,9;
9,25;
25,9;
9,37;
37,9;
9,38;
38,9;
10,11;
11,10;
10,24;
24,10;
10,26;
26,10;
10,38;
38,10;
11,10;
10,11;
11,12;
12,11;
11,25;
25,11;
11,39;
39,11;
12,11;
11,12;
12,13;
13,12;
12,14;
14,12;
12,39;
39,12;
13,12;
12,13;
13,14;
14,13;
14,12;
12,14;
14,13;
13,14;
14,15;
15,14;
15,14;
14,15;
15,16;
16,15;
15,31;
31,15;
16,15;
15,16;
16,30;
30,16;
16,31;
31,16;
17,18;
18,17;
17,32;
32,17;
17,42;
42,17;
17,49;
49,17;
18,4;
4,18;
18,17;
17,18;
18,19;
19,18;
18,20;
20,18;
18,42;
42,18;
19,18;
18,19;
19,20;
20,19;
19,33;
33,19;
19,42;
42,19;
20,2;
2,20;
20,18;
18,20;
20,19;
19,20;
20,43;
43,20;
21,34;
34,21;
21,43;
43,21;
21,44;
44,21;
22,35;
35,22;
22,36;
36,22;
22,44;
44,22;
22,45;
45,22;
23,7;
7,23;
23,24;
24,23;
23,37;
37,23;
23,45;
45,23;
23,46;
46,23;
24,10;
10,24;
24,23;
23,24;
24,46;
46,24;
24,47;
47,24;
25,9;
9,25;
25,11;
11,25;
25,26;
26,25;
25,47;
47,25;
26,10;
10,26;
26,25;
25,26;
26,27;
27,26;
26,48;
48,26;
27,26;
26,27;
27,28;
28,27;
27,29;
29,27;
27,48;
48,27;
28,27;
27,28;
28,29;
29,28;
29,27;
27,29;
29,28;
28,29;
29,30;
30,29;
30,16;
16,30;
30,29;
29,30;
30,31;
31,30;
31,15;
15,31;
31,16;
16,31;
31,30;
30,31;
32,1;
1,32;
32,17;
17,32;
32,40;
40,32;
32,49;
49,32;
33,2;
2,33;
33,3;
3,33;
33,19;
19,33;
33,40;
40,33;
34,4;
4,34;
34,5;
5,34;
34,21;
21,34;
35,5;
5,35;
35,6;
6,35;
35,22;
22,35;
36,6;
6,36;
36,7;
7,36;
36,8;
8,36;
36,22;
22,36;
37,7;
7,37;
37,8;
8,37;
37,9;
9,37;
37,23;
23,37;
37,38;
38,37;
38,9;
9,38;
38,10;
10,38;
38,37;
37,38;
38,39;
39,38;
38,46;
46,38;
38,48;
48,38;
39,11;
11,39;
39,12;
12,39;
39,38;
38,39;
39,47;
47,39;
40,32;
32,40;
40,33;
33,40;
40,41;
41,40;
40,49;
49,40;
41,40;
40,41;
41,49;
49,41;
42,3;
3,42;
42,17;
17,42;
42,18;
18,42;
42,19;
19,42;
43,5;
5,43;
43,20;
20,43;
43,21;
21,43;
44,6;
6,44;
44,21;
21,44;
44,22;
22,44;
45,7;
7,45;
45,8;
8,45;
45,22;
22,45;
45,23;
23,45;
46,7;
7,46;
46,23;
23,46;
46,24;
24,46;
46,38;
38,46;
47,24;
24,47;
47,25;
25,47;
47,39;
39,47;
47,48;
48,47;
48,26;
26,48;
48,27;
27,48;
48,38;
38,48;
48,47;
47,48;
49,17;
17,49;
49,32;
32,49;
49,40;
40,49;
49,41;
41,49;
}
label = {
1,1;
2,1;
3,1;
4,1;
5,1;
6,1;
7,1;
8,1;
9,1;
10,1;
11,1;
12,1;
13,1;
14,1;
15,1;
16,1;
17,1;
18,1;
19,1;
20,1;
21,1;
22,1;
23,1;
24,1;
25,1;
26,1;
27,1;
28,1;
29,1;
30,1;
31,1;
32,2;
33,2;
34,2;
35,2;
36,2;
37,2;
38,2;
39,2;
40,2;
41,2;
42,2;
43,2;
44,2;
45,2;
46,2;
47,2;
48,2;
49,2;
}