edge = {
1,2;
2,1;
1,35;
35,1;
2,1;
1,2;
2,3;
3,2;
2,81;
81,2;
3,2;
2,3;
3,4;
4,3;
3,81;
81,3;
4,3;
3,4;
4,36;
36,4;
5,6;
6,5;
6,5;
5,6;
6,29;
29,6;
7,8;
8,7;
7,28;
28,7;
7,30;
30,7;
8,7;
7,8;
8,9;
9,8;
9,8;
8,9;
9,10;
10,9;
10,9;
9,10;
10,11;
11,10;
10,31;
31,10;
11,10;
10,11;
11,32;
32,11;
12,13;
13,12;
12,24;
24,12;
13,12;
12,13;
13,14;
14,13;
13,82;
82,13;
14,13;
13,14;
14,15;
15,14;
14,82;
82,14;
14,84;
84,14;
15,14;
14,15;
16,17;
17,16;
16,39;
39,16;
17,16;
16,17;
17,40;
40,17;
18,19;
19,18;
18,39;
39,18;
19,18;
18,19;
19,20;
20,19;
20,19;
19,20;
20,21;
21,20;
21,20;
20,21;
21,22;
22,21;
22,21;
21,22;
22,32;
32,22;
23,24;
24,23;
23,35;
35,23;
24,12;
12,24;
24,23;
23,24;
24,34;
34,24;
24,82;
82,24;
24,83;
83,24;
24,84;
84,24;
25,26;
26,25;
25,83;
83,25;
26,25;
25,26;
27,28;
28,27;
27,39;
39,27;
28,7;
7,28;
28,27;
27,28;
28,29;
29,28;
29,6;
6,29;
29,28;
28,29;
29,30;
30,29;
30,7;
7,30;
30,29;
29,30;
30,31;
31,30;
31,10;
10,31;
31,30;
30,31;
31,32;
32,31;
31,43;
43,31;
32,11;
11,32;
32,22;
22,32;
32,31;
31,32;
32,33;
33,32;
32,42;
42,32;
32,44;
44,32;
33,32;
32,33;
33,43;
43,33;
33,44;
44,33;
34,24;
24,34;
34,35;
35,34;
35,1;
1,35;
35,23;
23,35;
35,34;
34,35;
35,84;
84,35;
36,4;
4,36;
36,37;
37,36;
36,81;
81,36;
36,83;
83,36;
36,84;
84,36;
37,36;
36,37;
38,39;
39,38;
39,16;
16,39;
39,18;
18,39;
39,27;
27,39;
39,38;
38,39;
39,40;
40,39;
40,17;
17,40;
40,39;
39,40;
40,41;
41,40;
41,40;
40,41;
41,42;
42,41;
42,32;
32,42;
42,41;
41,42;
42,43;
43,42;
43,31;
31,43;
43,33;
33,43;
43,42;
42,43;
43,44;
44,43;
44,32;
32,44;
44,33;
33,44;
44,43;
43,44;
45,53;
53,45;
45,62;
62,45;
45,71;
71,45;
45,80;
80,45;
53,45;
45,53;
53,54;
54,53;
53,63;
63,53;
53,72;
72,53;
53,80;
80,53;
54,53;
53,54;
54,62;
62,54;
54,71;
71,54;
54,80;
80,54;
62,45;
45,62;
62,54;
54,62;
63,53;
53,63;
71,45;
45,71;
71,54;
54,71;
72,53;
53,72;
80,45;
45,80;
80,53;
53,80;
80,54;
54,80;
81,2;
2,81;
81,3;
3,81;
81,36;
36,81;
82,13;
13,82;
82,14;
14,82;
82,24;
24,82;
83,24;
24,83;
83,25;
25,83;
83,36;
36,83;
84,14;
14,84;
84,24;
24,84;
84,35;
35,84;
84,36;
36,84;
}
label = {
1,1;
2,1;
3,1;
4,1;
5,1;
6,1;
7,1;
8,1;
9,1;
10,1;
11,1;
12,1;
13,1;
14,1;
15,1;
16,1;
17,1;
18,1;
19,1;
20,1;
21,1;
22,1;
23,1;
24,1;
25,1;
26,1;
27,1;
28,1;
29,1;
30,1;
31,1;
32,1;
33,1;
34,1;
35,1;
36,1;
37,1;
38,1;
39,1;
40,1;
41,1;
42,1;
43,1;
44,1;
45,2;
46,2;
47,2;
48,2;
49,2;
50,2;
51,2;
52,2;
53,2;
54,2;
55,2;
56,2;
57,2;
58,2;
59,2;
60,2;
61,2;
62,2;
63,2;
64,2;
65,2;
66,2;
67,2;
68,2;
69,2;
70,2;
71,2;
72,2;
73,2;
74,2;
75,2;
76,2;
77,2;
78,2;
79,2;
80,2;
81,3;
82,3;
83,3;
84,3;
}