edge = {
1,2;
2,1;
1,3;
3,1;
1,16;
16,1;
2,1;
1,2;
2,3;
3,2;
2,15;
15,2;
2,17;
17,2;
2,33;
33,2;
2,34;
34,2;
3,1;
1,3;
3,2;
2,3;
3,4;
4,3;
3,16;
16,3;
3,18;
18,3;
3,33;
33,3;
4,3;
3,4;
4,5;
5,4;
4,17;
17,4;
4,19;
19,4;
4,32;
32,4;
5,4;
4,5;
5,6;
6,5;
5,18;
18,5;
5,31;
31,5;
5,32;
32,5;
6,5;
5,6;
6,7;
7,6;
6,8;
8,6;
6,30;
30,6;
6,31;
31,6;
7,6;
6,7;
7,8;
8,7;
7,9;
9,7;
7,30;
30,7;
8,6;
6,8;
8,7;
7,8;
8,9;
9,8;
8,29;
29,8;
9,7;
7,9;
9,8;
8,9;
9,10;
10,9;
9,29;
29,9;
9,36;
36,9;
10,9;
9,10;
10,11;
11,10;
10,25;
25,10;
10,35;
35,10;
10,36;
36,10;
11,10;
10,11;
11,12;
12,11;
11,24;
24,11;
11,26;
26,11;
11,35;
35,11;
12,11;
11,12;
12,13;
13,12;
12,14;
14,12;
12,27;
27,12;
12,28;
28,12;
13,12;
12,13;
13,14;
14,13;
13,26;
26,13;
14,12;
12,14;
14,13;
13,14;
14,26;
26,14;
15,2;
2,15;
15,16;
16,15;
15,17;
17,15;
15,42;
42,15;
16,1;
1,16;
16,3;
3,16;
16,15;
15,16;
16,17;
17,16;
16,41;
41,16;
16,42;
42,16;
17,2;
2,17;
17,4;
4,17;
17,15;
15,17;
17,16;
16,17;
17,18;
18,17;
17,41;
41,17;
18,3;
3,18;
18,5;
5,18;
18,17;
17,18;
18,19;
19,18;
18,40;
40,18;
19,4;
4,19;
19,18;
18,19;
19,20;
20,19;
19,39;
39,19;
19,40;
40,19;
20,19;
19,20;
20,21;
21,20;
20,22;
22,20;
20,38;
38,20;
20,39;
39,20;
21,20;
20,21;
21,22;
22,21;
21,23;
23,21;
21,38;
38,21;
22,20;
20,22;
22,21;
21,22;
22,23;
23,22;
22,37;
37,22;
23,21;
21,23;
23,22;
22,23;
23,24;
24,23;
23,37;
37,23;
23,44;
44,23;
24,11;
11,24;
24,23;
23,24;
24,25;
25,24;
24,43;
43,24;
24,44;
44,24;
25,10;
10,25;
25,24;
24,25;
25,26;
26,25;
25,43;
43,25;
26,11;
11,26;
26,13;
13,26;
26,14;
14,26;
26,25;
25,26;
26,27;
27,26;
26,28;
28,26;
27,12;
12,27;
27,26;
26,27;
27,28;
28,27;
28,12;
12,28;
28,26;
26,28;
28,27;
27,28;
29,8;
8,29;
29,9;
9,29;
29,30;
30,29;
29,36;
36,29;
29,38;
38,29;
29,44;
44,29;
30,6;
6,30;
30,7;
7,30;
30,29;
29,30;
30,37;
37,30;
31,5;
5,31;
31,6;
6,31;
31,32;
32,31;
31,40;
40,31;
32,4;
4,32;
32,5;
5,32;
32,31;
31,32;
32,39;
39,32;
33,2;
2,33;
33,3;
3,33;
33,34;
34,33;
33,42;
42,33;
34,2;
2,34;
34,33;
33,34;
34,41;
41,34;
35,10;
10,35;
35,11;
11,35;
35,36;
36,35;
35,44;
44,35;
36,9;
9,36;
36,10;
10,36;
36,29;
29,36;
36,35;
35,36;
36,37;
37,36;
36,43;
43,36;
36,44;
44,36;
37,22;
22,37;
37,23;
23,37;
37,30;
30,37;
37,36;
36,37;
37,38;
38,37;
37,44;
44,37;
38,20;
20,38;
38,21;
21,38;
38,29;
29,38;
38,37;
37,38;
39,19;
19,39;
39,20;
20,39;
39,32;
32,39;
39,40;
40,39;
40,18;
18,40;
40,19;
19,40;
40,31;
31,40;
40,39;
39,40;
41,16;
16,41;
41,17;
17,41;
41,34;
34,41;
41,42;
42,41;
42,15;
15,42;
42,16;
16,42;
42,33;
33,42;
42,41;
41,42;
43,24;
24,43;
43,25;
25,43;
43,36;
36,43;
43,44;
44,43;
44,23;
23,44;
44,24;
24,44;
44,29;
29,44;
44,35;
35,44;
44,36;
36,44;
44,37;
37,44;
44,43;
43,44;
}
label = {
1,1;
2,1;
3,1;
4,1;
5,1;
6,1;
7,1;
8,1;
9,1;
10,1;
11,1;
12,1;
13,1;
14,1;
15,1;
16,1;
17,1;
18,1;
19,1;
20,1;
21,1;
22,1;
23,1;
24,1;
25,1;
26,1;
27,1;
28,1;
29,2;
30,2;
31,2;
32,2;
33,2;
34,2;
35,2;
36,2;
37,2;
38,2;
39,2;
40,2;
41,2;
42,2;
43,2;
44,2;
}