edge = {
1,2;
2,1;
1,29;
29,1;
1,31;
31,1;
2,1;
1,2;
2,29;
29,2;
2,31;
31,2;
3,4;
4,3;
3,15;
15,3;
3,22;
22,3;
4,3;
3,4;
4,14;
14,4;
4,21;
21,4;
4,38;
38,4;
5,6;
6,5;
5,7;
7,5;
5,14;
14,5;
6,5;
5,6;
6,7;
7,6;
6,39;
39,6;
7,5;
5,7;
7,6;
6,7;
7,39;
39,7;
8,12;
12,8;
8,19;
19,8;
8,26;
26,8;
9,11;
11,9;
9,13;
13,9;
9,20;
20,9;
9,41;
41,9;
9,42;
42,9;
10,27;
27,10;
10,29;
29,10;
10,32;
32,10;
10,33;
33,10;
11,9;
9,11;
11,41;
41,11;
11,42;
42,11;
12,8;
8,12;
12,13;
13,12;
12,40;
40,12;
13,9;
9,13;
13,12;
12,13;
13,20;
20,13;
13,40;
40,13;
14,4;
4,14;
14,5;
5,14;
14,21;
21,14;
14,38;
38,14;
15,3;
3,15;
15,22;
22,15;
15,30;
30,15;
15,37;
37,15;
16,23;
23,16;
16,28;
28,16;
16,35;
35,16;
16,36;
36,16;
17,18;
18,17;
17,24;
24,17;
17,25;
25,17;
18,17;
17,18;
18,24;
24,18;
18,25;
25,18;
18,27;
27,18;
18,34;
34,18;
19,8;
8,19;
19,26;
26,19;
19,39;
39,19;
20,9;
9,20;
20,13;
13,20;
20,40;
40,20;
20,41;
41,20;
21,4;
4,21;
21,14;
14,21;
21,38;
38,21;
22,3;
3,22;
22,15;
15,22;
22,30;
30,22;
22,37;
37,22;
23,16;
16,23;
23,28;
28,23;
23,35;
35,23;
24,17;
17,24;
24,18;
18,24;
24,25;
25,24;
24,28;
28,24;
25,17;
17,25;
25,18;
18,25;
25,24;
24,25;
25,27;
27,25;
25,34;
34,25;
26,8;
8,26;
26,19;
19,26;
26,39;
39,26;
27,10;
10,27;
27,18;
18,27;
27,25;
25,27;
27,33;
33,27;
27,34;
34,27;
28,16;
16,28;
28,23;
23,28;
28,24;
24,28;
28,35;
35,28;
29,1;
1,29;
29,2;
2,29;
29,10;
10,29;
29,31;
31,29;
29,32;
32,29;
29,33;
33,29;
30,15;
15,30;
30,22;
22,30;
30,36;
36,30;
30,37;
37,30;
31,1;
1,31;
31,2;
2,31;
31,29;
29,31;
32,10;
10,32;
32,29;
29,32;
32,33;
33,32;
33,10;
10,33;
33,27;
27,33;
33,29;
29,33;
33,32;
32,33;
34,18;
18,34;
34,25;
25,34;
34,27;
27,34;
35,16;
16,35;
35,23;
23,35;
35,28;
28,35;
36,16;
16,36;
36,30;
30,36;
36,37;
37,36;
37,15;
15,37;
37,22;
22,37;
37,30;
30,37;
37,36;
36,37;
38,4;
4,38;
38,14;
14,38;
38,21;
21,38;
39,6;
6,39;
39,7;
7,39;
39,19;
19,39;
39,26;
26,39;
40,12;
12,40;
40,13;
13,40;
40,20;
20,40;
41,9;
9,41;
41,11;
11,41;
41,20;
20,41;
41,42;
42,41;
42,9;
9,42;
42,11;
11,42;
42,41;
41,42;
}
label = {
1,1;
2,1;
3,1;
4,1;
5,1;
6,1;
7,1;
8,1;
9,1;
10,2;
11,2;
12,2;
13,2;
14,2;
15,2;
16,2;
17,2;
18,2;
19,2;
20,2;
21,2;
22,2;
23,2;
24,2;
25,2;
26,2;
27,2;
28,2;
29,2;
30,2;
31,3;
32,3;
33,3;
34,3;
35,3;
36,3;
37,3;
38,3;
39,3;
40,3;
41,3;
42,3;
}