edge = {
1,2;
2,1;
1,3;
3,1;
1,11;
11,1;
2,1;
1,2;
2,3;
3,2;
2,11;
11,2;
3,1;
1,3;
3,2;
2,3;
3,11;
11,3;
3,28;
28,3;
3,31;
31,3;
4,19;
19,4;
4,26;
26,4;
4,28;
28,4;
5,34;
34,5;
5,35;
35,5;
5,36;
36,5;
6,7;
7,6;
6,8;
8,6;
6,15;
15,6;
7,6;
6,7;
7,8;
8,7;
7,37;
37,7;
8,6;
6,8;
8,7;
7,8;
8,20;
20,8;
8,27;
27,8;
8,37;
37,8;
9,13;
13,9;
9,20;
20,9;
9,27;
27,9;
10,14;
14,10;
10,21;
21,10;
10,39;
39,10;
10,40;
40,10;
11,1;
1,11;
11,2;
2,11;
11,3;
3,11;
11,28;
28,11;
11,31;
31,11;
12,39;
39,12;
12,40;
40,12;
12,41;
41,12;
13,9;
9,13;
13,14;
14,13;
13,38;
38,13;
14,10;
10,14;
14,13;
13,14;
14,21;
21,14;
14,38;
38,14;
15,6;
6,15;
15,22;
22,15;
15,35;
35,15;
15,36;
36,15;
16,23;
23,16;
16,33;
33,16;
16,34;
34,16;
17,24;
24,17;
17,29;
29,17;
17,30;
30,17;
17,32;
32,17;
18,19;
19,18;
18,25;
25,18;
18,26;
26,18;
18,29;
29,18;
19,4;
4,19;
19,18;
18,19;
19,25;
25,19;
19,26;
26,19;
19,28;
28,19;
20,8;
8,20;
20,9;
9,20;
20,27;
27,20;
20,37;
37,20;
21,10;
10,21;
21,14;
14,21;
21,38;
38,21;
21,39;
39,21;
21,40;
40,21;
22,15;
15,22;
22,35;
35,22;
22,36;
36,22;
23,16;
16,23;
23,33;
33,23;
23,34;
34,23;
24,17;
17,24;
24,29;
29,24;
24,30;
30,24;
24,32;
32,24;
24,33;
33,24;
25,18;
18,25;
25,19;
19,25;
25,26;
26,25;
26,4;
4,26;
26,18;
18,26;
26,19;
19,26;
26,25;
25,26;
26,28;
28,26;
27,8;
8,27;
27,9;
9,27;
27,20;
20,27;
27,37;
37,27;
28,3;
3,28;
28,4;
4,28;
28,11;
11,28;
28,19;
19,28;
28,26;
26,28;
28,31;
31,28;
29,17;
17,29;
29,18;
18,29;
29,24;
24,29;
29,32;
32,29;
30,17;
17,30;
30,24;
24,30;
30,32;
32,30;
31,3;
3,31;
31,11;
11,31;
31,28;
28,31;
32,17;
17,32;
32,24;
24,32;
32,29;
29,32;
32,30;
30,32;
33,16;
16,33;
33,23;
23,33;
33,24;
24,33;
33,34;
34,33;
34,5;
5,34;
34,16;
16,34;
34,23;
23,34;
34,33;
33,34;
35,5;
5,35;
35,15;
15,35;
35,22;
22,35;
35,36;
36,35;
36,5;
5,36;
36,15;
15,36;
36,22;
22,36;
36,35;
35,36;
37,7;
7,37;
37,8;
8,37;
37,20;
20,37;
37,27;
27,37;
38,13;
13,38;
38,14;
14,38;
38,21;
21,38;
39,10;
10,39;
39,12;
12,39;
39,21;
21,39;
39,40;
40,39;
39,41;
41,39;
40,10;
10,40;
40,12;
12,40;
40,21;
21,40;
40,39;
39,40;
40,41;
41,40;
41,12;
12,41;
41,39;
39,41;
41,40;
40,41;
}
label = {
1,1;
2,1;
3,1;
4,1;
5,1;
6,1;
7,1;
8,1;
9,1;
10,1;
11,2;
12,2;
13,2;
14,2;
15,2;
16,2;
17,2;
18,2;
19,2;
20,2;
21,2;
22,2;
23,2;
24,2;
25,2;
26,2;
27,2;
28,2;
29,2;
30,2;
31,3;
32,3;
33,3;
34,3;
35,3;
36,3;
37,3;
38,3;
39,3;
40,3;
41,3;
}