edge = {
1,2;
2,1;
1,3;
3,1;
1,11;
11,1;
2,1;
1,2;
2,3;
3,2;
2,11;
11,2;
3,1;
1,3;
3,2;
2,3;
3,11;
11,3;
3,21;
21,3;
4,19;
19,4;
4,29;
29,4;
4,31;
31,4;
5,37;
37,5;
5,38;
38,5;
5,39;
39,5;
6,7;
7,6;
6,8;
8,6;
6,15;
15,6;
7,6;
6,7;
7,8;
8,7;
7,40;
40,7;
8,6;
6,8;
8,7;
7,8;
8,20;
20,8;
8,30;
30,8;
8,40;
40,8;
9,13;
13,9;
9,20;
20,9;
9,23;
23,9;
9,30;
30,9;
10,14;
14,10;
10,24;
24,10;
10,42;
42,10;
10,43;
43,10;
11,1;
1,11;
11,2;
2,11;
11,3;
3,11;
11,21;
21,11;
11,31;
31,11;
11,34;
34,11;
12,22;
22,12;
12,43;
43,12;
12,44;
44,12;
13,9;
9,13;
13,23;
23,13;
13,41;
41,13;
14,10;
10,14;
14,24;
24,14;
14,41;
41,14;
15,6;
6,15;
15,25;
25,15;
15,38;
38,15;
15,39;
39,15;
16,26;
26,16;
16,36;
36,16;
16,37;
37,16;
17,32;
32,17;
17,33;
33,17;
17,35;
35,17;
18,19;
19,18;
18,28;
28,18;
18,29;
29,18;
19,4;
4,19;
19,18;
18,19;
19,28;
28,19;
19,29;
29,19;
19,31;
31,19;
20,8;
8,20;
20,9;
9,20;
20,30;
30,20;
20,40;
40,20;
21,3;
3,21;
21,11;
11,21;
21,31;
31,21;
21,34;
34,21;
22,12;
12,22;
22,43;
43,22;
22,44;
44,22;
23,9;
9,23;
23,13;
13,23;
23,41;
41,23;
24,10;
10,24;
24,14;
14,24;
24,42;
42,24;
24,43;
43,24;
25,15;
15,25;
25,38;
38,25;
25,39;
39,25;
26,16;
16,26;
26,36;
36,26;
26,37;
37,26;
27,32;
32,27;
27,33;
33,27;
27,35;
35,27;
27,36;
36,27;
28,18;
18,28;
28,19;
19,28;
28,29;
29,28;
28,32;
32,28;
29,4;
4,29;
29,18;
18,29;
29,19;
19,29;
29,28;
28,29;
29,31;
31,29;
30,8;
8,30;
30,9;
9,30;
30,20;
20,30;
30,40;
40,30;
31,4;
4,31;
31,11;
11,31;
31,19;
19,31;
31,21;
21,31;
31,29;
29,31;
31,34;
34,31;
32,17;
17,32;
32,27;
27,32;
32,28;
28,32;
32,35;
35,32;
33,17;
17,33;
33,27;
27,33;
33,35;
35,33;
34,11;
11,34;
34,21;
21,34;
34,31;
31,34;
35,17;
17,35;
35,27;
27,35;
35,32;
32,35;
35,33;
33,35;
36,16;
16,36;
36,26;
26,36;
36,27;
27,36;
36,37;
37,36;
37,5;
5,37;
37,16;
16,37;
37,26;
26,37;
37,36;
36,37;
38,5;
5,38;
38,15;
15,38;
38,25;
25,38;
38,39;
39,38;
39,5;
5,39;
39,15;
15,39;
39,25;
25,39;
39,38;
38,39;
40,7;
7,40;
40,8;
8,40;
40,20;
20,40;
40,30;
30,40;
41,13;
13,41;
41,14;
14,41;
41,23;
23,41;
42,10;
10,42;
42,24;
24,42;
42,43;
43,42;
43,10;
10,43;
43,12;
12,43;
43,22;
22,43;
43,24;
24,43;
43,42;
42,43;
43,44;
44,43;
44,12;
12,44;
44,22;
22,44;
44,43;
43,44;
}
label = {
1,1;
2,1;
3,1;
4,1;
5,1;
6,1;
7,1;
8,1;
9,1;
10,1;
11,2;
12,2;
13,2;
14,2;
15,2;
16,2;
17,2;
18,2;
19,2;
20,2;
21,2;
22,2;
23,2;
24,2;
25,2;
26,2;
27,2;
28,2;
29,2;
30,2;
31,2;
32,2;
33,2;
34,3;
35,3;
36,3;
37,3;
38,3;
39,3;
40,3;
41,3;
42,3;
43,3;
44,3;
}