edge = {
1,2;
2,1;
1,6;
6,1;
2,1;
1,2;
2,3;
3,2;
2,9;
9,2;
2,20;
20,2;
2,21;
21,2;
3,2;
2,3;
3,4;
4,3;
3,8;
8,3;
3,10;
10,3;
3,16;
16,3;
3,24;
24,3;
4,3;
3,4;
4,5;
5,4;
4,9;
9,4;
4,11;
11,4;
4,16;
16,4;
4,23;
23,4;
5,4;
4,5;
5,10;
10,5;
5,11;
11,5;
5,13;
13,5;
5,25;
25,5;
6,1;
1,6;
6,7;
7,6;
6,12;
12,6;
6,26;
26,6;
7,6;
6,7;
7,8;
8,7;
7,29;
29,7;
7,38;
38,7;
8,3;
3,8;
8,7;
7,8;
8,9;
9,8;
8,32;
32,8;
8,33;
33,8;
9,2;
2,9;
9,4;
4,9;
9,8;
8,9;
9,10;
10,9;
9,28;
28,9;
9,36;
36,9;
10,3;
3,10;
10,5;
5,10;
10,9;
9,10;
10,11;
11,10;
10,28;
28,10;
10,35;
35,10;
11,4;
4,11;
11,5;
5,11;
11,10;
10,11;
11,27;
27,11;
11,37;
37,11;
12,6;
6,12;
12,14;
14,12;
12,38;
38,12;
13,5;
5,13;
13,25;
25,13;
13,27;
27,13;
13,37;
37,13;
14,12;
12,14;
14,17;
17,14;
14,26;
26,14;
14,29;
29,14;
15,18;
18,15;
15,19;
19,15;
15,31;
31,15;
15,39;
39,15;
16,3;
3,16;
16,4;
4,16;
16,23;
23,16;
16,35;
35,16;
17,14;
14,17;
17,18;
18,17;
17,30;
30,17;
18,15;
15,18;
18,17;
17,18;
18,29;
29,18;
19,15;
15,19;
19,20;
20,19;
19,39;
39,19;
20,2;
2,20;
20,19;
19,20;
20,21;
21,20;
20,33;
33,20;
21,2;
2,21;
21,20;
20,21;
21,24;
24,21;
21,32;
32,21;
21,36;
36,21;
22,23;
23,22;
22,25;
25,22;
22,35;
35,22;
22,37;
37,22;
23,4;
4,23;
23,16;
16,23;
23,22;
22,23;
23,28;
28,23;
23,34;
34,23;
24,3;
3,24;
24,21;
21,24;
24,33;
33,24;
25,5;
5,25;
25,13;
13,25;
25,22;
22,25;
25,27;
27,25;
25,34;
34,25;
25,37;
37,25;
26,6;
6,26;
26,14;
14,26;
26,38;
38,26;
27,11;
11,27;
27,13;
13,27;
27,25;
25,27;
27,37;
37,27;
28,9;
9,28;
28,10;
10,28;
28,23;
23,28;
28,35;
35,28;
29,7;
7,29;
29,14;
14,29;
29,18;
18,29;
29,30;
30,29;
30,17;
17,30;
30,29;
29,30;
30,39;
39,30;
31,15;
15,31;
31,32;
32,31;
31,39;
39,31;
32,8;
8,32;
32,21;
21,32;
32,31;
31,32;
32,33;
33,32;
33,8;
8,33;
33,20;
20,33;
33,24;
24,33;
33,32;
32,33;
33,36;
36,33;
34,23;
23,34;
34,25;
25,34;
34,35;
35,34;
34,37;
37,34;
35,10;
10,35;
35,16;
16,35;
35,22;
22,35;
35,28;
28,35;
35,34;
34,35;
36,9;
9,36;
36,21;
21,36;
36,33;
33,36;
37,11;
11,37;
37,13;
13,37;
37,22;
22,37;
37,25;
25,37;
37,27;
27,37;
37,34;
34,37;
38,7;
7,38;
38,12;
12,38;
38,26;
26,38;
39,15;
15,39;
39,19;
19,39;
39,30;
30,39;
39,31;
31,39;
}
label = {
1,1;
2,1;
3,1;
4,1;
5,1;
6,1;
7,1;
8,1;
9,1;
10,1;
11,1;
12,2;
13,2;
14,2;
15,2;
16,2;
17,2;
18,2;
19,2;
20,2;
21,2;
22,2;
23,2;
24,2;
25,2;
26,2;
27,2;
28,2;
29,2;
30,2;
31,2;
32,2;
33,2;
34,2;
35,2;
36,2;
37,2;
38,2;
39,2;
}