edge = {
1,2;
2,1;
1,8;
8,1;
1,25;
25,1;
2,1;
1,2;
2,8;
8,2;
2,25;
25,2;
3,4;
4,3;
3,18;
18,3;
3,19;
19,3;
4,3;
3,4;
4,18;
18,4;
4,19;
19,4;
4,21;
21,4;
5,6;
6,5;
5,10;
10,5;
5,19;
19,5;
5,21;
21,5;
6,5;
5,6;
6,10;
10,6;
6,23;
23,6;
7,20;
20,7;
7,22;
22,7;
7,23;
23,7;
7,24;
24,7;
8,1;
1,8;
8,2;
2,8;
8,15;
15,8;
8,25;
25,8;
9,13;
13,9;
9,17;
17,9;
9,18;
18,9;
10,5;
5,10;
10,6;
6,10;
10,23;
23,10;
11,12;
12,11;
11,15;
15,11;
11,25;
25,11;
12,11;
11,12;
12,14;
14,12;
12,16;
16,12;
13,9;
9,13;
13,14;
14,13;
13,16;
16,13;
13,17;
17,13;
14,12;
12,14;
14,13;
13,14;
14,16;
16,14;
14,17;
17,14;
15,8;
8,15;
15,11;
11,15;
15,25;
25,15;
16,12;
12,16;
16,13;
13,16;
16,14;
14,16;
16,17;
17,16;
17,9;
9,17;
17,13;
13,17;
17,14;
14,17;
17,16;
16,17;
18,3;
3,18;
18,4;
4,18;
18,9;
9,18;
18,19;
19,18;
18,21;
21,18;
19,3;
3,19;
19,4;
4,19;
19,5;
5,19;
19,18;
18,19;
19,21;
21,19;
20,7;
7,20;
20,22;
22,20;
20,23;
23,20;
20,24;
24,20;
21,4;
4,21;
21,5;
5,21;
21,18;
18,21;
21,19;
19,21;
22,7;
7,22;
22,20;
20,22;
22,23;
23,22;
22,24;
24,22;
23,6;
6,23;
23,7;
7,23;
23,10;
10,23;
23,20;
20,23;
23,22;
22,23;
24,7;
7,24;
24,20;
20,24;
24,22;
22,24;
25,1;
1,25;
25,2;
2,25;
25,8;
8,25;
25,11;
11,25;
25,15;
15,25;
}
label = {
1,1;
2,1;
3,1;
4,1;
5,1;
6,1;
7,1;
8,2;
9,2;
10,2;
11,2;
12,2;
13,2;
14,2;
15,2;
16,2;
17,2;
18,2;
19,2;
20,2;
21,2;
22,2;
23,2;
24,2;
25,2;
}