edge = {
1,2;
2,1;
1,9;
9,1;
1,26;
26,1;
2,1;
1,2;
2,9;
9,2;
2,26;
26,2;
3,4;
4,3;
3,19;
19,3;
3,20;
20,3;
4,3;
3,4;
4,19;
19,4;
4,20;
20,4;
4,22;
22,4;
5,6;
6,5;
5,20;
20,5;
5,22;
22,5;
6,5;
5,6;
6,7;
7,6;
6,11;
11,6;
7,6;
6,7;
7,11;
11,7;
7,24;
24,7;
8,21;
21,8;
8,23;
23,8;
8,24;
24,8;
8,25;
25,8;
9,1;
1,9;
9,2;
2,9;
9,16;
16,9;
9,26;
26,9;
10,14;
14,10;
10,18;
18,10;
10,19;
19,10;
11,6;
6,11;
11,7;
7,11;
11,24;
24,11;
12,13;
13,12;
12,16;
16,12;
12,26;
26,12;
13,12;
12,13;
13,15;
15,13;
14,10;
10,14;
14,15;
15,14;
14,17;
17,14;
14,18;
18,14;
15,13;
13,15;
15,14;
14,15;
15,17;
17,15;
15,18;
18,15;
16,9;
9,16;
16,12;
12,16;
16,26;
26,16;
17,14;
14,17;
17,15;
15,17;
17,18;
18,17;
18,10;
10,18;
18,14;
14,18;
18,15;
15,18;
18,17;
17,18;
19,3;
3,19;
19,4;
4,19;
19,10;
10,19;
20,3;
3,20;
20,4;
4,20;
20,5;
5,20;
20,22;
22,20;
21,8;
8,21;
21,23;
23,21;
21,24;
24,21;
21,25;
25,21;
22,4;
4,22;
22,5;
5,22;
22,20;
20,22;
23,8;
8,23;
23,21;
21,23;
23,24;
24,23;
23,25;
25,23;
24,7;
7,24;
24,8;
8,24;
24,11;
11,24;
24,21;
21,24;
24,23;
23,24;
25,8;
8,25;
25,21;
21,25;
25,23;
23,25;
26,1;
1,26;
26,2;
2,26;
26,9;
9,26;
26,12;
12,26;
26,16;
16,26;
}
label = {
1,1;
2,1;
3,1;
4,1;
5,1;
6,1;
7,1;
8,1;
9,2;
10,2;
11,2;
12,2;
13,2;
14,2;
15,2;
16,2;
17,2;
18,2;
19,2;
20,2;
21,2;
22,2;
23,2;
24,2;
25,2;
26,2;
}