edge = {
1,2;
2,1;
1,17;
17,1;
1,35;
35,1;
2,1;
1,2;
2,17;
17,2;
2,35;
35,2;
3,4;
4,3;
3,27;
27,3;
3,45;
45,3;
4,3;
3,4;
4,28;
28,4;
4,30;
30,4;
5,6;
6,5;
5,14;
14,5;
5,28;
28,5;
6,5;
5,6;
6,15;
15,6;
6,19;
19,6;
6,37;
37,6;
7,19;
19,7;
7,32;
32,7;
7,37;
37,7;
8,16;
16,8;
8,29;
29,8;
8,31;
31,8;
8,33;
33,8;
8,47;
47,8;
9,10;
10,9;
9,17;
17,9;
9,35;
35,9;
10,9;
9,10;
10,17;
17,10;
10,35;
35,10;
11,12;
12,11;
11,13;
13,11;
11,14;
14,11;
11,45;
45,11;
12,11;
11,12;
12,13;
13,12;
12,14;
14,12;
12,48;
48,12;
13,11;
11,13;
13,12;
12,13;
13,14;
14,13;
13,15;
15,13;
13,46;
46,13;
14,5;
5,14;
14,11;
11,14;
14,12;
12,14;
14,13;
13,14;
14,15;
15,14;
14,37;
37,14;
15,6;
6,15;
15,13;
13,15;
15,14;
14,15;
15,16;
16,15;
15,37;
37,15;
15,50;
50,15;
16,8;
8,16;
16,15;
15,16;
16,29;
29,16;
16,47;
47,16;
16,51;
51,16;
17,1;
1,17;
17,2;
2,17;
17,9;
9,17;
17,10;
10,17;
17,34;
34,17;
17,52;
52,17;
18,22;
22,18;
18,27;
27,18;
18,45;
45,18;
19,6;
6,19;
19,7;
7,19;
19,32;
32,19;
20,21;
21,20;
20,24;
24,20;
20,39;
39,20;
21,20;
20,21;
21,23;
23,21;
21,38;
38,21;
22,18;
18,22;
22,26;
26,22;
22,44;
44,22;
23,21;
21,23;
23,25;
25,23;
23,43;
43,23;
24,20;
20,24;
24,34;
34,24;
24,52;
52,24;
25,23;
23,25;
25,26;
26,25;
25,41;
41,25;
26,22;
22,26;
26,25;
25,26;
26,40;
40,26;
27,3;
3,27;
27,18;
18,27;
27,36;
36,27;
28,4;
4,28;
28,5;
5,28;
28,30;
30,28;
28,48;
48,28;
29,8;
8,29;
29,16;
16,29;
29,31;
31,29;
29,33;
33,29;
29,49;
49,29;
29,51;
51,29;
30,4;
4,30;
30,28;
28,30;
30,46;
46,30;
31,8;
8,31;
31,29;
29,31;
31,32;
32,31;
31,47;
47,31;
31,50;
50,31;
32,7;
7,32;
32,19;
19,32;
32,31;
31,32;
32,37;
37,32;
32,49;
49,32;
33,8;
8,33;
33,29;
29,33;
33,47;
47,33;
34,17;
17,34;
34,24;
24,34;
34,35;
35,34;
34,42;
42,34;
34,52;
52,34;
35,1;
1,35;
35,2;
2,35;
35,9;
9,35;
35,10;
10,35;
35,34;
34,35;
35,52;
52,35;
36,27;
27,36;
36,44;
44,36;
36,45;
45,36;
37,6;
6,37;
37,7;
7,37;
37,14;
14,37;
37,15;
15,37;
37,32;
32,37;
38,21;
21,38;
38,39;
39,38;
38,42;
42,38;
39,20;
20,39;
39,38;
38,39;
39,43;
43,39;
40,26;
26,40;
40,41;
41,40;
40,44;
44,40;
41,25;
25,41;
41,40;
40,41;
41,43;
43,41;
42,34;
34,42;
42,38;
38,42;
42,52;
52,42;
43,23;
23,43;
43,39;
39,43;
43,41;
41,43;
44,22;
22,44;
44,36;
36,44;
44,40;
40,44;
45,3;
3,45;
45,11;
11,45;
45,18;
18,45;
45,36;
36,45;
46,13;
13,46;
46,30;
30,46;
46,48;
48,46;
47,8;
8,47;
47,16;
16,47;
47,31;
31,47;
47,33;
33,47;
47,49;
49,47;
47,51;
51,47;
48,12;
12,48;
48,28;
28,48;
48,46;
46,48;
49,29;
29,49;
49,32;
32,49;
49,47;
47,49;
49,50;
50,49;
50,15;
15,50;
50,31;
31,50;
50,49;
49,50;
51,16;
16,51;
51,29;
29,51;
51,47;
47,51;
52,17;
17,52;
52,24;
24,52;
52,34;
34,52;
52,35;
35,52;
52,42;
42,52;
}
label = {
1,1;
2,1;
3,1;
4,1;
5,1;
6,1;
7,1;
8,1;
9,1;
10,1;
11,1;
12,1;
13,1;
14,1;
15,1;
16,1;
17,2;
18,2;
19,2;
20,2;
21,2;
22,2;
23,2;
24,2;
25,2;
26,2;
27,2;
28,2;
29,2;
30,2;
31,2;
32,2;
33,2;
34,2;
35,2;
36,2;
37,2;
38,2;
39,2;
40,2;
41,2;
42,2;
43,2;
44,2;
45,2;
46,2;
47,2;
48,2;
49,2;
50,2;
51,2;
52,2;
}