edge = {
1,2;
2,1;
1,3;
3,1;
1,12;
12,1;
2,1;
1,2;
2,3;
3,2;
2,4;
4,2;
2,12;
12,2;
3,1;
1,3;
3,2;
2,3;
3,4;
4,3;
3,5;
5,3;
3,6;
6,3;
3,21;
21,3;
4,2;
2,4;
4,3;
3,4;
4,5;
5,4;
4,6;
6,4;
4,18;
18,4;
5,3;
3,5;
5,4;
4,5;
5,6;
6,5;
5,7;
7,5;
5,8;
8,5;
5,20;
20,5;
6,3;
3,6;
6,4;
4,6;
6,5;
5,6;
6,7;
7,6;
6,8;
8,6;
6,29;
29,6;
7,5;
5,7;
7,6;
6,7;
7,8;
8,7;
7,16;
16,7;
7,29;
29,7;
8,5;
5,8;
8,6;
6,8;
8,7;
7,8;
8,15;
15,8;
8,19;
19,8;
9,10;
10,9;
9,11;
11,9;
9,32;
32,9;
9,36;
36,9;
10,9;
9,10;
10,11;
11,10;
10,36;
36,10;
10,38;
38,10;
11,9;
9,11;
11,10;
10,11;
11,37;
37,11;
12,1;
1,12;
12,2;
2,12;
12,14;
14,12;
12,24;
24,12;
12,28;
28,12;
13,21;
21,13;
13,22;
22,13;
13,26;
26,13;
14,12;
12,14;
14,24;
24,14;
14,28;
28,14;
15,8;
8,15;
15,16;
16,15;
15,17;
17,15;
15,19;
19,15;
16,7;
7,16;
16,15;
15,16;
16,17;
17,16;
16,19;
19,16;
16,29;
29,16;
17,15;
15,17;
17,16;
16,17;
17,19;
19,17;
17,29;
29,17;
18,4;
4,18;
18,20;
20,18;
18,21;
21,18;
18,29;
29,18;
19,8;
8,19;
19,15;
15,19;
19,16;
16,19;
19,17;
17,19;
20,5;
5,20;
20,18;
18,20;
20,21;
21,20;
20,29;
29,20;
21,3;
3,21;
21,13;
13,21;
21,18;
18,21;
21,20;
20,21;
22,13;
13,22;
22,23;
23,22;
22,25;
25,22;
22,26;
26,22;
23,22;
22,23;
23,25;
25,23;
23,26;
26,23;
23,27;
27,23;
24,12;
12,24;
24,14;
14,24;
24,28;
28,24;
25,22;
22,25;
25,23;
23,25;
25,26;
26,25;
25,27;
27,25;
26,13;
13,26;
26,22;
22,26;
26,23;
23,26;
26,25;
25,26;
27,23;
23,27;
27,25;
25,27;
27,28;
28,27;
28,12;
12,28;
28,14;
14,28;
28,24;
24,28;
28,27;
27,28;
29,6;
6,29;
29,7;
7,29;
29,16;
16,29;
29,17;
17,29;
29,18;
18,29;
29,20;
20,29;
30,31;
31,30;
30,34;
34,30;
30,39;
39,30;
31,30;
30,31;
31,34;
34,31;
31,39;
39,31;
32,9;
9,32;
32,33;
33,32;
32,36;
36,32;
32,38;
38,32;
33,32;
32,33;
33,36;
36,33;
33,38;
38,33;
33,40;
40,33;
33,41;
41,33;
34,30;
30,34;
34,31;
31,34;
34,39;
39,34;
35,36;
36,35;
35,37;
37,35;
35,38;
38,35;
36,9;
9,36;
36,10;
10,36;
36,32;
32,36;
36,33;
33,36;
36,35;
35,36;
36,37;
37,36;
36,38;
38,36;
37,11;
11,37;
37,35;
35,37;
37,36;
36,37;
37,38;
38,37;
38,10;
10,38;
38,32;
32,38;
38,33;
33,38;
38,35;
35,38;
38,36;
36,38;
38,37;
37,38;
39,30;
30,39;
39,31;
31,39;
39,34;
34,39;
39,40;
40,39;
39,41;
41,39;
40,33;
33,40;
40,39;
39,40;
40,41;
41,40;
41,33;
33,41;
41,39;
39,41;
41,40;
40,41;
}
label = {
1,1;
2,1;
3,1;
4,1;
5,1;
6,1;
7,1;
8,1;
9,1;
10,1;
11,1;
12,2;
13,2;
14,2;
15,2;
16,2;
17,2;
18,2;
19,2;
20,2;
21,2;
22,2;
23,2;
24,2;
25,2;
26,2;
27,2;
28,2;
29,2;
30,2;
31,2;
32,2;
33,2;
34,2;
35,2;
36,2;
37,2;
38,2;
39,2;
40,2;
41,2;
}