edge = {
1,2;
2,1;
1,33;
33,1;
1,34;
34,1;
2,1;
1,2;
2,33;
33,2;
2,34;
34,2;
3,18;
18,3;
3,28;
28,3;
3,30;
30,3;
4,38;
38,4;
4,39;
39,4;
4,40;
40,4;
5,6;
6,5;
5,7;
7,5;
5,14;
14,5;
6,5;
5,6;
6,7;
7,6;
6,41;
41,6;
7,5;
5,7;
7,6;
6,7;
7,41;
41,7;
8,12;
12,8;
8,19;
19,8;
8,22;
22,8;
8,29;
29,8;
9,13;
13,9;
9,23;
23,9;
9,43;
43,9;
9,44;
44,9;
10,20;
20,10;
10,30;
30,10;
10,33;
33,10;
10,34;
34,10;
11,21;
21,11;
11,44;
44,11;
11,45;
45,11;
12,8;
8,12;
12,22;
22,12;
12,42;
42,12;
13,9;
9,13;
13,23;
23,13;
13,42;
42,13;
14,5;
5,14;
14,24;
24,14;
14,39;
39,14;
14,40;
40,14;
15,25;
25,15;
15,37;
37,15;
15,38;
38,15;
16,26;
26,16;
16,31;
31,16;
16,32;
32,16;
16,35;
35,16;
16,36;
36,16;
17,18;
18,17;
17,27;
27,17;
17,28;
28,17;
18,3;
3,18;
18,17;
17,18;
18,27;
27,18;
18,28;
28,18;
18,30;
30,18;
19,8;
8,19;
19,29;
29,19;
19,41;
41,19;
20,10;
10,20;
20,30;
30,20;
20,34;
34,20;
21,11;
11,21;
21,44;
44,21;
21,45;
45,21;
22,8;
8,22;
22,12;
12,22;
22,42;
42,22;
23,9;
9,23;
23,13;
13,23;
23,43;
43,23;
23,44;
44,23;
24,14;
14,24;
24,39;
39,24;
24,40;
40,24;
25,15;
15,25;
25,37;
37,25;
25,38;
38,25;
26,16;
16,26;
26,31;
31,26;
26,32;
32,26;
26,35;
35,26;
26,36;
36,26;
27,17;
17,27;
27,18;
18,27;
27,28;
28,27;
27,31;
31,27;
28,3;
3,28;
28,17;
17,28;
28,18;
18,28;
28,27;
27,28;
28,30;
30,28;
29,8;
8,29;
29,19;
19,29;
29,41;
41,29;
30,3;
3,30;
30,10;
10,30;
30,18;
18,30;
30,20;
20,30;
30,28;
28,30;
31,16;
16,31;
31,26;
26,31;
31,27;
27,31;
31,35;
35,31;
32,16;
16,32;
32,26;
26,32;
32,35;
35,32;
32,36;
36,32;
33,1;
1,33;
33,2;
2,33;
33,10;
10,33;
33,34;
34,33;
34,1;
1,34;
34,2;
2,34;
34,10;
10,34;
34,20;
20,34;
34,33;
33,34;
35,16;
16,35;
35,26;
26,35;
35,31;
31,35;
35,32;
32,35;
36,16;
16,36;
36,26;
26,36;
36,32;
32,36;
36,37;
37,36;
37,15;
15,37;
37,25;
25,37;
37,36;
36,37;
38,4;
4,38;
38,15;
15,38;
38,25;
25,38;
39,4;
4,39;
39,14;
14,39;
39,24;
24,39;
39,40;
40,39;
40,4;
4,40;
40,14;
14,40;
40,24;
24,40;
40,39;
39,40;
41,6;
6,41;
41,7;
7,41;
41,19;
19,41;
41,29;
29,41;
42,12;
12,42;
42,13;
13,42;
42,22;
22,42;
43,9;
9,43;
43,23;
23,43;
43,44;
44,43;
44,9;
9,44;
44,11;
11,44;
44,21;
21,44;
44,23;
23,44;
44,43;
43,44;
44,45;
45,44;
45,11;
11,45;
45,21;
21,45;
45,44;
44,45;
}
label = {
1,1;
2,1;
3,1;
4,1;
5,1;
6,1;
7,1;
8,1;
9,1;
10,2;
11,2;
12,2;
13,2;
14,2;
15,2;
16,2;
17,2;
18,2;
19,2;
20,2;
21,2;
22,2;
23,2;
24,2;
25,2;
26,2;
27,2;
28,2;
29,2;
30,2;
31,2;
32,2;
33,3;
34,3;
35,3;
36,3;
37,3;
38,3;
39,3;
40,3;
41,3;
42,3;
43,3;
44,3;
45,3;
}