edge = {
1,2;
2,1;
1,11;
11,1;
1,12;
12,1;
2,1;
1,2;
2,3;
3,2;
2,11;
11,2;
2,13;
13,2;
2,23;
23,2;
3,2;
2,3;
3,4;
4,3;
3,12;
12,3;
3,14;
14,3;
3,22;
22,3;
3,23;
23,3;
4,3;
3,4;
4,13;
13,4;
4,15;
15,4;
4,22;
22,4;
4,24;
24,4;
5,6;
6,5;
5,7;
7,5;
5,24;
24,5;
5,29;
29,5;
6,5;
5,6;
6,7;
7,6;
6,8;
8,6;
6,24;
24,6;
6,29;
29,6;
7,5;
5,7;
7,6;
6,7;
7,8;
8,7;
8,6;
6,8;
8,7;
7,8;
8,9;
9,8;
8,20;
20,8;
9,8;
8,9;
9,25;
25,9;
9,30;
30,9;
10,21;
21,10;
10,25;
25,10;
10,26;
26,10;
10,31;
31,10;
11,1;
1,11;
11,2;
2,11;
11,12;
12,11;
12,1;
1,12;
12,3;
3,12;
12,11;
11,12;
12,23;
23,12;
12,28;
28,12;
13,2;
2,13;
13,4;
4,13;
13,14;
14,13;
13,27;
27,13;
13,28;
28,13;
14,3;
3,14;
14,13;
13,14;
14,27;
27,14;
14,29;
29,14;
15,4;
4,15;
15,16;
16,15;
15,17;
17,15;
15,29;
29,15;
16,15;
15,16;
16,17;
17,16;
16,18;
18,16;
17,15;
15,17;
17,16;
16,17;
17,18;
18,17;
17,19;
19,17;
18,16;
16,18;
18,17;
17,18;
18,19;
19,18;
19,17;
17,19;
19,18;
18,19;
19,20;
20,19;
19,21;
21,19;
20,8;
8,20;
20,19;
19,20;
20,21;
21,20;
20,30;
30,20;
21,10;
10,21;
21,19;
19,21;
21,20;
20,21;
21,31;
31,21;
22,3;
3,22;
22,4;
4,22;
22,23;
23,22;
22,28;
28,22;
23,2;
2,23;
23,3;
3,23;
23,12;
12,23;
23,22;
22,23;
23,27;
27,23;
24,4;
4,24;
24,5;
5,24;
24,6;
6,24;
25,9;
9,25;
25,10;
10,25;
25,26;
26,25;
25,30;
30,25;
25,31;
31,25;
26,10;
10,26;
26,25;
25,26;
26,30;
30,26;
26,31;
31,26;
27,13;
13,27;
27,14;
14,27;
27,23;
23,27;
27,28;
28,27;
28,12;
12,28;
28,13;
13,28;
28,22;
22,28;
28,27;
27,28;
29,5;
5,29;
29,6;
6,29;
29,14;
14,29;
29,15;
15,29;
30,9;
9,30;
30,20;
20,30;
30,25;
25,30;
30,26;
26,30;
30,31;
31,30;
31,10;
10,31;
31,21;
21,31;
31,25;
25,31;
31,26;
26,31;
31,30;
30,31;
}
label = {
1,1;
2,1;
3,1;
4,1;
5,1;
6,1;
7,1;
8,1;
9,1;
10,1;
11,1;
12,1;
13,1;
14,1;
15,1;
16,1;
17,1;
18,1;
19,1;
20,1;
21,1;
22,2;
23,2;
24,2;
25,2;
26,2;
27,2;
28,2;
29,2;
30,2;
31,2;
}