edge = {
1,2;
2,1;
1,9;
9,1;
1,11;
11,1;
2,1;
1,2;
2,9;
9,2;
2,11;
11,2;
3,4;
4,3;
3,15;
15,3;
3,18;
18,3;
4,3;
3,4;
4,15;
15,4;
4,17;
17,4;
4,18;
18,4;
5,6;
6,5;
5,15;
15,5;
5,17;
17,5;
6,5;
5,6;
6,7;
7,6;
6,26;
26,6;
7,6;
6,7;
7,13;
13,7;
7,26;
26,7;
8,12;
12,8;
8,13;
13,8;
8,14;
14,8;
8,16;
16,8;
9,1;
1,9;
9,2;
2,9;
9,11;
11,9;
9,21;
21,9;
10,18;
18,10;
10,19;
19,10;
10,23;
23,10;
11,1;
1,11;
11,2;
2,11;
11,9;
9,11;
11,21;
21,11;
11,25;
25,11;
12,8;
8,12;
12,14;
14,12;
12,16;
16,12;
13,7;
7,13;
13,8;
8,13;
13,14;
14,13;
13,16;
16,13;
13,26;
26,13;
14,8;
8,14;
14,12;
12,14;
14,13;
13,14;
14,16;
16,14;
15,3;
3,15;
15,4;
4,15;
15,5;
5,15;
15,17;
17,15;
16,8;
8,16;
16,12;
12,16;
16,13;
13,16;
16,14;
14,16;
17,4;
4,17;
17,5;
5,17;
17,15;
15,17;
18,3;
3,18;
18,4;
4,18;
18,10;
10,18;
19,10;
10,19;
19,20;
20,19;
19,22;
22,19;
19,23;
23,19;
20,19;
19,20;
20,22;
22,20;
20,23;
23,20;
20,24;
24,20;
21,9;
9,21;
21,11;
11,21;
21,25;
25,21;
22,19;
19,22;
22,20;
20,22;
22,23;
23,22;
22,24;
24,22;
23,10;
10,23;
23,19;
19,23;
23,20;
20,23;
23,22;
22,23;
24,20;
20,24;
24,22;
22,24;
24,25;
25,24;
25,11;
11,25;
25,21;
21,25;
25,24;
24,25;
26,6;
6,26;
26,7;
7,26;
26,13;
13,26;
}
label = {
1,1;
2,1;
3,1;
4,1;
5,1;
6,1;
7,1;
8,1;
9,2;
10,2;
11,2;
12,2;
13,2;
14,2;
15,2;
16,2;
17,2;
18,2;
19,2;
20,2;
21,2;
22,2;
23,2;
24,2;
25,2;
26,2;
}