edge = {
1,2;
2,1;
1,3;
3,1;
1,11;
11,1;
2,1;
1,2;
2,3;
3,2;
2,10;
10,2;
3,1;
1,3;
3,2;
2,3;
3,11;
11,3;
3,19;
19,3;
4,19;
19,4;
4,30;
30,4;
4,36;
36,4;
5,6;
6,5;
5,25;
25,5;
5,26;
26,5;
5,34;
34,5;
5,43;
43,5;
6,5;
5,6;
6,7;
7,6;
6,8;
8,6;
6,34;
34,6;
7,6;
6,7;
7,8;
8,7;
7,21;
21,7;
8,6;
6,8;
8,7;
7,8;
8,21;
21,8;
8,32;
32,8;
9,18;
18,9;
9,31;
31,9;
9,35;
35,9;
9,52;
52,9;
10,2;
2,10;
10,11;
11,10;
10,12;
12,10;
11,1;
1,11;
11,3;
3,11;
11,10;
10,11;
11,12;
12,11;
12,10;
10,12;
12,11;
11,12;
12,19;
19,12;
12,36;
36,12;
13,19;
19,13;
13,36;
36,13;
13,47;
47,13;
14,26;
26,14;
14,34;
34,14;
14,42;
42,14;
14,43;
43,14;
15,16;
16,15;
15,17;
17,15;
15,26;
26,15;
15,51;
51,15;
16,15;
15,16;
16,17;
17,16;
16,21;
21,16;
16,38;
38,16;
17,15;
15,17;
17,16;
16,17;
17,21;
21,17;
17,38;
38,17;
17,49;
49,17;
18,9;
9,18;
18,27;
27,18;
18,48;
48,18;
18,52;
52,18;
19,3;
3,19;
19,4;
4,19;
19,12;
12,19;
19,13;
13,19;
19,30;
30,19;
19,47;
47,19;
20,24;
24,20;
20,25;
25,20;
20,41;
41,20;
20,42;
42,20;
21,7;
7,21;
21,8;
8,21;
21,16;
16,21;
21,17;
17,21;
21,28;
28,21;
21,32;
32,21;
22,23;
23,22;
22,30;
30,22;
22,40;
40,22;
23,22;
22,23;
23,24;
24,23;
23,39;
39,23;
24,20;
20,24;
24,23;
23,24;
24,37;
37,24;
25,5;
5,25;
25,20;
20,25;
25,37;
37,25;
26,5;
5,26;
26,14;
14,26;
26,15;
15,26;
26,34;
34,26;
26,51;
51,26;
27,18;
18,27;
27,33;
33,27;
27,35;
35,27;
27,50;
50,27;
27,52;
52,27;
28,21;
21,28;
28,32;
32,28;
28,33;
33,28;
28,38;
38,28;
28,49;
49,28;
29,31;
31,29;
29,48;
48,29;
30,4;
4,30;
30,19;
19,30;
30,22;
22,30;
30,36;
36,30;
31,9;
9,31;
31,29;
29,31;
31,46;
46,31;
32,8;
8,32;
32,21;
21,32;
32,28;
28,32;
32,38;
38,32;
32,45;
45,32;
33,27;
27,33;
33,28;
28,33;
33,35;
35,33;
33,44;
44,33;
33,52;
52,33;
34,5;
5,34;
34,6;
6,34;
34,14;
14,34;
34,26;
26,34;
34,43;
43,34;
35,9;
9,35;
35,27;
27,35;
35,33;
33,35;
35,52;
52,35;
36,4;
4,36;
36,12;
12,36;
36,13;
13,36;
36,30;
30,36;
36,47;
47,36;
37,24;
24,37;
37,25;
25,37;
37,41;
41,37;
37,42;
42,37;
38,16;
16,38;
38,17;
17,38;
38,28;
28,38;
38,32;
32,38;
39,23;
23,39;
39,40;
40,39;
39,47;
47,39;
40,22;
22,40;
40,39;
39,40;
40,41;
41,40;
41,20;
20,41;
41,37;
37,41;
41,40;
40,41;
42,14;
14,42;
42,20;
20,42;
42,37;
37,42;
43,5;
5,43;
43,14;
14,43;
43,34;
34,43;
43,51;
51,43;
44,33;
33,44;
44,50;
50,44;
44,52;
52,44;
45,32;
32,45;
45,49;
49,45;
45,50;
50,45;
46,31;
31,46;
46,48;
48,46;
47,13;
13,47;
47,19;
19,47;
47,36;
36,47;
47,39;
39,47;
48,18;
18,48;
48,29;
29,48;
48,46;
46,48;
49,17;
17,49;
49,28;
28,49;
49,45;
45,49;
50,27;
27,50;
50,44;
44,50;
50,45;
45,50;
51,15;
15,51;
51,26;
26,51;
51,43;
43,51;
52,9;
9,52;
52,18;
18,52;
52,27;
27,52;
52,33;
33,52;
52,35;
35,52;
52,44;
44,52;
}
label = {
1,1;
2,1;
3,1;
4,1;
5,1;
6,1;
7,1;
8,1;
9,1;
10,1;
11,1;
12,1;
13,1;
14,1;
15,1;
16,1;
17,1;
18,1;
19,2;
20,2;
21,2;
22,2;
23,2;
24,2;
25,2;
26,2;
27,2;
28,2;
29,2;
30,2;
31,2;
32,2;
33,2;
34,2;
35,2;
36,2;
37,2;
38,2;
39,2;
40,2;
41,2;
42,2;
43,2;
44,2;
45,2;
46,2;
47,2;
48,2;
49,2;
50,2;
51,2;
52,2;
}