edge = {
1,9;
9,1;
1,15;
15,1;
1,32;
32,1;
1,33;
33,1;
2,8;
8,2;
2,18;
18,2;
2,22;
22,2;
2,36;
36,2;
3,25;
25,3;
3,26;
26,3;
3,28;
28,3;
3,44;
44,3;
4,5;
5,4;
4,26;
26,4;
4,28;
28,4;
5,4;
4,5;
5,17;
17,5;
5,35;
35,5;
6,17;
17,6;
6,30;
30,6;
6,35;
35,6;
7,27;
27,7;
7,29;
29,7;
7,31;
31,7;
7,45;
45,7;
7,49;
49,7;
8,2;
2,8;
8,9;
9,8;
8,33;
33,8;
8,50;
50,8;
9,1;
1,9;
9,8;
8,9;
9,36;
36,9;
9,40;
40,9;
10,11;
11,10;
10,12;
12,10;
10,26;
26,10;
10,43;
43,10;
10,46;
46,10;
11,10;
10,11;
11,12;
12,11;
11,13;
13,11;
11,44;
44,11;
12,10;
10,12;
12,11;
11,12;
12,13;
13,12;
12,35;
35,12;
13,11;
11,13;
13,12;
12,13;
13,14;
14,13;
13,35;
35,13;
13,48;
48,13;
14,13;
13,14;
14,27;
27,14;
14,45;
45,14;
14,49;
49,14;
15,1;
1,15;
15,32;
32,15;
15,50;
50,15;
16,24;
24,16;
16,25;
25,16;
16,43;
43,16;
17,5;
5,17;
17,6;
6,17;
17,30;
30,17;
18,2;
2,18;
18,19;
19,18;
18,37;
37,18;
19,18;
18,19;
19,23;
23,19;
19,36;
36,19;
20,21;
21,20;
20,24;
24,20;
20,42;
42,20;
21,20;
20,21;
21,23;
23,21;
21,41;
41,21;
22,2;
2,22;
22,32;
32,22;
22,50;
50,22;
23,19;
19,23;
23,21;
21,23;
23,39;
39,23;
24,16;
16,24;
24,20;
20,24;
24,38;
38,24;
25,3;
3,25;
25,16;
16,25;
25,34;
34,25;
26,3;
3,26;
26,4;
4,26;
26,10;
10,26;
26,28;
28,26;
26,46;
46,26;
27,7;
7,27;
27,14;
14,27;
27,29;
29,27;
27,31;
31,27;
27,47;
47,27;
27,49;
49,27;
28,3;
3,28;
28,4;
4,28;
28,26;
26,28;
28,44;
44,28;
29,7;
7,29;
29,27;
27,29;
29,30;
30,29;
29,45;
45,29;
29,48;
48,29;
30,6;
6,30;
30,17;
17,30;
30,29;
29,30;
30,35;
35,30;
30,47;
47,30;
31,7;
7,31;
31,27;
27,31;
32,1;
1,32;
32,15;
15,32;
32,22;
22,32;
32,33;
33,32;
32,40;
40,32;
32,50;
50,32;
33,1;
1,33;
33,8;
8,33;
33,32;
32,33;
33,50;
50,33;
34,25;
25,34;
34,42;
42,34;
34,43;
43,34;
35,5;
5,35;
35,6;
6,35;
35,12;
12,35;
35,13;
13,35;
35,30;
30,35;
36,2;
2,36;
36,9;
9,36;
36,19;
19,36;
36,37;
37,36;
37,18;
18,37;
37,36;
36,37;
37,41;
41,37;
38,24;
24,38;
38,39;
39,38;
38,42;
42,38;
39,23;
23,39;
39,38;
38,39;
39,41;
41,39;
40,9;
9,40;
40,32;
32,40;
40,50;
50,40;
41,21;
21,41;
41,37;
37,41;
41,39;
39,41;
42,20;
20,42;
42,34;
34,42;
42,38;
38,42;
43,10;
10,43;
43,16;
16,43;
43,34;
34,43;
44,3;
3,44;
44,11;
11,44;
44,28;
28,44;
44,46;
46,44;
45,7;
7,45;
45,14;
14,45;
45,29;
29,45;
45,47;
47,45;
46,10;
10,46;
46,26;
26,46;
46,44;
44,46;
47,27;
27,47;
47,30;
30,47;
47,45;
45,47;
47,48;
48,47;
48,13;
13,48;
48,29;
29,48;
48,47;
47,48;
49,7;
7,49;
49,14;
14,49;
49,27;
27,49;
50,8;
8,50;
50,15;
15,50;
50,22;
22,50;
50,32;
32,50;
50,33;
33,50;
50,40;
40,50;
}
label = {
1,1;
2,1;
3,1;
4,1;
5,1;
6,1;
7,1;
8,1;
9,1;
10,1;
11,1;
12,1;
13,1;
14,1;
15,2;
16,2;
17,2;
18,2;
19,2;
20,2;
21,2;
22,2;
23,2;
24,2;
25,2;
26,2;
27,2;
28,2;
29,2;
30,2;
31,2;
32,2;
33,2;
34,2;
35,2;
36,2;
37,2;
38,2;
39,2;
40,2;
41,2;
42,2;
43,2;
44,2;
45,2;
46,2;
47,2;
48,2;
49,2;
50,2;
}