edge = {
1,2;
2,1;
1,3;
3,1;
1,8;
8,1;
2,1;
1,2;
2,3;
3,2;
2,13;
13,2;
3,1;
1,3;
3,2;
2,3;
3,13;
13,3;
4,5;
5,4;
4,20;
20,4;
4,24;
24,4;
4,37;
37,4;
5,4;
4,5;
5,19;
19,5;
5,20;
20,5;
6,12;
12,6;
6,25;
25,6;
6,38;
38,6;
7,8;
8,7;
7,9;
9,7;
8,1;
1,8;
8,7;
7,8;
8,9;
9,8;
9,7;
7,9;
9,8;
8,9;
9,26;
26,9;
10,20;
20,10;
10,24;
24,10;
10,33;
33,10;
10,37;
37,10;
11,19;
19,11;
11,20;
20,11;
11,32;
32,11;
11,33;
33,11;
12,6;
6,12;
12,38;
38,12;
13,2;
2,13;
13,3;
3,13;
13,21;
21,13;
13,34;
34,13;
14,15;
15,14;
14,22;
22,14;
14,28;
28,14;
15,14;
14,15;
15,23;
23,15;
15,27;
27,15;
15,36;
36,15;
16,17;
17,16;
16,23;
23,16;
16,30;
30,16;
17,16;
16,17;
17,24;
24,17;
17,29;
29,17;
17,37;
37,17;
18,19;
19,18;
18,25;
25,18;
18,32;
32,18;
18,38;
38,18;
19,5;
5,19;
19,11;
11,19;
19,18;
18,19;
19,20;
20,19;
19,33;
33,19;
20,4;
4,20;
20,5;
5,20;
20,10;
10,20;
20,11;
11,20;
20,19;
19,20;
20,33;
33,20;
21,13;
13,21;
21,22;
22,21;
21,26;
26,21;
21,35;
35,21;
22,14;
14,22;
22,21;
21,22;
22,34;
34,22;
23,15;
15,23;
23,16;
16,23;
23,28;
28,23;
24,4;
4,24;
24,10;
10,24;
24,17;
17,24;
24,30;
30,24;
25,6;
6,25;
25,18;
18,25;
25,31;
31,25;
25,38;
38,25;
26,9;
9,26;
26,21;
21,26;
26,34;
34,26;
27,15;
15,27;
27,28;
28,27;
27,35;
35,27;
28,14;
14,28;
28,23;
23,28;
28,27;
27,28;
28,36;
36,28;
29,17;
17,29;
29,30;
30,29;
29,36;
36,29;
30,16;
16,30;
30,24;
24,30;
30,29;
29,30;
30,37;
37,30;
31,25;
25,31;
31,32;
32,31;
31,38;
38,31;
32,11;
11,32;
32,18;
18,32;
32,31;
31,32;
33,10;
10,33;
33,11;
11,33;
33,19;
19,33;
33,20;
20,33;
34,13;
13,34;
34,22;
22,34;
34,26;
26,34;
34,35;
35,34;
35,21;
21,35;
35,27;
27,35;
35,34;
34,35;
36,15;
15,36;
36,28;
28,36;
36,29;
29,36;
37,4;
4,37;
37,10;
10,37;
37,17;
17,37;
37,30;
30,37;
38,6;
6,38;
38,12;
12,38;
38,18;
18,38;
38,25;
25,38;
38,31;
31,38;
}
label = {
1,1;
2,1;
3,1;
4,1;
5,1;
6,1;
7,1;
8,1;
9,1;
10,1;
11,1;
12,1;
13,2;
14,2;
15,2;
16,2;
17,2;
18,2;
19,2;
20,2;
21,2;
22,2;
23,2;
24,2;
25,2;
26,2;
27,2;
28,2;
29,2;
30,2;
31,2;
32,2;
33,2;
34,2;
35,2;
36,2;
37,2;
38,2;
}