edge = {
1,2;
2,1;
1,3;
3,1;
1,7;
7,1;
2,1;
1,2;
2,3;
3,2;
2,8;
8,2;
2,12;
12,2;
3,1;
1,3;
3,2;
2,3;
3,12;
12,3;
4,5;
5,4;
4,19;
19,4;
4,23;
23,4;
4,36;
36,4;
5,4;
4,5;
5,18;
18,5;
5,19;
19,5;
6,11;
11,6;
6,24;
24,6;
6,37;
37,6;
7,1;
1,7;
7,8;
8,7;
8,2;
2,8;
8,7;
7,8;
8,25;
25,8;
9,19;
19,9;
9,23;
23,9;
9,32;
32,9;
9,36;
36,9;
10,18;
18,10;
10,19;
19,10;
10,31;
31,10;
10,32;
32,10;
11,6;
6,11;
11,24;
24,11;
11,37;
37,11;
12,2;
2,12;
12,3;
3,12;
12,20;
20,12;
12,33;
33,12;
13,14;
14,13;
13,21;
21,13;
13,27;
27,13;
14,13;
13,14;
14,22;
22,14;
14,26;
26,14;
14,35;
35,14;
15,16;
16,15;
15,22;
22,15;
15,29;
29,15;
16,15;
15,16;
16,23;
23,16;
16,28;
28,16;
16,36;
36,16;
17,18;
18,17;
17,24;
24,17;
17,31;
31,17;
17,37;
37,17;
18,5;
5,18;
18,10;
10,18;
18,17;
17,18;
18,19;
19,18;
18,32;
32,18;
19,4;
4,19;
19,5;
5,19;
19,9;
9,19;
19,10;
10,19;
19,18;
18,19;
19,32;
32,19;
20,12;
12,20;
20,21;
21,20;
20,25;
25,20;
20,34;
34,20;
21,13;
13,21;
21,20;
20,21;
21,33;
33,21;
22,14;
14,22;
22,15;
15,22;
22,27;
27,22;
23,4;
4,23;
23,9;
9,23;
23,16;
16,23;
23,29;
29,23;
24,6;
6,24;
24,11;
11,24;
24,17;
17,24;
24,30;
30,24;
24,37;
37,24;
25,8;
8,25;
25,20;
20,25;
25,33;
33,25;
26,14;
14,26;
26,27;
27,26;
26,34;
34,26;
27,13;
13,27;
27,22;
22,27;
27,26;
26,27;
27,35;
35,27;
28,16;
16,28;
28,29;
29,28;
28,35;
35,28;
29,15;
15,29;
29,23;
23,29;
29,28;
28,29;
29,36;
36,29;
30,24;
24,30;
30,31;
31,30;
30,37;
37,30;
31,10;
10,31;
31,17;
17,31;
31,30;
30,31;
32,9;
9,32;
32,10;
10,32;
32,18;
18,32;
32,19;
19,32;
33,12;
12,33;
33,21;
21,33;
33,25;
25,33;
33,34;
34,33;
34,20;
20,34;
34,26;
26,34;
34,33;
33,34;
35,14;
14,35;
35,27;
27,35;
35,28;
28,35;
36,4;
4,36;
36,9;
9,36;
36,16;
16,36;
36,29;
29,36;
37,6;
6,37;
37,11;
11,37;
37,17;
17,37;
37,24;
24,37;
37,30;
30,37;
}
label = {
1,1;
2,1;
3,1;
4,1;
5,1;
6,1;
7,1;
8,1;
9,1;
10,1;
11,1;
12,2;
13,2;
14,2;
15,2;
16,2;
17,2;
18,2;
19,2;
20,2;
21,2;
22,2;
23,2;
24,2;
25,2;
26,2;
27,2;
28,2;
29,2;
30,2;
31,2;
32,2;
33,2;
34,2;
35,2;
36,2;
37,2;
}