edge = {
1,2;
2,1;
1,10;
10,1;
1,12;
12,1;
2,1;
1,2;
2,10;
10,2;
2,12;
12,2;
3,4;
4,3;
3,16;
16,3;
3,18;
18,3;
3,19;
19,3;
4,3;
3,4;
4,16;
16,4;
4,18;
18,4;
4,19;
19,4;
5,6;
6,5;
5,7;
7,5;
5,16;
16,5;
5,18;
18,5;
5,27;
27,5;
6,5;
5,6;
6,7;
7,6;
6,8;
8,6;
6,16;
16,6;
7,5;
5,7;
7,6;
6,7;
7,27;
27,7;
8,6;
6,8;
8,14;
14,8;
8,27;
27,8;
9,13;
13,9;
9,14;
14,9;
9,15;
15,9;
9,17;
17,9;
10,1;
1,10;
10,2;
2,10;
10,12;
12,10;
10,22;
22,10;
10,26;
26,10;
11,19;
19,11;
11,20;
20,11;
11,24;
24,11;
12,1;
1,12;
12,2;
2,12;
12,10;
10,12;
12,22;
22,12;
12,26;
26,12;
13,9;
9,13;
13,15;
15,13;
13,17;
17,13;
14,8;
8,14;
14,9;
9,14;
14,15;
15,14;
14,17;
17,14;
14,27;
27,14;
15,9;
9,15;
15,13;
13,15;
15,14;
14,15;
15,17;
17,15;
16,3;
3,16;
16,4;
4,16;
16,5;
5,16;
16,6;
6,16;
16,18;
18,16;
17,9;
9,17;
17,13;
13,17;
17,14;
14,17;
17,15;
15,17;
18,3;
3,18;
18,4;
4,18;
18,5;
5,18;
18,16;
16,18;
19,3;
3,19;
19,4;
4,19;
19,11;
11,19;
20,11;
11,20;
20,21;
21,20;
20,23;
23,20;
20,24;
24,20;
21,20;
20,21;
21,23;
23,21;
21,24;
24,21;
21,25;
25,21;
22,10;
10,22;
22,12;
12,22;
22,26;
26,22;
23,20;
20,23;
23,21;
21,23;
23,24;
24,23;
23,25;
25,23;
24,11;
11,24;
24,20;
20,24;
24,21;
21,24;
24,23;
23,24;
25,21;
21,25;
25,23;
23,25;
25,26;
26,25;
26,10;
10,26;
26,12;
12,26;
26,22;
22,26;
26,25;
25,26;
27,5;
5,27;
27,7;
7,27;
27,8;
8,27;
27,14;
14,27;
}
label = {
1,1;
2,1;
3,1;
4,1;
5,1;
6,1;
7,1;
8,1;
9,1;
10,2;
11,2;
12,2;
13,2;
14,2;
15,2;
16,2;
17,2;
18,2;
19,2;
20,2;
21,2;
22,2;
23,2;
24,2;
25,2;
26,2;
27,2;
}