edge = {
1,2;
2,1;
1,10;
10,1;
1,12;
12,1;
2,1;
1,2;
2,10;
10,2;
2,12;
12,2;
3,4;
4,3;
3,16;
16,3;
3,21;
21,3;
4,3;
3,4;
4,16;
16,4;
4,18;
18,4;
4,20;
20,4;
4,21;
21,4;
5,6;
6,5;
5,7;
7,5;
5,8;
8,5;
5,16;
16,5;
6,5;
5,6;
6,7;
7,6;
6,8;
8,6;
6,16;
16,6;
6,29;
29,6;
7,5;
5,7;
7,6;
6,7;
7,8;
8,7;
7,29;
29,7;
8,5;
5,8;
8,6;
6,8;
8,7;
7,8;
8,14;
14,8;
8,29;
29,8;
9,13;
13,9;
9,15;
15,9;
9,17;
17,9;
9,19;
19,9;
10,1;
1,10;
10,2;
2,10;
10,12;
12,10;
10,24;
24,10;
11,21;
21,11;
11,22;
22,11;
11,26;
26,11;
12,1;
1,12;
12,2;
2,12;
12,10;
10,12;
12,24;
24,12;
12,28;
28,12;
13,9;
9,13;
13,17;
17,13;
13,19;
19,13;
14,8;
8,14;
14,15;
15,14;
14,17;
17,14;
14,29;
29,14;
15,9;
9,15;
15,14;
14,15;
15,17;
17,15;
16,3;
3,16;
16,4;
4,16;
16,5;
5,16;
16,6;
6,16;
16,18;
18,16;
16,20;
20,16;
17,9;
9,17;
17,13;
13,17;
17,14;
14,17;
17,15;
15,17;
17,19;
19,17;
18,4;
4,18;
18,16;
16,18;
18,20;
20,18;
19,9;
9,19;
19,13;
13,19;
19,17;
17,19;
20,4;
4,20;
20,16;
16,20;
20,18;
18,20;
21,3;
3,21;
21,4;
4,21;
21,11;
11,21;
22,11;
11,22;
22,23;
23,22;
22,25;
25,22;
22,26;
26,22;
23,22;
22,23;
23,25;
25,23;
23,26;
26,23;
23,27;
27,23;
24,10;
10,24;
24,12;
12,24;
24,28;
28,24;
25,22;
22,25;
25,23;
23,25;
25,26;
26,25;
25,27;
27,25;
26,11;
11,26;
26,22;
22,26;
26,23;
23,26;
26,25;
25,26;
27,23;
23,27;
27,25;
25,27;
27,28;
28,27;
28,12;
12,28;
28,24;
24,28;
28,27;
27,28;
29,6;
6,29;
29,7;
7,29;
29,8;
8,29;
29,14;
14,29;
}
label = {
1,1;
2,1;
3,1;
4,1;
5,1;
6,1;
7,1;
8,1;
9,1;
10,2;
11,2;
12,2;
13,2;
14,2;
15,2;
16,2;
17,2;
18,2;
19,2;
20,2;
21,2;
22,2;
23,2;
24,2;
25,2;
26,2;
27,2;
28,2;
29,2;
}