edge = {
1,21;
21,1;
2,3;
3,2;
2,4;
4,2;
2,20;
20,2;
3,2;
2,3;
3,5;
5,3;
3,9;
9,3;
4,2;
2,4;
4,30;
30,4;
4,34;
34,4;
5,3;
3,5;
5,6;
6,5;
5,33;
33,5;
6,5;
5,6;
6,8;
8,6;
6,9;
9,6;
7,21;
21,7;
7,34;
34,7;
7,43;
43,7;
7,47;
47,7;
8,6;
6,8;
8,9;
9,8;
8,46;
46,8;
9,3;
3,9;
9,6;
6,9;
9,8;
8,9;
10,12;
12,10;
10,25;
25,10;
10,38;
38,10;
11,12;
12,11;
11,13;
13,11;
11,26;
26,11;
11,39;
39,11;
12,10;
10,12;
12,11;
11,12;
12,23;
23,12;
12,36;
36,12;
13,11;
11,13;
13,17;
17,13;
13,24;
24,13;
13,30;
30,13;
13,37;
37,13;
13,43;
43,13;
14,18;
18,14;
14,22;
22,14;
14,35;
35,14;
14,48;
48,14;
15,18;
18,15;
15,19;
19,15;
15,31;
31,15;
15,44;
44,15;
16,19;
19,16;
16,20;
20,16;
16,32;
32,16;
16,33;
33,16;
16,45;
45,16;
16,46;
46,16;
17,13;
13,17;
17,21;
21,17;
18,14;
14,18;
18,15;
15,18;
18,28;
28,18;
18,41;
41,18;
19,15;
15,19;
19,16;
16,19;
19,29;
29,19;
19,42;
42,19;
20,2;
2,20;
20,16;
16,20;
21,1;
1,21;
21,7;
7,21;
21,17;
17,21;
21,22;
22,21;
22,14;
14,22;
22,21;
21,22;
22,27;
27,22;
22,34;
34,22;
22,40;
40,22;
22,47;
47,22;
22,48;
48,22;
23,12;
12,23;
23,25;
25,23;
24,13;
13,24;
24,25;
25,24;
24,26;
26,24;
25,10;
10,25;
25,23;
23,25;
25,24;
24,25;
26,11;
11,26;
26,24;
24,26;
26,30;
30,26;
27,22;
22,27;
27,31;
31,27;
27,35;
35,27;
28,18;
18,28;
28,31;
31,28;
28,32;
32,28;
29,19;
19,29;
29,32;
32,29;
29,33;
33,29;
30,4;
4,30;
30,13;
13,30;
30,26;
26,30;
31,15;
15,31;
31,27;
27,31;
31,28;
28,31;
32,16;
16,32;
32,28;
28,32;
32,29;
29,32;
33,5;
5,33;
33,16;
16,33;
33,29;
29,33;
34,4;
4,34;
34,7;
7,34;
34,22;
22,34;
34,35;
35,34;
35,14;
14,35;
35,27;
27,35;
35,34;
34,35;
35,48;
48,35;
36,12;
12,36;
36,38;
38,36;
37,13;
13,37;
37,38;
38,37;
37,39;
39,37;
38,10;
10,38;
38,36;
36,38;
38,37;
37,38;
39,11;
11,39;
39,37;
37,39;
39,43;
43,39;
40,22;
22,40;
40,44;
44,40;
40,48;
48,40;
41,18;
18,41;
41,44;
44,41;
41,45;
45,41;
42,19;
19,42;
42,45;
45,42;
42,46;
46,42;
43,7;
7,43;
43,13;
13,43;
43,39;
39,43;
44,15;
15,44;
44,40;
40,44;
44,41;
41,44;
45,16;
16,45;
45,41;
41,45;
45,42;
42,45;
46,8;
8,46;
46,16;
16,46;
46,42;
42,46;
47,7;
7,47;
47,22;
22,47;
47,48;
48,47;
48,14;
14,48;
48,22;
22,48;
48,35;
35,48;
48,40;
40,48;
48,47;
47,48;
}
label = {
1,1;
2,1;
3,1;
4,1;
5,1;
6,1;
7,1;
8,1;
9,1;
10,2;
11,2;
12,2;
13,2;
14,2;
15,2;
16,2;
17,2;
18,2;
19,2;
20,2;
21,2;
22,2;
23,2;
24,2;
25,2;
26,2;
27,2;
28,2;
29,2;
30,2;
31,2;
32,2;
33,2;
34,2;
35,2;
36,2;
37,2;
38,2;
39,2;
40,2;
41,2;
42,2;
43,2;
44,2;
45,2;
46,2;
47,2;
48,2;
}