edge = {
1,2;
2,1;
1,10;
10,1;
1,11;
11,1;
2,1;
1,2;
2,3;
3,2;
2,9;
9,2;
2,11;
11,2;
3,2;
2,3;
3,4;
4,3;
3,9;
9,3;
3,10;
10,3;
4,3;
3,4;
4,17;
17,4;
4,29;
29,4;
5,19;
19,5;
5,24;
24,5;
5,27;
27,5;
5,39;
39,5;
6,7;
7,6;
6,19;
19,6;
6,31;
31,6;
7,6;
6,7;
7,26;
26,7;
7,38;
38,7;
8,25;
25,8;
8,28;
28,8;
8,40;
40,8;
9,2;
2,9;
9,3;
3,9;
9,10;
10,9;
10,1;
1,10;
10,3;
3,10;
10,9;
9,10;
10,11;
11,10;
11,1;
1,11;
11,2;
2,11;
11,10;
10,11;
11,12;
12,11;
12,11;
11,12;
12,17;
17,12;
12,29;
29,12;
13,14;
14,13;
13,27;
27,13;
13,31;
31,13;
13,39;
39,13;
14,13;
13,14;
14,15;
15,14;
14,19;
19,14;
14,31;
31,14;
15,14;
14,15;
15,26;
26,15;
15,38;
38,15;
16,25;
25,16;
16,40;
40,16;
17,4;
4,17;
17,12;
12,17;
17,20;
20,17;
17,32;
32,17;
18,21;
21,18;
18,22;
22,18;
18,34;
34,18;
19,5;
5,19;
19,6;
6,19;
19,14;
14,19;
19,26;
26,19;
20,17;
17,20;
20,21;
21,20;
20,29;
29,20;
20,33;
33,20;
21,18;
18,21;
21,20;
20,21;
21,32;
32,21;
21,33;
33,21;
22,18;
18,22;
22,23;
23,22;
22,30;
30,22;
23,22;
22,23;
23,24;
24,23;
23,36;
36,23;
24,5;
5,24;
24,23;
23,24;
24,27;
27,24;
24,35;
35,24;
24,39;
39,24;
25,8;
8,25;
25,16;
16,25;
25,26;
26,25;
25,28;
28,25;
25,38;
38,25;
25,40;
40,25;
26,7;
7,26;
26,15;
15,26;
26,19;
19,26;
26,25;
25,26;
26,31;
31,26;
27,5;
5,27;
27,13;
13,27;
27,24;
24,27;
27,36;
36,27;
28,8;
8,28;
28,25;
25,28;
28,37;
37,28;
28,40;
40,28;
29,4;
4,29;
29,12;
12,29;
29,20;
20,29;
29,32;
32,29;
30,22;
22,30;
30,33;
33,30;
30,34;
34,30;
31,6;
6,31;
31,13;
13,31;
31,14;
14,31;
31,26;
26,31;
32,17;
17,32;
32,21;
21,32;
32,29;
29,32;
32,33;
33,32;
33,20;
20,33;
33,21;
21,33;
33,30;
30,33;
33,32;
32,33;
34,18;
18,34;
34,30;
30,34;
34,35;
35,34;
35,24;
24,35;
35,34;
34,35;
35,36;
36,35;
36,23;
23,36;
36,27;
27,36;
36,35;
35,36;
36,39;
39,36;
37,28;
28,37;
37,38;
38,37;
37,40;
40,37;
38,7;
7,38;
38,15;
15,38;
38,25;
25,38;
38,37;
37,38;
39,5;
5,39;
39,13;
13,39;
39,24;
24,39;
39,36;
36,39;
40,8;
8,40;
40,16;
16,40;
40,25;
25,40;
40,28;
28,40;
40,37;
37,40;
}
label = {
1,1;
2,1;
3,1;
4,1;
5,1;
6,1;
7,1;
8,1;
9,1;
10,1;
11,1;
12,1;
13,1;
14,1;
15,1;
16,1;
17,2;
18,2;
19,2;
20,2;
21,2;
22,2;
23,2;
24,2;
25,2;
26,2;
27,2;
28,2;
29,2;
30,2;
31,2;
32,2;
33,2;
34,2;
35,2;
36,2;
37,2;
38,2;
39,2;
40,2;
}