edge = {
1,2;
2,1;
1,3;
3,1;
1,4;
4,1;
2,1;
1,2;
2,3;
3,2;
2,4;
4,2;
2,9;
9,2;
2,10;
10,2;
3,1;
1,3;
3,2;
2,3;
3,4;
4,3;
3,5;
5,3;
3,9;
9,3;
3,11;
11,3;
4,1;
1,4;
4,2;
2,4;
4,3;
3,4;
4,5;
5,4;
4,6;
6,4;
4,7;
7,4;
4,11;
11,4;
5,3;
3,5;
5,4;
4,5;
5,6;
6,5;
5,7;
7,5;
5,8;
8,5;
5,12;
12,5;
6,4;
4,6;
6,5;
5,6;
6,7;
7,6;
6,8;
8,6;
6,12;
12,6;
7,4;
4,7;
7,5;
5,7;
7,6;
6,7;
7,8;
8,7;
7,13;
13,7;
8,5;
5,8;
8,6;
6,8;
8,7;
7,8;
8,13;
13,8;
9,2;
2,9;
9,3;
3,9;
9,10;
10,9;
9,11;
11,9;
9,12;
12,9;
9,13;
13,9;
10,2;
2,10;
10,9;
9,10;
10,11;
11,10;
10,12;
12,10;
11,3;
3,11;
11,4;
4,11;
11,9;
9,11;
11,10;
10,11;
11,12;
12,11;
11,13;
13,11;
12,5;
5,12;
12,6;
6,12;
12,9;
9,12;
12,10;
10,12;
12,11;
11,12;
12,13;
13,12;
13,7;
7,13;
13,8;
8,13;
13,9;
9,13;
13,11;
11,13;
13,12;
12,13;
}
label = {
1,1;
2,1;
3,1;
4,1;
5,1;
6,1;
7,1;
8,1;
9,2;
10,2;
11,2;
12,2;
13,2;
}