edge = {
1,28;
28,1;
1,38;
38,1;
2,3;
3,2;
2,15;
15,2;
2,29;
29,2;
2,39;
39,2;
3,2;
2,3;
3,14;
14,3;
3,29;
29,3;
3,30;
30,3;
3,39;
39,3;
3,40;
40,3;
4,5;
5,4;
4,17;
17,4;
4,30;
30,4;
4,40;
40,4;
5,4;
4,5;
5,16;
16,5;
5,31;
31,5;
6,7;
7,6;
6,19;
19,6;
6,31;
31,6;
7,6;
6,7;
7,18;
18,7;
7,32;
32,7;
8,9;
9,8;
8,21;
21,8;
8,32;
32,8;
8,33;
33,8;
9,8;
8,9;
9,20;
20,9;
9,33;
33,9;
9,34;
34,9;
10,11;
11,10;
10,23;
23,10;
10,34;
34,10;
11,10;
10,11;
11,12;
12,11;
11,22;
22,11;
11,24;
24,11;
11,27;
27,11;
12,11;
11,12;
12,23;
23,12;
12,24;
24,12;
12,27;
27,12;
13,14;
14,13;
13,15;
15,13;
13,38;
38,13;
13,39;
39,13;
14,3;
3,14;
14,13;
13,14;
14,15;
15,14;
14,39;
39,14;
15,2;
2,15;
15,13;
13,15;
15,14;
14,15;
15,40;
40,15;
16,5;
5,16;
16,17;
17,16;
16,40;
40,16;
17,4;
4,17;
17,16;
16,17;
17,41;
41,17;
18,7;
7,18;
18,19;
19,18;
18,41;
41,18;
19,6;
6,19;
19,18;
18,19;
19,42;
42,19;
20,9;
9,20;
20,21;
21,20;
20,42;
42,20;
20,43;
43,20;
21,8;
8,21;
21,20;
20,21;
21,43;
43,21;
21,44;
44,21;
22,11;
11,22;
22,23;
23,22;
22,44;
44,22;
23,10;
10,23;
23,12;
12,23;
23,22;
22,23;
23,24;
24,23;
23,27;
27,23;
23,37;
37,23;
24,11;
11,24;
24,12;
12,24;
24,23;
23,24;
24,37;
37,24;
25,26;
26,25;
25,36;
36,25;
26,25;
25,26;
26,28;
28,26;
26,35;
35,26;
26,38;
38,26;
27,11;
11,27;
27,12;
12,27;
27,23;
23,27;
27,34;
34,27;
27,44;
44,27;
28,1;
1,28;
28,26;
26,28;
28,29;
29,28;
28,36;
36,28;
29,2;
2,29;
29,3;
3,29;
29,28;
28,29;
30,3;
3,30;
30,4;
4,30;
31,5;
5,31;
31,6;
6,31;
31,32;
32,31;
31,42;
42,31;
32,7;
7,32;
32,8;
8,32;
32,31;
31,32;
32,33;
33,32;
32,41;
41,32;
32,43;
43,32;
33,8;
8,33;
33,9;
9,33;
33,32;
32,33;
33,42;
42,33;
34,9;
9,34;
34,10;
10,34;
34,27;
27,34;
34,37;
37,34;
34,44;
44,34;
35,26;
26,35;
35,36;
36,35;
36,25;
25,36;
36,28;
28,36;
36,35;
35,36;
36,38;
38,36;
37,23;
23,37;
37,24;
24,37;
37,34;
34,37;
37,44;
44,37;
38,1;
1,38;
38,13;
13,38;
38,26;
26,38;
38,36;
36,38;
39,2;
2,39;
39,3;
3,39;
39,13;
13,39;
39,14;
14,39;
40,3;
3,40;
40,4;
4,40;
40,15;
15,40;
40,16;
16,40;
41,17;
17,41;
41,18;
18,41;
41,32;
32,41;
41,42;
42,41;
42,19;
19,42;
42,20;
20,42;
42,31;
31,42;
42,33;
33,42;
42,41;
41,42;
42,43;
43,42;
43,20;
20,43;
43,21;
21,43;
43,32;
32,43;
43,42;
42,43;
44,21;
21,44;
44,22;
22,44;
44,27;
27,44;
44,34;
34,44;
44,37;
37,44;
}
label = {
1,1;
2,1;
3,1;
4,1;
5,1;
6,1;
7,1;
8,1;
9,1;
10,1;
11,1;
12,1;
13,1;
14,1;
15,1;
16,1;
17,1;
18,1;
19,1;
20,1;
21,1;
22,1;
23,1;
24,1;
25,2;
26,2;
27,2;
28,2;
29,2;
30,2;
31,2;
32,2;
33,2;
34,2;
35,2;
36,2;
37,2;
38,2;
39,2;
40,2;
41,2;
42,2;
43,2;
44,2;
}