edge = {
1,2;
2,1;
1,3;
3,1;
1,22;
22,1;
2,1;
1,2;
2,3;
3,2;
2,4;
4,2;
2,41;
41,2;
3,1;
1,3;
3,2;
2,3;
3,4;
4,3;
3,5;
5,3;
4,2;
2,4;
4,3;
3,4;
4,5;
5,4;
5,3;
3,5;
5,4;
4,5;
5,6;
6,5;
6,5;
5,6;
6,7;
7,6;
6,27;
27,6;
7,6;
6,7;
7,8;
8,7;
7,28;
28,7;
7,42;
42,7;
8,7;
7,8;
8,9;
9,8;
8,27;
27,8;
8,43;
43,8;
9,8;
8,9;
9,10;
10,9;
9,11;
11,9;
9,31;
31,9;
10,9;
9,10;
10,11;
11,10;
10,29;
29,10;
10,31;
31,10;
11,9;
9,11;
11,10;
10,11;
11,12;
12,11;
12,11;
11,12;
12,13;
13,12;
12,33;
33,12;
13,12;
12,13;
13,14;
14,13;
13,32;
32,13;
14,13;
13,14;
14,15;
15,14;
14,35;
35,14;
14,36;
36,14;
15,14;
14,15;
15,16;
16,15;
15,17;
17,15;
15,34;
34,15;
16,15;
15,16;
16,17;
17,16;
16,35;
35,16;
17,15;
15,17;
17,16;
16,17;
17,18;
18,17;
18,17;
17,18;
18,19;
19,18;
18,20;
20,18;
19,18;
18,19;
19,20;
20,19;
19,39;
39,19;
20,18;
18,20;
20,19;
19,20;
20,38;
38,20;
20,39;
39,20;
21,22;
22,21;
21,23;
23,21;
21,45;
45,21;
22,1;
1,22;
22,21;
21,22;
22,23;
23,22;
22,24;
24,22;
23,21;
21,23;
23,22;
22,23;
23,24;
24,23;
23,25;
25,23;
24,22;
22,24;
24,23;
23,24;
24,25;
25,24;
25,23;
23,25;
25,24;
24,25;
25,26;
26,25;
26,25;
25,26;
26,27;
27,26;
27,6;
6,27;
27,8;
8,27;
27,26;
26,27;
27,28;
28,27;
27,46;
46,27;
28,7;
7,28;
28,27;
27,28;
28,29;
29,28;
28,47;
47,28;
29,10;
10,29;
29,28;
28,29;
29,30;
30,29;
29,31;
31,29;
30,29;
29,30;
30,31;
31,30;
31,9;
9,31;
31,10;
10,31;
31,29;
29,31;
31,30;
30,31;
31,32;
32,31;
32,13;
13,32;
32,31;
31,32;
32,33;
33,32;
33,12;
12,33;
33,32;
32,33;
33,34;
34,33;
34,15;
15,34;
34,33;
33,34;
34,35;
35,34;
35,14;
14,35;
35,16;
16,35;
35,34;
34,35;
35,36;
36,35;
36,14;
14,36;
36,35;
35,36;
36,37;
37,36;
37,36;
36,37;
37,38;
38,37;
37,39;
39,37;
38,20;
20,38;
38,37;
37,38;
38,39;
39,38;
39,19;
19,39;
39,20;
20,39;
39,37;
37,39;
39,38;
38,39;
40,41;
41,40;
40,45;
45,40;
41,2;
2,41;
41,40;
40,41;
41,44;
44,41;
42,7;
7,42;
42,43;
43,42;
42,47;
47,42;
43,8;
8,43;
43,42;
42,43;
43,46;
46,43;
43,47;
47,43;
44,41;
41,44;
44,45;
45,44;
45,21;
21,45;
45,40;
40,45;
45,44;
44,45;
46,27;
27,46;
46,43;
43,46;
46,47;
47,46;
47,28;
28,47;
47,42;
42,47;
47,43;
43,47;
47,46;
46,47;
}
label = {
1,1;
2,1;
3,1;
4,1;
5,1;
6,1;
7,1;
8,1;
9,1;
10,1;
11,1;
12,1;
13,1;
14,1;
15,1;
16,1;
17,1;
18,1;
19,1;
20,1;
21,1;
22,1;
23,1;
24,1;
25,1;
26,1;
27,1;
28,1;
29,1;
30,1;
31,1;
32,1;
33,1;
34,1;
35,1;
36,1;
37,1;
38,1;
39,1;
40,2;
41,2;
42,2;
43,2;
44,2;
45,2;
46,2;
47,2;
}