edge = {
1,2;
2,1;
1,3;
3,1;
1,17;
17,1;
2,1;
1,2;
2,3;
3,2;
3,1;
1,3;
3,2;
2,3;
3,4;
4,3;
3,34;
34,3;
4,3;
3,4;
4,5;
5,4;
4,20;
20,4;
4,33;
33,4;
4,35;
35,4;
5,4;
4,5;
5,6;
6,5;
5,7;
7,5;
5,19;
19,5;
5,21;
21,5;
5,35;
35,5;
6,5;
5,6;
6,7;
7,6;
6,20;
20,6;
6,22;
22,6;
7,5;
5,7;
7,6;
6,7;
7,21;
21,7;
7,36;
36,7;
8,9;
9,8;
8,23;
23,8;
8,25;
25,8;
8,36;
36,8;
8,37;
37,8;
9,8;
8,9;
9,24;
24,9;
9,37;
37,9;
9,41;
41,9;
10,11;
11,10;
10,25;
25,10;
10,26;
26,10;
10,41;
41,10;
11,10;
10,11;
11,12;
12,11;
12,11;
11,12;
12,13;
13,12;
12,28;
28,12;
12,40;
40,12;
13,12;
12,13;
13,27;
27,13;
13,39;
39,13;
13,40;
40,13;
14,15;
15,14;
14,30;
30,14;
14,39;
39,14;
15,14;
14,15;
15,16;
16,15;
15,29;
29,15;
15,31;
31,15;
15,38;
38,15;
16,15;
15,16;
16,30;
30,16;
16,31;
31,16;
16,38;
38,16;
17,1;
1,17;
17,18;
18,17;
18,17;
17,18;
18,19;
19,18;
18,42;
42,18;
19,5;
5,19;
19,18;
18,19;
19,20;
20,19;
19,43;
43,19;
19,47;
47,19;
20,4;
4,20;
20,6;
6,20;
20,19;
19,20;
20,21;
21,20;
20,22;
22,20;
20,43;
43,20;
21,5;
5,21;
21,7;
7,21;
21,20;
20,21;
21,22;
22,21;
22,6;
6,22;
22,20;
20,22;
22,21;
21,22;
22,23;
23,22;
22,44;
44,22;
23,8;
8,23;
23,22;
22,23;
23,24;
24,23;
23,44;
44,23;
24,9;
9,24;
24,23;
23,24;
24,25;
25,24;
24,45;
45,24;
25,8;
8,25;
25,10;
10,25;
25,24;
24,25;
25,26;
26,25;
25,45;
45,25;
25,51;
51,25;
26,10;
10,26;
26,25;
25,26;
26,27;
27,26;
26,51;
51,26;
27,13;
13,27;
27,26;
26,27;
27,28;
28,27;
27,50;
50,27;
28,12;
12,28;
28,27;
27,28;
28,49;
49,28;
28,50;
50,28;
29,15;
15,29;
29,30;
30,29;
29,49;
49,29;
30,14;
14,30;
30,16;
16,30;
30,29;
29,30;
30,31;
31,30;
30,48;
48,30;
31,15;
15,31;
31,16;
16,31;
31,30;
30,31;
31,48;
48,31;
32,33;
33,32;
32,34;
34,32;
32,42;
42,32;
32,47;
47,32;
33,4;
4,33;
33,32;
32,33;
33,35;
35,33;
33,43;
43,33;
33,46;
46,33;
33,47;
47,33;
34,3;
3,34;
34,32;
32,34;
34,46;
46,34;
35,4;
4,35;
35,5;
5,35;
35,33;
33,35;
35,36;
36,35;
35,44;
44,35;
35,47;
47,35;
36,7;
7,36;
36,8;
8,36;
36,35;
35,36;
36,43;
43,36;
37,8;
8,37;
37,9;
9,37;
37,41;
41,37;
37,45;
45,37;
37,51;
51,37;
38,15;
15,38;
38,16;
16,38;
38,39;
39,38;
38,49;
49,38;
39,13;
13,39;
39,14;
14,39;
39,38;
38,39;
39,40;
40,39;
39,48;
48,39;
39,50;
50,39;
40,12;
12,40;
40,13;
13,40;
40,39;
39,40;
40,49;
49,40;
41,9;
9,41;
41,10;
10,41;
41,37;
37,41;
41,45;
45,41;
41,51;
51,41;
42,18;
18,42;
42,32;
32,42;
42,46;
46,42;
43,19;
19,43;
43,20;
20,43;
43,33;
33,43;
43,36;
36,43;
43,44;
44,43;
43,47;
47,43;
44,22;
22,44;
44,23;
23,44;
44,35;
35,44;
44,43;
43,44;
45,24;
24,45;
45,25;
25,45;
45,37;
37,45;
45,41;
41,45;
45,51;
51,45;
46,33;
33,46;
46,34;
34,46;
46,42;
42,46;
46,47;
47,46;
47,19;
19,47;
47,32;
32,47;
47,33;
33,47;
47,35;
35,47;
47,43;
43,47;
47,46;
46,47;
48,30;
30,48;
48,31;
31,48;
48,39;
39,48;
48,49;
49,48;
49,28;
28,49;
49,29;
29,49;
49,38;
38,49;
49,40;
40,49;
49,48;
48,49;
49,50;
50,49;
50,27;
27,50;
50,28;
28,50;
50,39;
39,50;
50,49;
49,50;
51,25;
25,51;
51,26;
26,51;
51,37;
37,51;
51,41;
41,51;
51,45;
45,51;
}
label = {
1,1;
2,1;
3,1;
4,1;
5,1;
6,1;
7,1;
8,1;
9,1;
10,1;
11,1;
12,1;
13,1;
14,1;
15,1;
16,1;
17,1;
18,1;
19,1;
20,1;
21,1;
22,1;
23,1;
24,1;
25,1;
26,1;
27,1;
28,1;
29,1;
30,1;
31,1;
32,2;
33,2;
34,2;
35,2;
36,2;
37,2;
38,2;
39,2;
40,2;
41,2;
42,2;
43,2;
44,2;
45,2;
46,2;
47,2;
48,2;
49,2;
50,2;
51,2;
}