edge = {
1,2;
2,1;
1,3;
3,1;
1,16;
16,1;
2,1;
1,2;
2,3;
3,2;
2,15;
15,2;
3,1;
1,3;
3,2;
2,3;
3,4;
4,3;
3,40;
40,3;
4,3;
3,4;
4,5;
5,4;
4,6;
6,4;
4,34;
34,4;
4,39;
39,4;
5,4;
4,5;
5,6;
6,5;
5,20;
20,5;
5,32;
32,5;
6,4;
4,6;
6,5;
5,6;
6,19;
19,6;
6,38;
38,6;
7,8;
8,7;
7,22;
22,7;
7,30;
30,7;
7,31;
31,7;
8,7;
7,8;
8,21;
21,8;
8,36;
36,8;
8,37;
37,8;
9,10;
10,9;
9,24;
24,9;
9,44;
44,9;
10,9;
9,10;
10,11;
11,10;
10,23;
23,10;
10,25;
25,10;
10,43;
43,10;
11,10;
10,11;
11,24;
24,11;
11,42;
42,11;
11,43;
43,11;
12,13;
13,12;
12,27;
27,12;
12,42;
42,12;
13,12;
12,13;
13,14;
14,13;
13,26;
26,13;
13,28;
28,13;
13,41;
41,13;
14,13;
13,14;
14,27;
27,14;
14,28;
28,14;
14,41;
41,14;
15,2;
2,15;
15,16;
16,15;
15,17;
17,15;
16,1;
1,16;
16,15;
15,16;
16,17;
17,16;
17,15;
15,17;
17,16;
16,17;
17,18;
18,17;
17,49;
49,17;
18,17;
17,18;
18,19;
19,18;
18,20;
20,18;
18,50;
50,18;
18,55;
55,18;
19,6;
6,19;
19,18;
18,19;
19,20;
20,19;
19,48;
48,19;
20,5;
5,20;
20,18;
18,20;
20,19;
19,20;
20,47;
47,20;
21,8;
8,21;
21,22;
22,21;
21,53;
53,21;
21,54;
54,21;
22,7;
7,22;
22,21;
21,22;
22,45;
45,22;
22,46;
46,22;
23,10;
10,23;
23,24;
24,23;
23,60;
60,23;
24,9;
9,24;
24,11;
11,24;
24,23;
23,24;
24,25;
25,24;
24,59;
59,24;
25,10;
10,25;
25,24;
24,25;
25,58;
58,25;
25,59;
59,25;
26,13;
13,26;
26,27;
27,26;
26,58;
58,26;
27,12;
12,27;
27,14;
14,27;
27,26;
26,27;
27,28;
28,27;
27,57;
57,27;
28,13;
13,28;
28,14;
14,28;
28,27;
27,28;
28,57;
57,28;
29,36;
36,29;
29,44;
44,29;
29,60;
60,29;
30,7;
7,30;
30,37;
37,30;
31,7;
7,31;
31,38;
38,31;
32,5;
5,32;
32,39;
39,32;
33,35;
35,33;
33,40;
40,33;
33,56;
56,33;
34,4;
4,34;
34,35;
35,34;
34,51;
51,34;
35,33;
33,35;
35,34;
34,35;
35,50;
50,35;
36,8;
8,36;
36,29;
29,36;
36,44;
44,36;
36,60;
60,36;
37,8;
8,37;
37,30;
30,37;
38,6;
6,38;
38,31;
31,38;
39,4;
4,39;
39,32;
32,39;
40,3;
3,40;
40,33;
33,40;
40,49;
49,40;
41,13;
13,41;
41,14;
14,41;
41,42;
42,41;
41,58;
58,41;
42,11;
11,42;
42,12;
12,42;
42,41;
41,42;
42,43;
43,42;
42,57;
57,42;
42,59;
59,42;
43,10;
10,43;
43,11;
11,43;
43,42;
42,43;
43,58;
58,43;
44,9;
9,44;
44,29;
29,44;
44,36;
36,44;
44,60;
60,44;
45,22;
22,45;
45,52;
52,45;
46,22;
22,46;
46,53;
53,46;
47,20;
20,47;
47,54;
54,47;
48,19;
19,48;
48,55;
55,48;
49,17;
17,49;
49,40;
40,49;
49,56;
56,49;
50,18;
18,50;
50,35;
35,50;
50,51;
51,50;
51,34;
34,51;
51,50;
50,51;
51,56;
56,51;
52,45;
45,52;
52,60;
60,52;
53,21;
21,53;
53,46;
46,53;
54,21;
21,54;
54,47;
47,54;
55,18;
18,55;
55,48;
48,55;
56,33;
33,56;
56,49;
49,56;
56,51;
51,56;
57,27;
27,57;
57,28;
28,57;
57,42;
42,57;
57,58;
58,57;
58,25;
25,58;
58,26;
26,58;
58,41;
41,58;
58,43;
43,58;
58,57;
57,58;
58,59;
59,58;
59,24;
24,59;
59,25;
25,59;
59,42;
42,59;
59,58;
58,59;
60,23;
23,60;
60,29;
29,60;
60,36;
36,60;
60,44;
44,60;
60,52;
52,60;
}
label = {
1,1;
2,1;
3,1;
4,1;
5,1;
6,1;
7,1;
8,1;
9,1;
10,1;
11,1;
12,1;
13,1;
14,1;
15,1;
16,1;
17,1;
18,1;
19,1;
20,1;
21,1;
22,1;
23,1;
24,1;
25,1;
26,1;
27,1;
28,1;
29,2;
30,2;
31,2;
32,2;
33,2;
34,2;
35,2;
36,2;
37,2;
38,2;
39,2;
40,2;
41,2;
42,2;
43,2;
44,2;
45,2;
46,2;
47,2;
48,2;
49,2;
50,2;
51,2;
52,2;
53,2;
54,2;
55,2;
56,2;
57,2;
58,2;
59,2;
60,2;
}