edge = {
1,2;
2,1;
1,3;
3,1;
1,17;
17,1;
1,25;
25,1;
1,28;
28,1;
2,1;
1,2;
2,3;
3,2;
2,4;
4,2;
3,1;
1,3;
3,2;
2,3;
3,4;
4,3;
4,2;
2,4;
4,3;
3,4;
4,5;
5,4;
4,17;
17,4;
5,4;
4,5;
5,6;
6,5;
5,7;
7,5;
5,24;
24,5;
5,28;
28,5;
6,5;
5,6;
6,7;
7,6;
6,24;
24,6;
7,5;
5,7;
7,6;
6,7;
7,23;
23,7;
8,9;
9,8;
8,22;
22,8;
8,23;
23,8;
9,8;
8,9;
9,10;
10,9;
9,21;
21,9;
9,22;
22,9;
10,9;
9,10;
10,11;
11,10;
10,21;
21,10;
11,10;
10,11;
11,12;
12,11;
11,13;
13,11;
11,20;
20,11;
11,21;
21,11;
12,11;
11,12;
12,13;
13,12;
12,14;
14,12;
12,20;
20,12;
13,11;
11,13;
13,12;
12,13;
13,14;
14,13;
13,19;
19,13;
13,20;
20,13;
13,27;
27,13;
14,12;
12,14;
14,13;
13,14;
14,15;
15,14;
14,27;
27,14;
15,14;
14,15;
15,16;
16,15;
15,18;
18,15;
15,26;
26,15;
16,15;
15,16;
16,18;
18,16;
16,26;
26,16;
17,1;
1,17;
17,4;
4,17;
17,24;
24,17;
17,25;
25,17;
17,28;
28,17;
18,15;
15,18;
18,16;
16,18;
18,26;
26,18;
19,13;
13,19;
19,20;
20,19;
19,27;
27,19;
20,11;
11,20;
20,12;
12,20;
20,13;
13,20;
20,19;
19,20;
20,27;
27,20;
21,9;
9,21;
21,10;
10,21;
21,11;
11,21;
21,22;
22,21;
22,8;
8,22;
22,9;
9,22;
22,21;
21,22;
23,7;
7,23;
23,8;
8,23;
23,24;
24,23;
24,5;
5,24;
24,6;
6,24;
24,17;
17,24;
24,23;
23,24;
25,1;
1,25;
25,17;
17,25;
25,28;
28,25;
26,15;
15,26;
26,16;
16,26;
26,18;
18,26;
27,13;
13,27;
27,14;
14,27;
27,19;
19,27;
27,20;
20,27;
28,1;
1,28;
28,5;
5,28;
28,17;
17,28;
28,25;
25,28;
}
label = {
1,1;
2,1;
3,1;
4,1;
5,1;
6,1;
7,1;
8,1;
9,1;
10,1;
11,1;
12,1;
13,1;
14,1;
15,1;
16,1;
17,2;
18,2;
19,2;
20,2;
21,2;
22,2;
23,2;
24,2;
25,2;
26,2;
27,2;
28,2;
}