edge = {
1,2;
2,1;
1,3;
3,1;
1,17;
17,1;
2,1;
1,2;
2,3;
3,2;
2,4;
4,2;
3,1;
1,3;
3,2;
2,3;
3,4;
4,3;
4,2;
2,4;
4,3;
3,4;
4,5;
5,4;
4,25;
25,4;
5,4;
4,5;
5,6;
6,5;
5,16;
16,5;
5,24;
24,5;
6,5;
5,6;
6,7;
7,6;
6,23;
23,6;
6,29;
29,6;
6,30;
30,6;
7,6;
6,7;
7,22;
22,7;
7,37;
37,7;
7,38;
38,7;
8,21;
21,8;
8,22;
22,8;
8,31;
31,8;
8,32;
32,8;
9,10;
10,9;
9,11;
11,9;
9,20;
20,9;
9,21;
21,9;
9,33;
33,9;
10,9;
9,10;
10,11;
11,10;
10,12;
12,10;
10,20;
20,10;
11,9;
9,11;
11,10;
10,11;
11,12;
12,11;
11,19;
19,11;
11,20;
20,11;
11,33;
33,11;
11,34;
34,11;
12,10;
10,12;
12,11;
11,12;
12,13;
13,12;
12,19;
19,12;
13,12;
12,13;
13,14;
14,13;
13,18;
18,13;
13,35;
35,13;
14,13;
13,14;
14,18;
18,14;
14,35;
35,14;
15,16;
16,15;
15,26;
26,15;
15,27;
27,15;
16,5;
5,16;
16,15;
15,16;
16,26;
26,16;
16,27;
27,16;
16,29;
29,16;
17,1;
1,17;
17,25;
25,17;
17,26;
26,17;
17,28;
28,17;
17,36;
36,17;
18,13;
13,18;
18,14;
14,18;
18,35;
35,18;
19,11;
11,19;
19,12;
12,19;
19,20;
20,19;
19,34;
34,19;
20,9;
9,20;
20,10;
10,20;
20,11;
11,20;
20,19;
19,20;
20,33;
33,20;
20,34;
34,20;
21,8;
8,21;
21,9;
9,21;
21,22;
22,21;
21,32;
32,21;
22,7;
7,22;
22,8;
8,22;
22,21;
21,22;
22,31;
31,22;
22,32;
32,22;
22,38;
38,22;
23,6;
6,23;
23,30;
30,23;
23,37;
37,23;
23,38;
38,23;
24,5;
5,24;
24,29;
29,24;
25,4;
4,25;
25,17;
17,25;
25,28;
28,25;
25,36;
36,25;
26,15;
15,26;
26,16;
16,26;
26,17;
17,26;
26,27;
27,26;
27,15;
15,27;
27,16;
16,27;
27,26;
26,27;
27,29;
29,27;
28,17;
17,28;
28,25;
25,28;
28,36;
36,28;
29,6;
6,29;
29,16;
16,29;
29,24;
24,29;
29,27;
27,29;
30,6;
6,30;
30,23;
23,30;
30,37;
37,30;
30,38;
38,30;
31,8;
8,31;
31,22;
22,31;
31,38;
38,31;
32,8;
8,32;
32,21;
21,32;
32,22;
22,32;
33,9;
9,33;
33,11;
11,33;
33,20;
20,33;
34,11;
11,34;
34,19;
19,34;
34,20;
20,34;
35,13;
13,35;
35,14;
14,35;
35,18;
18,35;
36,17;
17,36;
36,25;
25,36;
36,28;
28,36;
37,7;
7,37;
37,23;
23,37;
37,30;
30,37;
37,38;
38,37;
38,7;
7,38;
38,22;
22,38;
38,23;
23,38;
38,30;
30,38;
38,31;
31,38;
38,37;
37,38;
}
label = {
1,1;
2,1;
3,1;
4,1;
5,1;
6,1;
7,1;
8,1;
9,1;
10,1;
11,1;
12,1;
13,1;
14,1;
15,2;
16,2;
17,2;
18,2;
19,2;
20,2;
21,2;
22,2;
23,2;
24,2;
25,2;
26,2;
27,2;
28,2;
29,2;
30,2;
31,2;
32,2;
33,2;
34,2;
35,2;
36,2;
37,2;
38,2;
}