edge = {
1,2;
2,1;
1,10;
10,1;
2,1;
1,2;
2,3;
3,2;
2,11;
11,2;
2,12;
12,2;
3,2;
2,3;
3,4;
4,3;
3,12;
12,3;
3,13;
13,3;
4,3;
3,4;
4,5;
5,4;
4,6;
6,4;
4,13;
13,4;
4,16;
16,4;
5,4;
4,5;
5,6;
6,5;
5,7;
7,5;
5,17;
17,5;
6,4;
4,6;
6,5;
5,6;
6,7;
7,6;
6,18;
18,6;
7,5;
5,7;
7,6;
6,7;
7,8;
8,7;
7,14;
14,7;
7,18;
18,7;
8,7;
7,8;
8,9;
9,8;
8,14;
14,8;
8,15;
15,8;
9,8;
8,9;
9,14;
14,9;
9,15;
15,9;
10,1;
1,10;
10,11;
11,10;
10,12;
12,10;
11,2;
2,11;
11,10;
10,11;
11,12;
12,11;
12,2;
2,12;
12,3;
3,12;
12,10;
10,12;
12,11;
11,12;
12,13;
13,12;
13,3;
3,13;
13,4;
4,13;
13,12;
12,13;
13,16;
16,13;
13,17;
17,13;
14,7;
7,14;
14,8;
8,14;
14,9;
9,14;
14,15;
15,14;
14,18;
18,14;
15,8;
8,15;
15,9;
9,15;
15,14;
14,15;
15,18;
18,15;
16,4;
4,16;
16,13;
13,16;
16,17;
17,16;
16,18;
18,16;
17,5;
5,17;
17,13;
13,17;
17,16;
16,17;
17,18;
18,17;
18,6;
6,18;
18,7;
7,18;
18,14;
14,18;
18,15;
15,18;
18,16;
16,18;
18,17;
17,18;
}
label = {
1,1;
2,1;
3,1;
4,1;
5,1;
6,1;
7,1;
8,1;
9,1;
10,2;
11,2;
12,2;
13,2;
14,2;
15,2;
16,2;
17,2;
18,2;
}