edge = {
1,2;
2,1;
1,3;
3,1;
1,16;
16,1;
2,1;
1,2;
2,3;
3,2;
2,4;
4,2;
2,32;
32,2;
3,1;
1,3;
3,2;
2,3;
3,4;
4,3;
3,33;
33,3;
4,2;
2,4;
4,3;
3,4;
4,5;
5,4;
4,33;
33,4;
4,34;
34,4;
5,4;
4,5;
5,6;
6,5;
5,7;
7,5;
5,34;
34,5;
5,35;
35,5;
6,5;
5,6;
6,7;
7,6;
6,8;
8,6;
6,22;
22,6;
6,35;
35,6;
7,5;
5,7;
7,6;
6,7;
7,8;
8,7;
7,36;
36,7;
8,6;
6,8;
8,7;
7,8;
8,9;
9,8;
8,36;
36,8;
8,37;
37,8;
9,8;
8,9;
9,10;
10,9;
9,11;
11,9;
9,30;
30,9;
9,37;
37,9;
10,9;
9,10;
10,11;
11,10;
10,12;
12,10;
10,30;
30,10;
11,9;
9,11;
11,10;
10,11;
11,12;
12,11;
12,10;
10,12;
12,11;
11,12;
12,13;
13,12;
13,12;
12,13;
13,14;
14,13;
13,29;
29,13;
14,13;
13,14;
14,28;
28,14;
14,29;
29,14;
15,16;
16,15;
15,17;
17,15;
15,18;
18,15;
15,39;
39,15;
15,40;
40,15;
16,1;
1,16;
16,15;
15,16;
16,17;
17,16;
16,18;
18,16;
16,40;
40,16;
17,15;
15,17;
17,16;
16,17;
17,18;
18,17;
17,19;
19,17;
18,15;
15,18;
18,16;
16,18;
18,17;
17,18;
18,19;
19,18;
18,41;
41,18;
19,17;
17,19;
19,18;
18,19;
19,20;
20,19;
19,41;
41,19;
19,42;
42,19;
20,19;
19,20;
20,21;
21,20;
20,22;
22,20;
20,42;
42,20;
20,43;
43,20;
21,20;
20,21;
21,22;
22,21;
21,23;
23,21;
21,43;
43,21;
22,6;
6,22;
22,20;
20,22;
22,21;
21,22;
22,23;
23,22;
22,44;
44,22;
23,21;
21,23;
23,22;
22,23;
23,24;
24,23;
23,44;
44,23;
23,45;
45,23;
24,23;
23,24;
24,25;
25,24;
24,26;
26,24;
24,38;
38,24;
24,45;
45,24;
25,24;
24,25;
25,26;
26,25;
25,27;
27,25;
25,38;
38,25;
26,24;
24,26;
26,25;
25,26;
26,27;
27,26;
27,25;
25,27;
27,26;
26,27;
27,28;
28,27;
28,14;
14,28;
28,27;
27,28;
28,29;
29,28;
29,13;
13,29;
29,14;
14,29;
29,28;
28,29;
30,9;
9,30;
30,10;
10,30;
30,37;
37,30;
30,45;
45,30;
31,32;
32,31;
31,40;
40,31;
32,2;
2,32;
32,31;
31,32;
32,33;
33,32;
32,39;
39,32;
33,3;
3,33;
33,4;
4,33;
33,32;
32,33;
33,34;
34,33;
33,40;
40,33;
33,42;
42,33;
34,4;
4,34;
34,5;
5,34;
34,33;
33,34;
34,41;
41,34;
35,5;
5,35;
35,6;
6,35;
35,36;
36,35;
35,44;
44,35;
36,7;
7,36;
36,8;
8,36;
36,35;
35,36;
36,37;
37,36;
36,43;
43,36;
36,45;
45,36;
37,8;
8,37;
37,9;
9,37;
37,30;
30,37;
37,36;
36,37;
37,38;
38,37;
37,44;
44,37;
37,45;
45,37;
38,24;
24,38;
38,25;
25,38;
38,37;
37,38;
38,45;
45,38;
39,15;
15,39;
39,32;
32,39;
39,40;
40,39;
40,15;
15,40;
40,16;
16,40;
40,31;
31,40;
40,33;
33,40;
40,39;
39,40;
41,18;
18,41;
41,19;
19,41;
41,34;
34,41;
41,42;
42,41;
42,19;
19,42;
42,20;
20,42;
42,33;
33,42;
42,41;
41,42;
43,20;
20,43;
43,21;
21,43;
43,36;
36,43;
43,44;
44,43;
44,22;
22,44;
44,23;
23,44;
44,35;
35,44;
44,37;
37,44;
44,43;
43,44;
44,45;
45,44;
45,23;
23,45;
45,24;
24,45;
45,30;
30,45;
45,36;
36,45;
45,37;
37,45;
45,38;
38,45;
45,44;
44,45;
}
label = {
1,1;
2,1;
3,1;
4,1;
5,1;
6,1;
7,1;
8,1;
9,1;
10,1;
11,1;
12,1;
13,1;
14,1;
15,1;
16,1;
17,1;
18,1;
19,1;
20,1;
21,1;
22,1;
23,1;
24,1;
25,1;
26,1;
27,1;
28,1;
29,1;
30,2;
31,2;
32,2;
33,2;
34,2;
35,2;
36,2;
37,2;
38,2;
39,2;
40,2;
41,2;
42,2;
43,2;
44,2;
45,2;
}