edge = {
1,18;
18,1;
1,19;
19,1;
1,27;
27,1;
2,3;
3,2;
2,16;
16,2;
2,18;
18,2;
2,24;
24,2;
2,26;
26,2;
3,2;
2,3;
3,16;
16,3;
3,24;
24,3;
4,5;
5,4;
4,13;
13,4;
4,29;
29,4;
5,4;
4,5;
5,14;
14,5;
5,30;
30,5;
5,31;
31,5;
6,7;
7,6;
6,15;
15,6;
6,23;
23,6;
6,25;
25,6;
7,6;
6,7;
7,8;
8,7;
7,17;
17,7;
7,20;
20,7;
8,7;
7,8;
8,9;
9,8;
8,17;
17,8;
8,20;
20,8;
8,25;
25,8;
9,8;
8,9;
9,10;
10,9;
9,11;
11,9;
9,12;
12,9;
9,32;
32,9;
10,9;
9,10;
10,11;
11,10;
10,12;
12,10;
10,32;
32,10;
11,9;
9,11;
11,10;
10,11;
11,12;
12,11;
11,32;
32,11;
12,9;
9,12;
12,10;
10,12;
12,11;
11,12;
12,32;
32,12;
12,33;
33,12;
13,4;
4,13;
13,21;
21,13;
13,30;
30,13;
13,31;
31,13;
14,5;
5,14;
14,15;
15,14;
14,22;
22,14;
14,23;
23,14;
14,31;
31,14;
15,6;
6,15;
15,14;
14,15;
15,22;
22,15;
15,23;
23,15;
16,2;
2,16;
16,3;
3,16;
16,24;
24,16;
16,28;
28,16;
16,29;
29,16;
17,7;
7,17;
17,8;
8,17;
17,20;
20,17;
17,25;
25,17;
18,1;
1,18;
18,2;
2,18;
18,19;
19,18;
18,26;
26,18;
18,27;
27,18;
19,1;
1,19;
19,18;
18,19;
19,27;
27,19;
20,7;
7,20;
20,8;
8,20;
20,17;
17,20;
20,25;
25,20;
21,13;
13,21;
21,30;
30,21;
21,31;
31,21;
22,14;
14,22;
22,15;
15,22;
22,23;
23,22;
23,6;
6,23;
23,14;
14,23;
23,15;
15,23;
23,22;
22,23;
24,2;
2,24;
24,3;
3,24;
24,16;
16,24;
24,28;
28,24;
24,29;
29,24;
25,6;
6,25;
25,8;
8,25;
25,17;
17,25;
25,20;
20,25;
26,2;
2,26;
26,18;
18,26;
26,27;
27,26;
27,1;
1,27;
27,18;
18,27;
27,19;
19,27;
27,26;
26,27;
28,16;
16,28;
28,24;
24,28;
28,29;
29,28;
29,4;
4,29;
29,16;
16,29;
29,24;
24,29;
29,28;
28,29;
30,5;
5,30;
30,13;
13,30;
30,21;
21,30;
30,31;
31,30;
31,5;
5,31;
31,13;
13,31;
31,14;
14,31;
31,21;
21,31;
31,30;
30,31;
32,9;
9,32;
32,10;
10,32;
32,11;
11,32;
32,12;
12,32;
32,33;
33,32;
32,34;
34,32;
32,35;
35,32;
33,12;
12,33;
33,32;
32,33;
33,34;
34,33;
33,35;
35,33;
34,32;
32,34;
34,33;
33,34;
34,35;
35,34;
35,32;
32,35;
35,33;
33,35;
35,34;
34,35;
}
label = {
1,1;
2,1;
3,1;
4,1;
5,1;
6,1;
7,1;
8,1;
9,1;
10,1;
11,1;
12,1;
13,2;
14,2;
15,2;
16,2;
17,2;
18,2;
19,2;
20,2;
21,2;
22,2;
23,2;
24,2;
25,2;
26,2;
27,2;
28,2;
29,2;
30,2;
31,2;
32,2;
33,2;
34,2;
35,2;
}