edge = {
1,2;
2,1;
1,9;
9,1;
1,11;
11,1;
2,1;
1,2;
2,9;
9,2;
2,11;
11,2;
3,4;
4,3;
3,5;
5,3;
3,15;
15,3;
3,17;
17,3;
4,3;
3,4;
4,5;
5,4;
4,6;
6,4;
4,17;
17,4;
5,3;
3,5;
5,4;
4,5;
5,6;
6,5;
5,16;
16,5;
5,22;
22,5;
6,4;
4,6;
6,5;
5,6;
6,7;
7,6;
6,22;
22,6;
6,24;
24,6;
7,6;
6,7;
7,8;
8,7;
7,19;
19,7;
7,23;
23,7;
8,7;
7,8;
8,14;
14,8;
8,20;
20,8;
9,1;
1,9;
9,2;
2,9;
9,10;
10,9;
9,11;
11,9;
10,9;
9,10;
10,11;
11,10;
10,12;
12,10;
10,13;
13,10;
10,15;
15,10;
11,1;
1,11;
11,2;
2,11;
11,9;
9,11;
11,10;
10,11;
11,12;
12,11;
11,13;
13,11;
12,10;
10,12;
12,11;
11,12;
12,13;
13,12;
12,15;
15,12;
13,10;
10,13;
13,11;
11,13;
13,12;
12,13;
13,15;
15,13;
14,8;
8,14;
14,19;
19,14;
14,20;
20,14;
14,21;
21,14;
15,3;
3,15;
15,10;
10,15;
15,12;
12,15;
15,13;
13,15;
16,5;
5,16;
16,17;
17,16;
16,18;
18,16;
16,22;
22,16;
17,3;
3,17;
17,4;
4,17;
17,16;
16,17;
17,18;
18,17;
17,22;
22,17;
18,16;
16,18;
18,17;
17,18;
18,22;
22,18;
19,7;
7,19;
19,14;
14,19;
19,20;
20,19;
19,21;
21,19;
19,23;
23,19;
19,24;
24,19;
20,8;
8,20;
20,14;
14,20;
20,19;
19,20;
20,21;
21,20;
21,14;
14,21;
21,19;
19,21;
21,20;
20,21;
21,23;
23,21;
21,24;
24,21;
22,5;
5,22;
22,6;
6,22;
22,16;
16,22;
22,17;
17,22;
22,18;
18,22;
23,7;
7,23;
23,19;
19,23;
23,21;
21,23;
23,24;
24,23;
24,6;
6,24;
24,19;
19,24;
24,21;
21,24;
24,23;
23,24;
}
label = {
1,1;
2,1;
3,1;
4,1;
5,1;
6,1;
7,1;
8,1;
9,2;
10,2;
11,2;
12,2;
13,2;
14,2;
15,2;
16,2;
17,2;
18,2;
19,2;
20,2;
21,2;
22,2;
23,2;
24,2;
}