edge = {
1,2;
2,1;
1,3;
3,1;
1,8;
8,1;
1,16;
16,1;
2,1;
1,2;
2,3;
3,2;
2,9;
9,2;
2,16;
16,2;
2,17;
17,2;
3,1;
1,3;
3,2;
2,3;
3,9;
9,3;
3,11;
11,3;
4,5;
5,4;
4,12;
12,4;
4,13;
13,4;
5,4;
4,5;
5,6;
6,5;
5,10;
10,5;
5,18;
18,5;
6,5;
5,6;
6,10;
10,6;
6,19;
19,6;
7,8;
8,7;
7,15;
15,7;
7,16;
16,7;
8,1;
1,8;
8,7;
7,8;
8,15;
15,8;
8,16;
16,8;
9,2;
2,9;
9,3;
3,9;
9,11;
11,9;
9,14;
14,9;
9,17;
17,9;
10,5;
5,10;
10,6;
6,10;
10,18;
18,10;
10,19;
19,10;
11,3;
3,11;
11,9;
9,11;
11,14;
14,11;
11,17;
17,11;
11,20;
20,11;
12,4;
4,12;
12,13;
13,12;
12,20;
20,12;
12,21;
21,12;
13,4;
4,13;
13,12;
12,13;
13,20;
20,13;
13,21;
21,13;
14,9;
9,14;
14,11;
11,14;
14,17;
17,14;
14,20;
20,14;
14,21;
21,14;
15,7;
7,15;
15,8;
8,15;
15,16;
16,15;
16,1;
1,16;
16,2;
2,16;
16,7;
7,16;
16,8;
8,16;
16,15;
15,16;
17,2;
2,17;
17,9;
9,17;
17,11;
11,17;
17,14;
14,17;
18,5;
5,18;
18,10;
10,18;
18,19;
19,18;
19,6;
6,19;
19,10;
10,19;
19,18;
18,19;
20,11;
11,20;
20,12;
12,20;
20,13;
13,20;
20,14;
14,20;
20,21;
21,20;
21,12;
12,21;
21,13;
13,21;
21,14;
14,21;
21,20;
20,21;
}
label = {
1,1;
2,1;
3,1;
4,1;
5,1;
6,1;
7,2;
8,2;
9,2;
10,2;
11,2;
12,2;
13,2;
14,2;
15,2;
16,2;
17,2;
18,2;
19,2;
20,2;
21,2;
}