edge = {
1,2;
2,1;
1,10;
10,1;
1,20;
20,1;
2,1;
1,2;
2,11;
11,2;
2,17;
17,2;
2,19;
19,2;
3,4;
4,3;
3,14;
14,3;
3,22;
22,3;
3,23;
23,3;
4,3;
3,4;
4,5;
5,4;
4,15;
15,4;
4,25;
25,4;
5,4;
4,5;
5,6;
6,5;
5,12;
12,5;
5,16;
16,5;
5,18;
18,5;
6,5;
5,6;
6,7;
7,6;
6,12;
12,6;
6,13;
13,6;
6,18;
18,6;
7,6;
6,7;
7,8;
8,7;
7,9;
9,7;
7,21;
21,7;
8,7;
7,8;
8,9;
9,8;
8,21;
21,8;
8,30;
30,8;
9,7;
7,9;
9,8;
8,9;
9,26;
26,9;
9,30;
30,9;
10,1;
1,10;
10,11;
11,10;
10,19;
19,10;
10,20;
20,10;
11,2;
2,11;
11,10;
10,11;
11,19;
19,11;
11,20;
20,11;
11,22;
22,11;
12,5;
5,12;
12,6;
6,12;
12,13;
13,12;
12,16;
16,12;
12,18;
18,12;
13,6;
6,13;
13,12;
12,13;
13,18;
18,13;
13,21;
21,13;
14,3;
3,14;
14,23;
23,14;
14,24;
24,14;
14,25;
25,14;
15,4;
4,15;
15,16;
16,15;
15,24;
24,15;
15,25;
25,15;
16,5;
5,16;
16,12;
12,16;
16,15;
15,16;
16,18;
18,16;
17,2;
2,17;
17,19;
19,17;
17,22;
22,17;
17,23;
23,17;
18,5;
5,18;
18,6;
6,18;
18,12;
12,18;
18,13;
13,18;
18,16;
16,18;
19,2;
2,19;
19,10;
10,19;
19,11;
11,19;
19,17;
17,19;
20,1;
1,20;
20,10;
10,20;
20,11;
11,20;
21,7;
7,21;
21,8;
8,21;
21,13;
13,21;
21,30;
30,21;
22,3;
3,22;
22,11;
11,22;
22,17;
17,22;
22,23;
23,22;
23,3;
3,23;
23,14;
14,23;
23,17;
17,23;
23,22;
22,23;
24,14;
14,24;
24,15;
15,24;
24,25;
25,24;
25,4;
4,25;
25,14;
14,25;
25,15;
15,25;
25,24;
24,25;
26,9;
9,26;
26,29;
29,26;
26,30;
30,26;
26,31;
31,26;
27,28;
28,27;
27,29;
29,27;
27,31;
31,27;
28,27;
27,28;
28,29;
29,28;
28,31;
31,28;
29,26;
26,29;
29,27;
27,29;
29,28;
28,29;
29,31;
31,29;
30,8;
8,30;
30,9;
9,30;
30,21;
21,30;
30,26;
26,30;
31,26;
26,31;
31,27;
27,31;
31,28;
28,31;
31,29;
29,31;
}
label = {
1,1;
2,1;
3,1;
4,1;
5,1;
6,1;
7,1;
8,1;
9,1;
10,2;
11,2;
12,2;
13,2;
14,2;
15,2;
16,2;
17,2;
18,2;
19,2;
20,2;
21,2;
22,2;
23,2;
24,2;
25,2;
26,2;
27,2;
28,2;
29,2;
30,2;
31,2;
}