edge = {
1,11;
11,1;
1,15;
15,1;
1,16;
16,1;
2,3;
3,2;
2,6;
6,2;
2,8;
8,2;
2,14;
14,2;
3,2;
2,3;
3,4;
4,3;
3,7;
7,3;
4,3;
3,4;
4,5;
5,4;
4,10;
10,4;
5,4;
4,5;
5,9;
9,5;
5,10;
10,5;
6,2;
2,6;
6,7;
7,6;
6,15;
15,6;
7,3;
3,7;
7,6;
6,7;
7,8;
8,7;
7,18;
18,7;
8,2;
2,8;
8,7;
7,8;
8,9;
9,8;
9,5;
5,9;
9,8;
8,9;
9,10;
10,9;
10,4;
4,10;
10,5;
5,10;
10,9;
9,10;
11,1;
1,11;
11,12;
12,11;
11,15;
15,11;
11,16;
16,11;
12,11;
11,12;
12,13;
13,12;
12,15;
15,12;
12,17;
17,12;
13,12;
12,13;
13,14;
14,13;
13,18;
18,13;
14,2;
2,14;
14,13;
13,14;
14,17;
17,14;
14,18;
18,14;
15,1;
1,15;
15,6;
6,15;
15,11;
11,15;
15,12;
12,15;
15,16;
16,15;
16,1;
1,16;
16,11;
11,16;
16,15;
15,16;
16,17;
17,16;
17,12;
12,17;
17,14;
14,17;
17,16;
16,17;
17,18;
18,17;
18,7;
7,18;
18,13;
13,18;
18,14;
14,18;
18,17;
17,18;
}
label = {
1,1;
2,1;
3,1;
4,1;
5,1;
6,1;
7,1;
8,1;
9,1;
10,1;
11,2;
12,2;
13,2;
14,2;
15,2;
16,2;
17,2;
18,2;
}