edge = {
1,2;
2,1;
1,3;
3,1;
1,12;
12,1;
2,1;
1,2;
2,3;
3,2;
2,4;
4,2;
2,16;
16,2;
3,1;
1,3;
3,2;
2,3;
3,4;
4,3;
3,18;
18,3;
4,2;
2,4;
4,3;
3,4;
4,21;
21,4;
4,22;
22,4;
4,23;
23,4;
5,6;
6,5;
5,7;
7,5;
5,17;
17,5;
5,19;
19,5;
6,5;
5,6;
6,7;
7,6;
6,8;
8,6;
6,9;
9,6;
6,17;
17,6;
7,5;
5,7;
7,6;
6,7;
7,8;
8,7;
7,9;
9,7;
8,6;
6,8;
8,7;
7,8;
8,9;
9,8;
8,10;
10,8;
8,11;
11,8;
9,6;
6,9;
9,7;
7,9;
9,8;
8,9;
9,10;
10,9;
9,11;
11,9;
10,8;
8,10;
10,9;
9,10;
10,11;
11,10;
10,24;
24,10;
11,8;
8,11;
11,9;
9,11;
11,10;
10,11;
11,24;
24,11;
11,25;
25,11;
12,1;
1,12;
12,13;
13,12;
12,14;
14,12;
12,15;
15,12;
13,12;
12,13;
13,14;
14,13;
13,15;
15,13;
13,16;
16,13;
13,18;
18,13;
13,22;
22,13;
14,12;
12,14;
14,13;
13,14;
14,15;
15,14;
14,16;
16,14;
15,12;
12,15;
15,13;
13,15;
15,14;
14,15;
16,2;
2,16;
16,13;
13,16;
16,14;
14,16;
16,18;
18,16;
17,5;
5,17;
17,6;
6,17;
17,19;
19,17;
17,20;
20,17;
18,3;
3,18;
18,13;
13,18;
18,16;
16,18;
18,22;
22,18;
18,23;
23,18;
19,5;
5,19;
19,17;
17,19;
19,20;
20,19;
20,17;
17,20;
20,19;
19,20;
20,21;
21,20;
21,4;
4,21;
21,20;
20,21;
21,22;
22,21;
21,23;
23,21;
22,4;
4,22;
22,13;
13,22;
22,18;
18,22;
22,21;
21,22;
22,23;
23,22;
23,4;
4,23;
23,18;
18,23;
23,21;
21,23;
23,22;
22,23;
24,10;
10,24;
24,11;
11,24;
24,25;
25,24;
24,26;
26,24;
24,27;
27,24;
25,11;
11,25;
25,24;
24,25;
25,26;
26,25;
25,27;
27,25;
26,24;
24,26;
26,25;
25,26;
26,27;
27,26;
27,24;
24,27;
27,25;
25,27;
27,26;
26,27;
}
label = {
1,1;
2,1;
3,1;
4,1;
5,1;
6,1;
7,1;
8,1;
9,1;
10,1;
11,1;
12,2;
13,2;
14,2;
15,2;
16,2;
17,2;
18,2;
19,2;
20,2;
21,2;
22,2;
23,2;
24,2;
25,2;
26,2;
27,2;
}