edge = {
1,2;
2,1;
1,18;
18,1;
1,35;
35,1;
2,1;
1,2;
2,18;
18,2;
2,21;
21,2;
3,4;
4,3;
3,5;
5,3;
3,11;
11,3;
3,33;
33,3;
4,3;
3,4;
4,5;
5,4;
4,11;
11,4;
4,24;
24,4;
5,3;
3,5;
5,4;
4,5;
5,13;
13,5;
5,15;
15,5;
5,25;
25,5;
5,30;
30,5;
6,14;
14,6;
6,28;
28,6;
6,30;
30,6;
6,47;
47,6;
7,26;
26,7;
7,29;
29,7;
7,46;
46,7;
8,17;
17,8;
8,34;
34,8;
8,51;
51,8;
9,10;
10,9;
9,18;
18,9;
9,35;
35,9;
10,9;
9,10;
10,18;
18,10;
10,21;
21,10;
10,35;
35,10;
10,38;
38,10;
11,3;
3,11;
11,4;
4,11;
11,12;
12,11;
11,24;
24,11;
11,41;
41,11;
11,50;
50,11;
12,11;
11,12;
12,24;
24,12;
12,41;
41,12;
13,5;
5,13;
13,14;
14,13;
13,25;
25,13;
13,32;
32,13;
13,42;
42,13;
13,49;
49,13;
14,6;
6,14;
14,13;
13,14;
14,15;
15,14;
14,30;
30,14;
14,47;
47,14;
15,5;
5,15;
15,14;
14,15;
15,45;
45,15;
15,47;
47,15;
16,29;
29,16;
16,46;
46,16;
16,48;
48,16;
17,8;
8,17;
17,51;
51,17;
18,1;
1,18;
18,2;
2,18;
18,9;
9,18;
18,10;
10,18;
19,20;
20,19;
19,22;
22,19;
19,39;
39,19;
20,19;
19,20;
20,21;
21,20;
20,38;
38,20;
21,2;
2,21;
21,10;
10,21;
21,20;
20,21;
21,37;
37,21;
22,19;
19,22;
22,23;
23,22;
22,36;
36,22;
22,40;
40,22;
23,22;
22,23;
23,33;
33,23;
23,39;
39,23;
23,50;
50,23;
24,4;
4,24;
24,11;
11,24;
24,12;
12,24;
24,25;
25,24;
24,32;
32,24;
25,5;
5,25;
25,13;
13,25;
25,24;
24,25;
25,32;
32,25;
25,41;
41,25;
25,49;
49,25;
26,7;
7,26;
26,27;
27,26;
26,31;
31,26;
26,44;
44,26;
26,48;
48,26;
27,26;
26,27;
27,31;
31,27;
27,34;
34,27;
27,51;
51,27;
28,6;
6,28;
28,29;
29,28;
28,46;
46,28;
29,7;
7,29;
29,16;
16,29;
29,28;
28,29;
29,45;
45,29;
30,5;
5,30;
30,6;
6,30;
30,14;
14,30;
31,26;
26,31;
31,27;
27,31;
31,43;
43,31;
31,44;
44,31;
32,13;
13,32;
32,24;
24,32;
32,25;
25,32;
32,41;
41,32;
32,42;
42,32;
33,3;
3,33;
33,23;
23,33;
33,40;
40,33;
34,8;
8,34;
34,27;
27,34;
34,44;
44,34;
34,51;
51,34;
35,1;
1,35;
35,9;
9,35;
35,10;
10,35;
36,22;
22,36;
36,37;
37,36;
36,39;
39,36;
37,21;
21,37;
37,36;
36,37;
37,38;
38,37;
38,10;
10,38;
38,20;
20,38;
38,37;
37,38;
39,19;
19,39;
39,23;
23,39;
39,36;
36,39;
39,40;
40,39;
40,22;
22,40;
40,33;
33,40;
40,39;
39,40;
40,50;
50,40;
41,11;
11,41;
41,12;
12,41;
41,25;
25,41;
41,32;
32,41;
41,42;
42,41;
42,13;
13,42;
42,32;
32,42;
42,41;
41,42;
42,49;
49,42;
43,31;
31,43;
43,44;
44,43;
43,48;
48,43;
44,26;
26,44;
44,31;
31,44;
44,34;
34,44;
44,43;
43,44;
44,51;
51,44;
45,15;
15,45;
45,29;
29,45;
45,46;
46,45;
46,7;
7,46;
46,16;
16,46;
46,28;
28,46;
46,45;
45,46;
47,6;
6,47;
47,14;
14,47;
47,15;
15,47;
48,16;
16,48;
48,26;
26,48;
48,43;
43,48;
49,13;
13,49;
49,25;
25,49;
49,42;
42,49;
50,11;
11,50;
50,23;
23,50;
50,40;
40,50;
51,8;
8,51;
51,17;
17,51;
51,27;
27,51;
51,34;
34,51;
51,44;
44,51;
}
label = {
1,1;
2,1;
3,1;
4,1;
5,1;
6,1;
7,1;
8,1;
9,1;
10,1;
11,1;
12,1;
13,1;
14,1;
15,1;
16,1;
17,1;
18,2;
19,2;
20,2;
21,2;
22,2;
23,2;
24,2;
25,2;
26,2;
27,2;
28,2;
29,2;
30,2;
31,2;
32,2;
33,2;
34,2;
35,2;
36,2;
37,2;
38,2;
39,2;
40,2;
41,2;
42,2;
43,2;
44,2;
45,2;
46,2;
47,2;
48,2;
49,2;
50,2;
51,2;
}