edge = {
1,2;
2,1;
1,12;
12,1;
1,13;
13,1;
2,1;
1,2;
2,3;
3,2;
2,12;
12,2;
2,13;
13,2;
2,14;
14,2;
3,2;
2,3;
3,4;
4,3;
3,5;
5,3;
4,3;
3,4;
4,5;
5,4;
4,13;
13,4;
5,3;
3,5;
5,4;
4,5;
5,15;
15,5;
5,22;
22,5;
6,7;
7,6;
6,8;
8,6;
6,9;
9,6;
6,17;
17,6;
6,30;
30,6;
7,6;
6,7;
7,8;
8,7;
7,9;
9,7;
7,17;
17,7;
8,6;
6,8;
8,7;
7,8;
8,9;
9,8;
8,17;
17,8;
8,18;
18,8;
9,6;
6,9;
9,7;
7,9;
9,8;
8,9;
9,18;
18,9;
9,25;
25,9;
10,11;
11,10;
10,20;
20,10;
10,21;
21,10;
10,23;
23,10;
11,10;
10,11;
11,20;
20,11;
11,21;
21,11;
12,1;
1,12;
12,2;
2,12;
12,13;
13,12;
13,1;
1,13;
13,2;
2,13;
13,4;
4,13;
13,12;
12,13;
13,14;
14,13;
13,15;
15,13;
14,2;
2,14;
14,13;
13,14;
14,15;
15,14;
15,5;
5,15;
15,13;
13,15;
15,14;
14,15;
15,16;
16,15;
16,15;
15,16;
16,17;
17,16;
16,22;
22,16;
16,24;
24,16;
16,30;
30,16;
17,6;
6,17;
17,7;
7,17;
17,8;
8,17;
17,16;
16,17;
17,29;
29,17;
18,8;
8,18;
18,9;
9,18;
18,19;
19,18;
18,28;
28,18;
18,35;
35,18;
19,18;
18,19;
19,20;
20,19;
19,21;
21,19;
19,33;
33,19;
19,34;
34,19;
20,10;
10,20;
20,11;
11,20;
20,19;
19,20;
20,21;
21,20;
20,27;
27,20;
21,10;
10,21;
21,11;
11,21;
21,19;
19,21;
21,20;
20,21;
21,32;
32,21;
22,5;
5,22;
22,16;
16,22;
22,24;
24,22;
22,30;
30,22;
23,10;
10,23;
23,25;
25,23;
23,28;
28,23;
23,31;
31,23;
23,34;
34,23;
24,16;
16,24;
24,22;
22,24;
24,30;
30,24;
25,9;
9,25;
25,23;
23,25;
25,28;
28,25;
25,29;
29,25;
25,31;
31,25;
25,34;
34,25;
25,35;
35,25;
26,27;
27,26;
26,32;
32,26;
26,33;
33,26;
26,36;
36,26;
27,20;
20,27;
27,26;
26,27;
27,32;
32,27;
27,33;
33,27;
27,36;
36,27;
28,18;
18,28;
28,23;
23,28;
28,25;
25,28;
28,31;
31,28;
28,34;
34,28;
29,17;
17,29;
29,25;
25,29;
29,31;
31,29;
29,35;
35,29;
30,6;
6,30;
30,16;
16,30;
30,22;
22,30;
30,24;
24,30;
31,23;
23,31;
31,25;
25,31;
31,28;
28,31;
31,29;
29,31;
31,35;
35,31;
32,21;
21,32;
32,26;
26,32;
32,27;
27,32;
32,33;
33,32;
32,36;
36,32;
33,19;
19,33;
33,26;
26,33;
33,27;
27,33;
33,32;
32,33;
34,19;
19,34;
34,23;
23,34;
34,25;
25,34;
34,28;
28,34;
35,18;
18,35;
35,25;
25,35;
35,29;
29,35;
35,31;
31,35;
36,26;
26,36;
36,27;
27,36;
36,32;
32,36;
}
label = {
1,1;
2,1;
3,1;
4,1;
5,1;
6,1;
7,1;
8,1;
9,1;
10,1;
11,1;
12,1;
13,1;
14,1;
15,1;
16,1;
17,1;
18,1;
19,1;
20,1;
21,1;
22,2;
23,2;
24,2;
25,2;
26,2;
27,2;
28,2;
29,2;
30,2;
31,2;
32,2;
33,2;
34,2;
35,2;
36,2;
}