edge = {
1,2;
2,1;
2,1;
1,2;
2,3;
3,2;
2,5;
5,2;
2,14;
14,2;
2,20;
20,2;
3,2;
2,3;
3,4;
4,3;
3,6;
6,3;
3,13;
13,3;
3,14;
14,3;
4,3;
3,4;
4,13;
13,4;
4,18;
18,4;
4,19;
19,4;
5,2;
2,5;
5,6;
6,5;
6,3;
3,6;
6,5;
5,6;
6,14;
14,6;
6,20;
20,6;
6,32;
32,6;
7,10;
10,7;
7,12;
12,7;
7,25;
25,7;
7,26;
26,7;
8,11;
11,8;
8,12;
12,8;
8,13;
13,8;
8,30;
30,8;
8,31;
31,8;
9,10;
10,9;
10,7;
7,10;
10,9;
9,10;
10,11;
11,10;
10,38;
38,10;
11,8;
8,11;
11,10;
10,11;
11,12;
12,11;
11,42;
42,11;
11,43;
43,11;
12,7;
7,12;
12,8;
8,12;
12,11;
11,12;
12,37;
37,12;
12,41;
41,12;
13,3;
3,13;
13,4;
4,13;
13,8;
8,13;
13,19;
19,13;
14,2;
2,14;
14,3;
3,14;
14,6;
6,14;
14,20;
20,14;
14,38;
38,14;
14,43;
43,14;
15,21;
21,15;
16,21;
21,16;
16,22;
22,16;
17,22;
22,17;
17,23;
23,17;
17,35;
35,17;
17,45;
45,17;
18,4;
4,18;
18,24;
24,18;
18,46;
46,18;
19,4;
4,19;
19,13;
13,19;
20,2;
2,20;
20,6;
6,20;
20,14;
14,20;
20,38;
38,20;
20,43;
43,20;
21,15;
15,21;
21,16;
16,21;
22,16;
16,22;
22,17;
17,22;
23,17;
17,23;
23,24;
24,23;
23,29;
29,23;
23,40;
40,23;
24,18;
18,24;
24,23;
23,24;
24,46;
46,24;
25,7;
7,25;
25,31;
31,25;
26,7;
7,26;
26,32;
32,26;
26,38;
38,26;
26,43;
43,26;
27,33;
33,27;
28,34;
34,28;
28,35;
35,28;
29,23;
23,29;
29,35;
35,29;
29,36;
36,29;
29,45;
45,29;
30,8;
8,30;
30,36;
36,30;
31,8;
8,31;
31,25;
25,31;
32,6;
6,32;
32,26;
26,32;
33,27;
27,33;
33,34;
34,33;
34,28;
28,34;
34,33;
33,34;
35,17;
17,35;
35,28;
28,35;
35,29;
29,35;
36,29;
29,36;
36,30;
30,36;
36,46;
46,36;
37,12;
12,37;
37,42;
42,37;
38,10;
10,38;
38,14;
14,38;
38,20;
20,38;
38,26;
26,38;
38,43;
43,38;
39,40;
40,39;
39,44;
44,39;
40,23;
23,40;
40,39;
39,40;
40,45;
45,40;
41,12;
12,41;
41,46;
46,41;
42,11;
11,42;
42,37;
37,42;
43,11;
11,43;
43,14;
14,43;
43,20;
20,43;
43,26;
26,43;
43,38;
38,43;
44,39;
39,44;
45,17;
17,45;
45,29;
29,45;
45,40;
40,45;
45,46;
46,45;
46,18;
18,46;
46,24;
24,46;
46,36;
36,46;
46,41;
41,46;
46,45;
45,46;
}
label = {
1,1;
2,1;
3,1;
4,1;
5,1;
6,1;
7,1;
8,1;
9,1;
10,1;
11,1;
12,1;
13,2;
14,2;
15,2;
16,2;
17,2;
18,2;
19,2;
20,2;
21,2;
22,2;
23,2;
24,2;
25,2;
26,2;
27,2;
28,2;
29,2;
30,2;
31,2;
32,2;
33,2;
34,2;
35,2;
36,2;
37,2;
38,2;
39,2;
40,2;
41,2;
42,2;
43,2;
44,2;
45,2;
46,2;
}