edge = {
1,2;
2,1;
1,14;
14,1;
2,1;
1,2;
2,15;
15,2;
2,20;
20,2;
3,4;
4,3;
3,19;
19,3;
3,20;
20,3;
3,29;
29,3;
4,3;
3,4;
4,9;
9,4;
4,15;
15,4;
4,19;
19,4;
4,24;
24,4;
5,6;
6,5;
5,12;
12,5;
5,28;
28,5;
6,5;
5,6;
6,11;
11,6;
6,17;
17,6;
6,18;
18,6;
7,8;
8,7;
8,7;
7,8;
8,9;
9,8;
8,20;
20,8;
8,29;
29,8;
8,41;
41,8;
9,4;
4,9;
9,8;
8,9;
9,10;
10,9;
9,29;
29,9;
9,30;
30,9;
10,9;
9,10;
10,19;
19,10;
10,30;
30,10;
10,31;
31,10;
10,42;
42,10;
11,6;
6,11;
11,12;
12,11;
11,18;
18,11;
11,40;
40,11;
12,5;
5,12;
12,11;
11,12;
12,28;
28,12;
12,46;
46,12;
13,14;
14,13;
14,1;
1,14;
14,13;
13,14;
14,16;
16,14;
14,41;
41,14;
15,2;
2,15;
15,4;
4,15;
15,16;
16,15;
15,41;
41,15;
15,42;
42,15;
16,14;
14,16;
16,15;
15,16;
16,42;
42,16;
16,43;
43,16;
17,6;
6,17;
17,18;
18,17;
17,46;
46,17;
18,6;
6,18;
18,11;
11,18;
18,17;
17,18;
19,3;
3,19;
19,4;
4,19;
19,10;
10,19;
19,20;
20,19;
19,29;
29,19;
19,30;
30,19;
19,41;
41,19;
19,42;
42,19;
20,2;
2,20;
20,3;
3,20;
20,8;
8,20;
20,19;
19,20;
20,29;
29,20;
20,41;
41,20;
21,27;
27,21;
21,28;
28,21;
21,34;
34,21;
21,40;
40,21;
21,46;
46,21;
21,52;
52,21;
22,26;
26,22;
22,27;
27,22;
22,37;
37,22;
22,38;
38,22;
22,49;
49,22;
22,50;
50,22;
23,25;
25,23;
23,26;
26,23;
23,32;
32,23;
23,35;
35,23;
23,36;
36,23;
23,44;
44,23;
23,47;
47,23;
23,48;
48,23;
24,4;
4,24;
24,25;
25,24;
24,31;
31,24;
24,43;
43,24;
25,23;
23,25;
25,24;
24,25;
26,22;
22,26;
26,23;
23,26;
26,32;
32,26;
26,36;
36,26;
26,48;
48,26;
27,21;
21,27;
27,22;
22,27;
27,33;
33,27;
27,38;
38,27;
27,39;
39,27;
27,50;
50,27;
27,51;
51,27;
28,5;
5,28;
28,12;
12,28;
28,21;
21,28;
28,46;
46,28;
29,3;
3,29;
29,8;
8,29;
29,9;
9,29;
29,19;
19,29;
29,20;
20,29;
29,30;
30,29;
29,42;
42,29;
30,9;
9,30;
30,10;
10,30;
30,19;
19,30;
30,29;
29,30;
31,10;
10,31;
31,24;
24,31;
31,35;
35,31;
32,23;
23,32;
32,26;
26,32;
32,35;
35,32;
32,36;
36,32;
32,44;
44,32;
32,48;
48,32;
33,27;
27,33;
33,34;
34,33;
33,39;
39,33;
33,45;
45,33;
34,21;
21,34;
34,33;
33,34;
34,40;
40,34;
34,52;
52,34;
35,23;
23,35;
35,31;
31,35;
35,32;
32,35;
36,23;
23,36;
36,26;
26,36;
36,32;
32,36;
36,37;
37,36;
37,22;
22,37;
37,36;
36,37;
37,38;
38,37;
38,22;
22,38;
38,27;
27,38;
38,37;
37,38;
38,39;
39,38;
38,49;
49,38;
38,50;
50,38;
39,27;
27,39;
39,33;
33,39;
39,38;
38,39;
39,45;
45,39;
39,51;
51,39;
40,11;
11,40;
40,21;
21,40;
40,34;
34,40;
40,46;
46,40;
40,52;
52,40;
41,8;
8,41;
41,14;
14,41;
41,15;
15,41;
41,19;
19,41;
41,20;
20,41;
42,10;
10,42;
42,15;
15,42;
42,16;
16,42;
42,19;
19,42;
42,29;
29,42;
43,16;
16,43;
43,24;
24,43;
43,47;
47,43;
44,23;
23,44;
44,32;
32,44;
44,47;
47,44;
44,48;
48,44;
45,33;
33,45;
45,39;
39,45;
45,50;
50,45;
45,51;
51,45;
46,12;
12,46;
46,17;
17,46;
46,21;
21,46;
46,28;
28,46;
46,40;
40,46;
46,52;
52,46;
47,23;
23,47;
47,43;
43,47;
47,44;
44,47;
48,23;
23,48;
48,26;
26,48;
48,32;
32,48;
48,44;
44,48;
48,49;
49,48;
49,22;
22,49;
49,38;
38,49;
49,48;
48,49;
49,50;
50,49;
50,22;
22,50;
50,27;
27,50;
50,38;
38,50;
50,45;
45,50;
50,49;
49,50;
51,27;
27,51;
51,39;
39,51;
51,45;
45,51;
51,52;
52,51;
52,21;
21,52;
52,34;
34,52;
52,40;
40,52;
52,46;
46,52;
52,51;
51,52;
}
label = {
1,1;
2,1;
3,1;
4,1;
5,1;
6,1;
7,1;
8,1;
9,1;
10,1;
11,1;
12,1;
13,1;
14,1;
15,1;
16,1;
17,1;
18,1;
19,2;
20,2;
21,2;
22,2;
23,2;
24,2;
25,2;
26,2;
27,2;
28,2;
29,2;
30,2;
31,2;
32,2;
33,2;
34,2;
35,2;
36,2;
37,2;
38,2;
39,2;
40,2;
41,2;
42,2;
43,2;
44,2;
45,2;
46,2;
47,2;
48,2;
49,2;
50,2;
51,2;
52,2;
}