edge = {
1,2;
2,1;
1,11;
11,1;
2,1;
1,2;
2,3;
3,2;
2,10;
10,2;
2,12;
12,2;
2,16;
16,2;
3,2;
2,3;
3,7;
7,3;
3,12;
12,3;
3,15;
15,3;
3,20;
20,3;
4,8;
8,4;
4,13;
13,4;
4,14;
14,4;
4,17;
17,4;
5,6;
6,5;
6,5;
5,6;
6,7;
7,6;
7,3;
3,7;
7,6;
6,7;
7,11;
11,7;
7,25;
25,7;
8,4;
4,8;
8,9;
9,8;
8,14;
14,8;
8,34;
34,8;
9,8;
8,9;
9,13;
13,9;
10,2;
2,10;
10,11;
11,10;
11,1;
1,11;
11,7;
7,11;
11,10;
10,11;
11,12;
12,11;
11,36;
36,11;
12,2;
2,12;
12,3;
3,12;
12,11;
11,12;
12,35;
35,12;
12,40;
40,12;
13,4;
4,13;
13,9;
9,13;
13,14;
14,13;
13,37;
37,13;
14,4;
4,14;
14,8;
8,14;
14,13;
13,14;
15,3;
3,15;
15,16;
16,15;
15,36;
36,15;
16,2;
2,16;
16,15;
15,16;
16,35;
35,16;
17,4;
4,17;
17,24;
24,17;
17,28;
28,17;
17,34;
34,17;
17,44;
44,17;
18,22;
22,18;
18,23;
23,18;
18,27;
27,18;
18,31;
31,18;
18,32;
32,18;
18,33;
33,18;
19,21;
21,19;
19,22;
22,19;
19,26;
26,19;
19,29;
29,19;
19,30;
30,19;
19,41;
41,19;
19,42;
42,19;
20,3;
3,20;
20,21;
21,20;
20,25;
25,20;
21,19;
19,21;
21,20;
20,21;
21,25;
25,21;
21,40;
40,21;
22,18;
18,22;
22,19;
19,22;
22,26;
26,22;
22,30;
30,22;
22,39;
39,22;
23,18;
18,23;
23,24;
24,23;
23,28;
28,23;
24,17;
17,24;
24,23;
23,24;
24,28;
28,24;
24,34;
34,24;
24,37;
37,24;
24,43;
43,24;
24,44;
44,24;
25,7;
7,25;
25,20;
20,25;
25,21;
21,25;
25,29;
29,25;
25,40;
40,25;
26,19;
19,26;
26,22;
22,26;
26,29;
29,26;
26,30;
30,26;
26,39;
39,26;
27,18;
18,27;
27,28;
28,27;
27,32;
32,27;
27,33;
33,27;
28,17;
17,28;
28,23;
23,28;
28,24;
24,28;
28,27;
27,28;
28,34;
34,28;
28,43;
43,28;
28,44;
44,28;
29,19;
19,29;
29,25;
25,29;
29,26;
26,29;
30,19;
19,30;
30,22;
22,30;
30,26;
26,30;
30,31;
31,30;
30,42;
42,30;
31,18;
18,31;
31,30;
30,31;
31,32;
32,31;
31,38;
38,31;
32,18;
18,32;
32,27;
27,32;
32,31;
31,32;
32,33;
33,32;
32,38;
38,32;
33,18;
18,33;
33,27;
27,33;
33,32;
32,33;
33,38;
38,33;
34,8;
8,34;
34,17;
17,34;
34,24;
24,34;
34,28;
28,34;
34,37;
37,34;
35,12;
12,35;
35,16;
16,35;
35,36;
36,35;
36,11;
11,36;
36,15;
15,36;
36,35;
35,36;
37,13;
13,37;
37,24;
24,37;
37,34;
34,37;
37,44;
44,37;
38,31;
31,38;
38,32;
32,38;
38,33;
33,38;
38,42;
42,38;
38,43;
43,38;
39,22;
22,39;
39,26;
26,39;
39,41;
41,39;
39,42;
42,39;
40,12;
12,40;
40,21;
21,40;
40,25;
25,40;
40,41;
41,40;
41,19;
19,41;
41,39;
39,41;
41,40;
40,41;
42,19;
19,42;
42,30;
30,42;
42,38;
38,42;
42,39;
39,42;
43,24;
24,43;
43,28;
28,43;
43,38;
38,43;
43,44;
44,43;
44,17;
17,44;
44,24;
24,44;
44,28;
28,44;
44,37;
37,44;
44,43;
43,44;
}
label = {
1,1;
2,1;
3,1;
4,1;
5,1;
6,1;
7,1;
8,1;
9,1;
10,1;
11,1;
12,1;
13,1;
14,1;
15,2;
16,2;
17,2;
18,2;
19,2;
20,2;
21,2;
22,2;
23,2;
24,2;
25,2;
26,2;
27,2;
28,2;
29,2;
30,2;
31,2;
32,2;
33,2;
34,2;
35,2;
36,2;
37,2;
38,2;
39,2;
40,2;
41,2;
42,2;
43,2;
44,2;
}