edge = {
1,2;
2,1;
1,12;
12,1;
2,1;
1,2;
2,3;
3,2;
2,13;
13,2;
2,17;
17,2;
3,2;
2,3;
3,16;
16,3;
3,21;
21,3;
4,5;
5,4;
4,10;
10,4;
4,18;
18,4;
5,4;
4,5;
5,9;
9,5;
5,14;
14,5;
5,15;
15,5;
6,7;
7,6;
7,6;
6,7;
7,17;
17,7;
7,26;
26,7;
7,36;
36,7;
8,16;
16,8;
8,27;
27,8;
8,28;
28,8;
8,37;
37,8;
9,5;
5,9;
9,10;
10,9;
9,15;
15,9;
9,35;
35,9;
10,4;
4,10;
10,9;
9,10;
10,18;
18,10;
11,12;
12,11;
12,1;
1,12;
12,11;
11,12;
12,13;
13,12;
12,36;
36,12;
13,2;
2,13;
13,12;
12,13;
13,37;
37,13;
13,38;
38,13;
14,5;
5,14;
14,15;
15,14;
14,45;
45,14;
15,5;
5,15;
15,9;
9,15;
15,14;
14,15;
16,3;
3,16;
16,8;
8,16;
16,17;
17,16;
16,26;
26,16;
16,27;
27,16;
16,36;
36,16;
16,37;
37,16;
17,2;
2,17;
17,7;
7,17;
17,16;
16,17;
17,26;
26,17;
17,36;
36,17;
18,4;
4,18;
18,10;
10,18;
18,23;
23,18;
18,31;
31,18;
18,35;
35,18;
18,41;
41,18;
18,45;
45,18;
19,22;
22,19;
19,25;
25,19;
19,30;
30,19;
19,34;
34,19;
19,40;
40,19;
19,44;
44,19;
20,24;
24,20;
20,25;
25,20;
20,29;
29,20;
20,32;
32,20;
20,33;
33,20;
20,39;
39,20;
20,42;
42,20;
20,43;
43,20;
21,3;
3,21;
21,24;
24,21;
21,28;
28,21;
21,38;
38,21;
22,19;
19,22;
22,23;
23,22;
22,31;
31,22;
22,41;
41,22;
23,18;
18,23;
23,22;
22,23;
23,35;
35,23;
23,45;
45,23;
24,20;
20,24;
24,21;
21,24;
25,19;
19,25;
25,20;
20,25;
25,29;
29,25;
25,33;
33,25;
25,39;
39,25;
25,43;
43,25;
26,7;
7,26;
26,16;
16,26;
26,17;
17,26;
26,27;
27,26;
26,37;
37,26;
27,8;
8,27;
27,16;
16,27;
27,26;
26,27;
28,8;
8,28;
28,21;
21,28;
28,32;
32,28;
29,20;
20,29;
29,25;
25,29;
29,32;
32,29;
29,33;
33,29;
29,43;
43,29;
30,19;
19,30;
30,33;
33,30;
30,34;
34,30;
30,44;
44,30;
31,18;
18,31;
31,22;
22,31;
31,34;
34,31;
31,35;
35,31;
32,20;
20,32;
32,28;
28,32;
32,29;
29,32;
33,20;
20,33;
33,25;
25,33;
33,29;
29,33;
33,30;
30,33;
34,19;
19,34;
34,30;
30,34;
34,31;
31,34;
34,40;
40,34;
35,9;
9,35;
35,18;
18,35;
35,23;
23,35;
35,31;
31,35;
35,45;
45,35;
36,7;
7,36;
36,12;
12,36;
36,16;
16,36;
36,17;
17,36;
36,37;
37,36;
37,8;
8,37;
37,13;
13,37;
37,16;
16,37;
37,26;
26,37;
37,36;
36,37;
38,13;
13,38;
38,21;
21,38;
38,42;
42,38;
39,20;
20,39;
39,25;
25,39;
39,42;
42,39;
39,43;
43,39;
40,19;
19,40;
40,34;
34,40;
40,43;
43,40;
40,44;
44,40;
41,18;
18,41;
41,22;
22,41;
41,44;
44,41;
41,45;
45,41;
42,20;
20,42;
42,38;
38,42;
42,39;
39,42;
43,20;
20,43;
43,25;
25,43;
43,29;
29,43;
43,39;
39,43;
43,40;
40,43;
44,19;
19,44;
44,30;
30,44;
44,40;
40,44;
44,41;
41,44;
45,14;
14,45;
45,18;
18,45;
45,23;
23,45;
45,35;
35,45;
45,41;
41,45;
}
label = {
1,1;
2,1;
3,1;
4,1;
5,1;
6,1;
7,1;
8,1;
9,1;
10,1;
11,1;
12,1;
13,1;
14,1;
15,1;
16,2;
17,2;
18,2;
19,2;
20,2;
21,2;
22,2;
23,2;
24,2;
25,2;
26,2;
27,2;
28,2;
29,2;
30,2;
31,2;
32,2;
33,2;
34,2;
35,2;
36,2;
37,2;
38,2;
39,2;
40,2;
41,2;
42,2;
43,2;
44,2;
45,2;
}