edge = {
1,2;
2,1;
1,14;
14,1;
2,1;
1,2;
2,15;
15,2;
2,20;
20,2;
3,4;
4,3;
3,19;
19,3;
3,20;
20,3;
3,31;
31,3;
3,43;
43,3;
4,3;
3,4;
4,9;
9,4;
4,15;
15,4;
4,19;
19,4;
4,24;
24,4;
5,6;
6,5;
5,12;
12,5;
5,21;
21,5;
6,5;
5,6;
6,11;
11,6;
6,17;
17,6;
6,18;
18,6;
7,8;
8,7;
8,7;
7,8;
8,9;
9,8;
8,20;
20,8;
8,31;
31,8;
8,43;
43,8;
9,4;
4,9;
9,8;
8,9;
9,10;
10,9;
9,31;
31,9;
9,32;
32,9;
10,9;
9,10;
10,19;
19,10;
10,32;
32,10;
10,33;
33,10;
10,44;
44,10;
11,6;
6,11;
11,12;
12,11;
11,18;
18,11;
11,42;
42,11;
12,5;
5,12;
12,11;
11,12;
12,42;
42,12;
12,52;
52,12;
13,14;
14,13;
14,1;
1,14;
14,13;
13,14;
14,15;
15,14;
14,16;
16,14;
14,43;
43,14;
15,2;
2,15;
15,4;
4,15;
15,14;
14,15;
15,16;
16,15;
15,43;
43,15;
15,44;
44,15;
16,14;
14,16;
16,15;
15,16;
16,44;
44,16;
16,45;
45,16;
17,6;
6,17;
17,18;
18,17;
17,52;
52,17;
18,6;
6,18;
18,11;
11,18;
18,17;
17,18;
19,3;
3,19;
19,4;
4,19;
19,10;
10,19;
19,20;
20,19;
19,31;
31,19;
19,32;
32,19;
19,43;
43,19;
19,44;
44,19;
20,2;
2,20;
20,3;
3,20;
20,8;
8,20;
20,19;
19,20;
20,31;
31,20;
20,43;
43,20;
21,5;
5,21;
21,26;
26,21;
21,36;
36,21;
21,42;
42,21;
21,48;
48,21;
21,52;
52,21;
22,25;
25,22;
22,30;
30,22;
22,35;
35,22;
22,40;
40,22;
22,41;
41,22;
22,47;
47,22;
22,51;
51,22;
23,27;
27,23;
23,28;
28,23;
23,34;
34,23;
23,37;
37,23;
23,38;
38,23;
23,46;
46,23;
23,49;
49,23;
23,50;
50,23;
24,4;
4,24;
24,27;
27,24;
24,33;
33,24;
24,45;
45,24;
25,22;
22,25;
25,26;
26,25;
25,36;
36,25;
25,48;
48,25;
26,21;
21,26;
26,25;
25,26;
26,42;
42,26;
26,52;
52,26;
27,23;
23,27;
27,24;
24,27;
27,37;
37,27;
28,23;
23,28;
28,29;
29,28;
28,34;
34,28;
28,46;
46,28;
28,50;
50,28;
29,28;
28,29;
29,30;
30,29;
29,40;
40,29;
30,22;
22,30;
30,29;
29,30;
30,39;
39,30;
30,40;
40,30;
30,47;
47,30;
31,3;
3,31;
31,8;
8,31;
31,9;
9,31;
31,19;
19,31;
31,20;
20,31;
31,32;
32,31;
31,44;
44,31;
32,9;
9,32;
32,10;
10,32;
32,19;
19,32;
32,31;
31,32;
33,10;
10,33;
33,24;
24,33;
33,37;
37,33;
34,23;
23,34;
34,28;
28,34;
34,37;
37,34;
34,38;
38,34;
34,46;
46,34;
34,50;
50,34;
35,22;
22,35;
35,36;
36,35;
35,41;
41,35;
35,51;
51,35;
36,21;
21,36;
36,25;
25,36;
36,35;
35,36;
36,42;
42,36;
37,23;
23,37;
37,27;
27,37;
37,33;
33,37;
37,34;
34,37;
37,49;
49,37;
38,23;
23,38;
38,34;
34,38;
38,39;
39,38;
39,30;
30,39;
39,38;
38,39;
39,40;
40,39;
40,22;
22,40;
40,29;
29,40;
40,30;
30,40;
40,39;
39,40;
40,41;
41,40;
40,47;
47,40;
41,22;
22,41;
41,35;
35,41;
41,40;
40,41;
42,11;
11,42;
42,12;
12,42;
42,21;
21,42;
42,26;
26,42;
42,36;
36,42;
42,52;
52,42;
43,3;
3,43;
43,8;
8,43;
43,14;
14,43;
43,15;
15,43;
43,19;
19,43;
43,20;
20,43;
44,10;
10,44;
44,15;
15,44;
44,16;
16,44;
44,19;
19,44;
44,31;
31,44;
45,16;
16,45;
45,24;
24,45;
45,49;
49,45;
46,23;
23,46;
46,28;
28,46;
46,34;
34,46;
46,47;
47,46;
46,50;
50,46;
47,22;
22,47;
47,30;
30,47;
47,40;
40,47;
47,46;
46,47;
47,51;
51,47;
48,21;
21,48;
48,25;
25,48;
48,51;
51,48;
48,52;
52,48;
49,23;
23,49;
49,37;
37,49;
49,45;
45,49;
49,50;
50,49;
50,23;
23,50;
50,28;
28,50;
50,34;
34,50;
50,46;
46,50;
50,49;
49,50;
51,22;
22,51;
51,35;
35,51;
51,47;
47,51;
51,48;
48,51;
52,12;
12,52;
52,17;
17,52;
52,21;
21,52;
52,26;
26,52;
52,42;
42,52;
52,48;
48,52;
}
label = {
1,1;
2,1;
3,1;
4,1;
5,1;
6,1;
7,1;
8,1;
9,1;
10,1;
11,1;
12,1;
13,1;
14,1;
15,1;
16,1;
17,1;
18,1;
19,2;
20,2;
21,2;
22,2;
23,2;
24,2;
25,2;
26,2;
27,2;
28,2;
29,2;
30,2;
31,2;
32,2;
33,2;
34,2;
35,2;
36,2;
37,2;
38,2;
39,2;
40,2;
41,2;
42,2;
43,2;
44,2;
45,2;
46,2;
47,2;
48,2;
49,2;
50,2;
51,2;
52,2;
}