edge = {
1,2;
2,1;
1,14;
14,1;
2,1;
1,2;
2,15;
15,2;
2,20;
20,2;
3,4;
4,3;
3,20;
20,3;
3,21;
21,3;
3,32;
32,3;
3,44;
44,3;
4,3;
3,4;
4,9;
9,4;
4,15;
15,4;
4,21;
21,4;
4,22;
22,4;
5,6;
6,5;
5,12;
12,5;
5,31;
31,5;
6,5;
5,6;
6,11;
11,6;
6,17;
17,6;
6,18;
18,6;
7,8;
8,7;
8,7;
7,8;
8,9;
9,8;
8,20;
20,8;
8,32;
32,8;
8,44;
44,8;
9,4;
4,9;
9,8;
8,9;
9,10;
10,9;
9,32;
32,9;
9,33;
33,9;
10,9;
9,10;
10,21;
21,10;
10,33;
33,10;
10,34;
34,10;
10,45;
45,10;
11,6;
6,11;
11,12;
12,11;
11,18;
18,11;
11,43;
43,11;
12,5;
5,12;
12,11;
11,12;
12,31;
31,12;
12,55;
55,12;
13,14;
14,13;
14,1;
1,14;
14,13;
13,14;
14,16;
16,14;
14,44;
44,14;
15,2;
2,15;
15,4;
4,15;
15,16;
16,15;
15,44;
44,15;
15,45;
45,15;
16,14;
14,16;
16,15;
15,16;
16,45;
45,16;
16,46;
46,16;
17,6;
6,17;
17,18;
18,17;
17,55;
55,17;
18,6;
6,18;
18,11;
11,18;
18,17;
17,18;
19,25;
25,19;
19,31;
31,19;
19,37;
37,19;
19,43;
43,19;
19,49;
49,19;
19,55;
55,19;
20,2;
2,20;
20,3;
3,20;
20,8;
8,20;
20,21;
21,20;
21,3;
3,21;
21,4;
4,21;
21,10;
10,21;
21,20;
20,21;
21,32;
32,21;
21,44;
44,21;
22,4;
4,22;
22,26;
26,22;
23,27;
27,23;
23,28;
28,23;
23,39;
39,23;
23,51;
51,23;
24,25;
25,24;
24,30;
30,24;
24,42;
42,24;
24,54;
54,24;
25,19;
19,25;
25,24;
24,25;
26,22;
22,26;
26,27;
27,26;
27,23;
23,27;
27,26;
26,27;
27,35;
35,27;
27,47;
47,27;
28,23;
23,28;
28,29;
29,28;
29,28;
28,29;
29,30;
30,29;
29,40;
40,29;
29,52;
52,29;
30,24;
24,30;
30,29;
29,30;
30,36;
36,30;
30,41;
41,30;
30,42;
42,30;
30,48;
48,30;
30,53;
53,30;
31,5;
5,31;
31,12;
12,31;
31,19;
19,31;
31,55;
55,31;
32,3;
3,32;
32,8;
8,32;
32,9;
9,32;
32,21;
21,32;
32,33;
33,32;
32,45;
45,32;
33,9;
9,33;
33,10;
10,33;
33,32;
32,33;
34,10;
10,34;
34,38;
38,34;
35,27;
27,35;
35,38;
38,35;
35,39;
39,35;
35,51;
51,35;
36,30;
30,36;
36,37;
37,36;
36,42;
42,36;
37,19;
19,37;
37,36;
36,37;
37,43;
43,37;
38,34;
34,38;
38,35;
35,38;
39,23;
23,39;
39,35;
35,39;
39,40;
40,39;
40,29;
29,40;
40,39;
39,40;
40,41;
41,40;
41,30;
30,41;
41,40;
40,41;
41,42;
42,41;
42,24;
24,42;
42,30;
30,42;
42,36;
36,42;
42,41;
41,42;
42,54;
54,42;
43,11;
11,43;
43,19;
19,43;
43,37;
37,43;
43,55;
55,43;
44,3;
3,44;
44,8;
8,44;
44,14;
14,44;
44,15;
15,44;
44,21;
21,44;
45,10;
10,45;
45,15;
15,45;
45,16;
16,45;
45,32;
32,45;
46,16;
16,46;
46,50;
50,46;
47,27;
27,47;
47,50;
50,47;
47,51;
51,47;
48,30;
30,48;
48,49;
49,48;
48,54;
54,48;
49,19;
19,49;
49,48;
48,49;
49,55;
55,49;
50,46;
46,50;
50,47;
47,50;
51,23;
23,51;
51,35;
35,51;
51,47;
47,51;
51,52;
52,51;
52,29;
29,52;
52,51;
51,52;
52,53;
53,52;
53,30;
30,53;
53,52;
52,53;
53,54;
54,53;
54,24;
24,54;
54,42;
42,54;
54,48;
48,54;
54,53;
53,54;
55,12;
12,55;
55,17;
17,55;
55,19;
19,55;
55,31;
31,55;
55,43;
43,55;
55,49;
49,55;
}
label = {
1,1;
2,1;
3,1;
4,1;
5,1;
6,1;
7,1;
8,1;
9,1;
10,1;
11,1;
12,1;
13,1;
14,1;
15,1;
16,1;
17,1;
18,1;
19,2;
20,2;
21,2;
22,2;
23,2;
24,2;
25,2;
26,2;
27,2;
28,2;
29,2;
30,2;
31,2;
32,2;
33,2;
34,2;
35,2;
36,2;
37,2;
38,2;
39,2;
40,2;
41,2;
42,2;
43,2;
44,2;
45,2;
46,2;
47,2;
48,2;
49,2;
50,2;
51,2;
52,2;
53,2;
54,2;
55,2;
}