edge = {
1,4;
4,1;
2,9;
9,2;
2,27;
27,2;
2,29;
29,2;
3,23;
23,3;
3,28;
28,3;
4,1;
1,4;
4,5;
5,4;
4,21;
21,4;
5,4;
4,5;
5,32;
32,5;
6,9;
9,6;
6,30;
30,6;
6,32;
32,6;
7,23;
23,7;
7,31;
31,7;
8,33;
33,8;
9,2;
2,9;
9,6;
6,9;
9,13;
13,9;
9,33;
33,9;
9,35;
35,9;
10,11;
11,10;
10,17;
17,10;
10,26;
26,10;
10,34;
34,10;
11,10;
10,11;
11,26;
26,11;
12,38;
38,12;
13,9;
9,13;
13,36;
36,13;
13,38;
38,13;
14,23;
23,14;
14,37;
37,14;
15,39;
39,15;
16,39;
39,16;
16,41;
41,16;
17,10;
10,17;
17,23;
23,17;
17,26;
26,17;
17,40;
40,17;
18,27;
27,18;
18,44;
44,18;
18,45;
45,18;
18,46;
46,18;
19,42;
42,19;
19,44;
44,19;
20,23;
23,20;
20,26;
26,20;
20,43;
43,20;
21,4;
4,21;
21,45;
45,21;
22,46;
46,22;
22,48;
48,22;
23,3;
3,23;
23,7;
7,23;
23,14;
14,23;
23,17;
17,23;
23,20;
20,23;
23,47;
47,23;
24,25;
25,24;
24,51;
51,24;
25,24;
24,25;
25,49;
49,25;
25,51;
51,25;
26,10;
10,26;
26,11;
11,26;
26,17;
17,26;
26,20;
20,26;
26,50;
50,26;
27,2;
2,27;
27,18;
18,27;
27,32;
32,27;
27,38;
38,27;
27,44;
44,27;
27,45;
45,27;
27,51;
51,27;
28,3;
3,28;
28,29;
29,28;
28,31;
31,28;
28,37;
37,28;
28,43;
43,28;
28,50;
50,28;
29,2;
2,29;
29,28;
28,29;
29,30;
30,29;
29,36;
36,29;
29,42;
42,29;
29,49;
49,29;
30,6;
6,30;
30,29;
29,30;
30,31;
31,30;
30,35;
35,30;
30,41;
41,30;
30,48;
48,30;
31,7;
7,31;
31,28;
28,31;
31,30;
30,31;
31,34;
34,31;
31,40;
40,31;
31,47;
47,31;
32,5;
5,32;
32,6;
6,32;
32,27;
27,32;
32,33;
33,32;
32,39;
39,32;
32,44;
44,32;
32,45;
45,32;
32,46;
46,32;
32,51;
51,32;
33,8;
8,33;
33,9;
9,33;
33,32;
32,33;
33,38;
38,33;
33,44;
44,33;
33,51;
51,33;
34,10;
10,34;
34,31;
31,34;
34,35;
35,34;
34,37;
37,34;
34,43;
43,34;
34,50;
50,34;
35,9;
9,35;
35,30;
30,35;
35,34;
34,35;
35,36;
36,35;
35,42;
42,35;
35,49;
49,35;
36,13;
13,36;
36,29;
29,36;
36,35;
35,36;
36,37;
37,36;
37,14;
14,37;
37,28;
28,37;
37,34;
34,37;
37,36;
36,37;
38,12;
12,38;
38,13;
13,38;
38,27;
27,38;
38,33;
33,38;
39,15;
15,39;
39,16;
16,39;
39,32;
32,39;
40,17;
17,40;
40,31;
31,40;
40,41;
41,40;
41,16;
16,41;
41,30;
30,41;
41,40;
40,41;
42,19;
19,42;
42,29;
29,42;
42,35;
35,42;
42,43;
43,42;
43,20;
20,43;
43,28;
28,43;
43,34;
34,43;
43,42;
42,43;
44,18;
18,44;
44,19;
19,44;
44,27;
27,44;
44,32;
32,44;
44,33;
33,44;
45,18;
18,45;
45,21;
21,45;
45,27;
27,45;
45,32;
32,45;
45,46;
46,45;
46,18;
18,46;
46,22;
22,46;
46,32;
32,46;
46,45;
45,46;
47,23;
23,47;
47,31;
31,47;
47,48;
48,47;
48,22;
22,48;
48,30;
30,48;
48,47;
47,48;
49,25;
25,49;
49,29;
29,49;
49,35;
35,49;
49,50;
50,49;
50,26;
26,50;
50,28;
28,50;
50,34;
34,50;
50,49;
49,50;
51,24;
24,51;
51,25;
25,51;
51,27;
27,51;
51,32;
32,51;
51,33;
33,51;
}
label = {
1,1;
2,1;
3,1;
4,1;
5,1;
6,1;
7,1;
8,1;
9,1;
10,1;
11,1;
12,1;
13,1;
14,1;
15,1;
16,1;
17,1;
18,1;
19,1;
20,1;
21,1;
22,1;
23,1;
24,1;
25,1;
26,1;
27,2;
28,2;
29,2;
30,2;
31,2;
32,2;
33,2;
34,2;
35,2;
36,2;
37,2;
38,2;
39,2;
40,2;
41,2;
42,2;
43,2;
44,2;
45,2;
46,2;
47,2;
48,2;
49,2;
50,2;
51,2;
}