edge = {
2,25;
25,2;
2,27;
27,2;
3,26;
26,3;
4,5;
5,4;
4,30;
30,4;
5,4;
4,5;
5,28;
28,5;
5,30;
30,5;
6,29;
29,6;
7,31;
31,7;
8,31;
31,8;
8,33;
33,8;
9,24;
24,9;
9,32;
32,9;
10,36;
36,10;
11,34;
34,11;
11,36;
36,11;
12,35;
35,12;
13,37;
37,13;
14,37;
37,14;
14,39;
39,14;
15,24;
24,15;
15,38;
38,15;
16,25;
25,16;
16,30;
30,16;
16,31;
31,16;
16,42;
42,16;
17,40;
40,17;
17,42;
42,17;
18,24;
24,18;
18,41;
41,18;
19,43;
43,19;
20,43;
43,20;
20,45;
45,20;
21,44;
44,21;
22,23;
23,22;
22,48;
48,22;
23,22;
22,23;
23,46;
46,23;
23,48;
48,23;
24,9;
9,24;
24,15;
15,24;
24,18;
18,24;
24,47;
47,24;
25,2;
2,25;
25,16;
16,25;
25,30;
30,25;
25,36;
36,25;
25,42;
42,25;
25,48;
48,25;
26,3;
3,26;
26,27;
27,26;
26,29;
29,26;
26,35;
35,26;
26,41;
41,26;
26,47;
47,26;
27,2;
2,27;
27,26;
26,27;
27,28;
28,27;
27,34;
34,27;
27,40;
40,27;
27,46;
46,27;
28,5;
5,28;
28,27;
27,28;
28,29;
29,28;
28,33;
33,28;
28,39;
39,28;
28,45;
45,28;
29,6;
6,29;
29,26;
26,29;
29,28;
28,29;
29,32;
32,29;
29,38;
38,29;
29,44;
44,29;
30,4;
4,30;
30,5;
5,30;
30,16;
16,30;
30,25;
25,30;
30,31;
31,30;
30,37;
37,30;
30,43;
43,30;
30,48;
48,30;
31,7;
7,31;
31,8;
8,31;
31,16;
16,31;
31,30;
30,31;
31,36;
36,31;
31,42;
42,31;
31,48;
48,31;
32,9;
9,32;
32,29;
29,32;
32,33;
33,32;
32,35;
35,32;
32,41;
41,32;
32,47;
47,32;
33,8;
8,33;
33,28;
28,33;
33,32;
32,33;
33,34;
34,33;
33,40;
40,33;
33,46;
46,33;
34,11;
11,34;
34,27;
27,34;
34,33;
33,34;
34,35;
35,34;
35,12;
12,35;
35,26;
26,35;
35,32;
32,35;
35,34;
34,35;
36,10;
10,36;
36,11;
11,36;
36,25;
25,36;
36,31;
31,36;
37,13;
13,37;
37,14;
14,37;
37,30;
30,37;
38,15;
15,38;
38,29;
29,38;
38,39;
39,38;
39,14;
14,39;
39,28;
28,39;
39,38;
38,39;
40,17;
17,40;
40,27;
27,40;
40,33;
33,40;
40,41;
41,40;
41,18;
18,41;
41,26;
26,41;
41,32;
32,41;
41,40;
40,41;
42,16;
16,42;
42,17;
17,42;
42,25;
25,42;
42,31;
31,42;
43,19;
19,43;
43,20;
20,43;
43,30;
30,43;
44,21;
21,44;
44,29;
29,44;
44,45;
45,44;
45,20;
20,45;
45,28;
28,45;
45,44;
44,45;
46,23;
23,46;
46,27;
27,46;
46,33;
33,46;
46,47;
47,46;
47,24;
24,47;
47,26;
26,47;
47,32;
32,47;
47,46;
46,47;
48,22;
22,48;
48,23;
23,48;
48,25;
25,48;
48,30;
30,48;
48,31;
31,48;
}
label = {
1,1;
2,1;
3,1;
4,1;
5,1;
6,1;
7,1;
8,1;
9,1;
10,1;
11,1;
12,1;
13,1;
14,1;
15,1;
16,1;
17,1;
18,1;
19,1;
20,1;
21,1;
22,1;
23,1;
24,1;
25,2;
26,2;
27,2;
28,2;
29,2;
30,2;
31,2;
32,2;
33,2;
34,2;
35,2;
36,2;
37,2;
38,2;
39,2;
40,2;
41,2;
42,2;
43,2;
44,2;
45,2;
46,2;
47,2;
48,2;
}