edge = {
1,13;
13,1;
1,14;
14,1;
1,29;
29,1;
1,30;
30,1;
2,15;
15,2;
2,16;
16,2;
2,34;
34,2;
2,35;
35,2;
3,4;
4,3;
3,16;
16,3;
3,36;
36,3;
4,3;
3,4;
4,16;
16,4;
4,20;
20,4;
4,36;
36,4;
5,20;
20,5;
5,22;
22,5;
5,36;
36,5;
6,21;
21,6;
6,23;
23,6;
6,37;
37,6;
7,21;
21,7;
7,25;
25,7;
7,26;
26,7;
7,38;
38,7;
8,24;
24,8;
8,27;
27,8;
8,39;
39,8;
9,10;
10,9;
9,28;
28,9;
9,39;
39,9;
10,9;
9,10;
10,28;
28,10;
10,39;
39,10;
11,12;
12,11;
11,17;
17,11;
11,34;
34,11;
11,35;
35,11;
12,11;
11,12;
12,18;
18,12;
12,19;
19,12;
12,33;
33,12;
13,1;
1,13;
13,19;
19,13;
13,30;
30,13;
13,31;
31,13;
13,32;
32,13;
14,1;
1,14;
14,29;
29,14;
14,30;
30,14;
15,2;
2,15;
15,34;
34,15;
15,35;
35,15;
16,2;
2,16;
16,3;
3,16;
16,4;
4,16;
17,11;
11,17;
17,34;
34,17;
17,35;
35,17;
18,12;
12,18;
18,19;
19,18;
18,33;
33,18;
19,12;
12,19;
19,13;
13,19;
19,18;
18,19;
19,31;
31,19;
19,32;
32,19;
19,33;
33,19;
20,4;
4,20;
20,5;
5,20;
20,36;
36,20;
21,6;
6,21;
21,7;
7,21;
21,26;
26,21;
22,5;
5,22;
22,23;
23,22;
22,37;
37,22;
23,6;
6,23;
23,22;
22,23;
23,37;
37,23;
24,8;
8,24;
24,25;
25,24;
24,27;
27,24;
25,7;
7,25;
25,24;
24,25;
25,26;
26,25;
25,38;
38,25;
26,7;
7,26;
26,21;
21,26;
26,25;
25,26;
26,38;
38,26;
27,8;
8,27;
27,24;
24,27;
27,28;
28,27;
27,39;
39,27;
28,9;
9,28;
28,10;
10,28;
28,27;
27,28;
28,39;
39,28;
29,1;
1,29;
29,14;
14,29;
29,30;
30,29;
30,1;
1,30;
30,13;
13,30;
30,14;
14,30;
30,29;
29,30;
31,13;
13,31;
31,19;
19,31;
31,32;
32,31;
32,13;
13,32;
32,19;
19,32;
32,31;
31,32;
33,12;
12,33;
33,18;
18,33;
33,19;
19,33;
34,2;
2,34;
34,11;
11,34;
34,15;
15,34;
34,17;
17,34;
34,35;
35,34;
35,2;
2,35;
35,11;
11,35;
35,15;
15,35;
35,17;
17,35;
35,34;
34,35;
36,3;
3,36;
36,4;
4,36;
36,5;
5,36;
36,20;
20,36;
37,6;
6,37;
37,22;
22,37;
37,23;
23,37;
38,7;
7,38;
38,25;
25,38;
38,26;
26,38;
39,8;
8,39;
39,9;
9,39;
39,10;
10,39;
39,27;
27,39;
39,28;
28,39;
}
label = {
1,1;
2,1;
3,1;
4,1;
5,1;
6,1;
7,1;
8,1;
9,1;
10,1;
11,2;
12,2;
13,2;
14,2;
15,2;
16,2;
17,2;
18,2;
19,2;
20,2;
21,2;
22,2;
23,2;
24,2;
25,2;
26,2;
27,2;
28,2;
29,3;
30,3;
31,3;
32,3;
33,3;
34,3;
35,3;
36,3;
37,3;
38,3;
39,3;
}