edge = {
1,2;
2,1;
1,17;
17,1;
1,18;
18,1;
2,1;
1,2;
2,17;
17,2;
2,18;
18,2;
3,18;
18,3;
3,21;
21,3;
3,22;
22,3;
4,5;
5,4;
4,16;
16,4;
4,20;
20,4;
4,24;
24,4;
5,4;
4,5;
5,15;
15,5;
5,16;
16,5;
6,7;
7,6;
6,15;
15,6;
6,25;
25,6;
7,6;
6,7;
7,8;
8,7;
7,15;
15,7;
7,25;
25,7;
8,7;
7,8;
8,25;
25,8;
8,27;
27,8;
9,10;
10,9;
9,26;
26,9;
9,28;
28,9;
10,9;
9,10;
10,26;
26,10;
10,31;
31,10;
10,32;
32,10;
11,12;
12,11;
11,32;
32,11;
11,33;
33,11;
12,11;
11,12;
12,30;
30,12;
12,33;
33,12;
13,14;
14,13;
13,29;
29,13;
13,30;
30,13;
14,13;
13,14;
14,29;
29,14;
14,30;
30,14;
15,5;
5,15;
15,6;
6,15;
15,7;
7,15;
16,4;
4,16;
16,5;
5,16;
16,20;
20,16;
17,1;
1,17;
17,2;
2,17;
17,18;
18,17;
18,1;
1,18;
18,2;
2,18;
18,3;
3,18;
18,17;
17,18;
18,21;
21,18;
19,21;
21,19;
19,22;
22,19;
19,23;
23,19;
20,4;
4,20;
20,16;
16,20;
20,24;
24,20;
21,3;
3,21;
21,18;
18,21;
21,19;
19,21;
21,22;
22,21;
22,3;
3,22;
22,19;
19,22;
22,21;
21,22;
22,23;
23,22;
23,19;
19,23;
23,22;
22,23;
23,24;
24,23;
24,4;
4,24;
24,20;
20,24;
24,23;
23,24;
25,6;
6,25;
25,7;
7,25;
25,8;
8,25;
25,27;
27,25;
26,9;
9,26;
26,10;
10,26;
26,28;
28,26;
26,31;
31,26;
27,8;
8,27;
27,25;
25,27;
27,28;
28,27;
28,9;
9,28;
28,26;
26,28;
28,27;
27,28;
29,13;
13,29;
29,14;
14,29;
29,30;
30,29;
30,12;
12,30;
30,13;
13,30;
30,14;
14,30;
30,29;
29,30;
31,10;
10,31;
31,26;
26,31;
31,32;
32,31;
32,10;
10,32;
32,11;
11,32;
32,31;
31,32;
32,33;
33,32;
33,11;
11,33;
33,12;
12,33;
33,32;
32,33;
}
label = {
1,1;
2,1;
3,1;
4,1;
5,1;
6,1;
7,1;
8,1;
9,1;
10,1;
11,1;
12,1;
13,1;
14,1;
15,2;
16,2;
17,2;
18,2;
19,2;
20,2;
21,2;
22,2;
23,2;
24,2;
25,2;
26,2;
27,2;
28,2;
29,2;
30,2;
31,2;
32,2;
33,2;
}