edge = {
1,2;
2,1;
1,14;
14,1;
1,15;
15,1;
2,1;
1,2;
2,14;
14,2;
2,15;
15,2;
3,14;
14,3;
3,18;
18,3;
3,19;
19,3;
4,5;
5,4;
4,16;
16,4;
4,20;
20,4;
5,4;
4,5;
5,16;
16,5;
5,17;
17,5;
6,7;
7,6;
6,17;
17,6;
6,21;
21,6;
7,6;
6,7;
7,8;
8,7;
7,17;
17,7;
7,21;
21,7;
8,7;
7,8;
8,21;
21,8;
8,23;
23,8;
9,10;
10,9;
9,22;
22,9;
9,24;
24,9;
10,9;
9,10;
10,22;
22,10;
10,27;
27,10;
10,28;
28,10;
11,26;
26,11;
11,28;
28,11;
11,29;
29,11;
12,13;
13,12;
12,25;
25,12;
12,26;
26,12;
13,12;
12,13;
13,25;
25,13;
13,26;
26,13;
14,1;
1,14;
14,2;
2,14;
14,3;
3,14;
14,15;
15,14;
14,18;
18,14;
14,19;
19,14;
15,1;
1,15;
15,2;
2,15;
15,14;
14,15;
16,4;
4,16;
16,5;
5,16;
16,20;
20,16;
17,5;
5,17;
17,6;
6,17;
17,7;
7,17;
18,3;
3,18;
18,14;
14,18;
18,19;
19,18;
19,3;
3,19;
19,14;
14,19;
19,18;
18,19;
19,20;
20,19;
20,4;
4,20;
20,16;
16,20;
20,19;
19,20;
21,6;
6,21;
21,7;
7,21;
21,8;
8,21;
21,23;
23,21;
22,9;
9,22;
22,10;
10,22;
22,24;
24,22;
22,27;
27,22;
23,8;
8,23;
23,21;
21,23;
23,24;
24,23;
24,9;
9,24;
24,22;
22,24;
24,23;
23,24;
25,12;
12,25;
25,13;
13,25;
25,26;
26,25;
26,11;
11,26;
26,12;
12,26;
26,13;
13,26;
26,25;
25,26;
26,29;
29,26;
27,10;
10,27;
27,22;
22,27;
27,28;
28,27;
28,10;
10,28;
28,11;
11,28;
28,27;
27,28;
28,29;
29,28;
29,11;
11,29;
29,26;
26,29;
29,28;
28,29;
}
label = {
1,1;
2,1;
3,1;
4,1;
5,1;
6,1;
7,1;
8,1;
9,1;
10,1;
11,1;
12,1;
13,1;
14,2;
15,2;
16,2;
17,2;
18,2;
19,2;
20,2;
21,2;
22,2;
23,2;
24,2;
25,2;
26,2;
27,2;
28,2;
29,2;
}