edge = {
1,2;
2,1;
1,13;
13,1;
1,14;
14,1;
2,1;
1,2;
2,3;
3,2;
2,13;
13,2;
2,14;
14,2;
2,15;
15,2;
3,2;
2,3;
3,4;
4,3;
3,15;
15,3;
4,3;
3,4;
4,5;
5,4;
4,16;
16,4;
5,4;
4,5;
5,6;
6,5;
5,16;
16,5;
6,5;
5,6;
6,7;
7,6;
6,16;
16,6;
7,6;
6,7;
7,16;
16,7;
7,18;
18,7;
8,17;
17,8;
8,18;
18,8;
8,19;
19,8;
9,10;
10,9;
9,22;
22,9;
9,23;
23,9;
9,24;
24,9;
10,9;
9,10;
10,21;
21,10;
10,24;
24,10;
11,12;
12,11;
11,20;
20,11;
11,21;
21,11;
12,11;
11,12;
12,20;
20,12;
12,21;
21,12;
13,1;
1,13;
13,2;
2,13;
13,14;
14,13;
13,15;
15,13;
14,1;
1,14;
14,2;
2,14;
14,13;
13,14;
15,2;
2,15;
15,3;
3,15;
15,13;
13,15;
16,4;
4,16;
16,5;
5,16;
16,6;
6,16;
16,7;
7,16;
17,8;
8,17;
17,19;
19,17;
17,22;
22,17;
18,7;
7,18;
18,8;
8,18;
18,19;
19,18;
19,8;
8,19;
19,17;
17,19;
19,18;
18,19;
20,11;
11,20;
20,12;
12,20;
20,21;
21,20;
21,10;
10,21;
21,11;
11,21;
21,12;
12,21;
21,20;
20,21;
22,9;
9,22;
22,17;
17,22;
22,23;
23,22;
23,9;
9,23;
23,22;
22,23;
23,24;
24,23;
24,9;
9,24;
24,10;
10,24;
24,23;
23,24;
}
label = {
1,1;
2,1;
3,1;
4,1;
5,1;
6,1;
7,1;
8,1;
9,1;
10,1;
11,1;
12,1;
13,2;
14,2;
15,2;
16,2;
17,2;
18,2;
19,2;
20,2;
21,2;
22,2;
23,2;
24,2;
}