edge = {
1,2;
2,1;
1,13;
13,1;
1,14;
14,1;
2,1;
1,2;
2,3;
3,2;
2,13;
13,2;
2,14;
14,2;
2,15;
15,2;
3,2;
2,3;
3,4;
4,3;
3,15;
15,3;
3,16;
16,3;
4,3;
3,4;
4,5;
5,4;
4,16;
16,4;
5,4;
4,5;
5,6;
6,5;
5,16;
16,5;
5,17;
17,5;
6,5;
5,6;
6,7;
7,6;
6,17;
17,6;
6,19;
19,6;
7,6;
6,7;
7,17;
17,7;
7,19;
19,7;
8,18;
18,8;
8,19;
19,8;
8,20;
20,8;
8,23;
23,8;
9,10;
10,9;
9,24;
24,9;
9,25;
25,9;
10,9;
9,10;
10,22;
22,10;
10,25;
25,10;
11,12;
12,11;
11,21;
21,11;
11,22;
22,11;
12,11;
11,12;
12,21;
21,12;
12,22;
22,12;
13,1;
1,13;
13,2;
2,13;
13,14;
14,13;
13,15;
15,13;
14,1;
1,14;
14,2;
2,14;
14,13;
13,14;
15,2;
2,15;
15,3;
3,15;
15,13;
13,15;
16,3;
3,16;
16,4;
4,16;
16,5;
5,16;
17,5;
5,17;
17,6;
6,17;
17,7;
7,17;
18,8;
8,18;
18,20;
20,18;
18,23;
23,18;
18,24;
24,18;
19,6;
6,19;
19,7;
7,19;
19,8;
8,19;
19,20;
20,19;
20,8;
8,20;
20,18;
18,20;
20,19;
19,20;
21,11;
11,21;
21,12;
12,21;
21,22;
22,21;
22,10;
10,22;
22,11;
11,22;
22,12;
12,22;
22,21;
21,22;
23,8;
8,23;
23,18;
18,23;
23,24;
24,23;
24,9;
9,24;
24,18;
18,24;
24,23;
23,24;
24,25;
25,24;
25,9;
9,25;
25,10;
10,25;
25,24;
24,25;
}
label = {
1,1;
2,1;
3,1;
4,1;
5,1;
6,1;
7,1;
8,1;
9,1;
10,1;
11,1;
12,1;
13,2;
14,2;
15,2;
16,2;
17,2;
18,2;
19,2;
20,2;
21,2;
22,2;
23,2;
24,2;
25,2;
}