edge = {
1,15;
15,1;
1,16;
16,1;
1,26;
26,1;
2,3;
3,2;
2,4;
4,2;
2,14;
14,2;
2,27;
27,2;
3,2;
2,3;
3,4;
4,3;
3,13;
13,3;
3,14;
14,3;
3,27;
27,3;
4,2;
2,4;
4,3;
3,4;
4,13;
13,4;
4,19;
19,4;
5,19;
19,5;
5,23;
23,5;
5,24;
24,5;
6,7;
7,6;
6,17;
17,6;
6,18;
18,6;
7,6;
6,7;
7,17;
17,7;
7,20;
20,7;
8,9;
9,8;
8,22;
22,8;
8,29;
29,8;
8,30;
30,8;
9,8;
8,9;
9,22;
22,9;
9,30;
30,9;
10,11;
11,10;
10,12;
12,10;
10,25;
25,10;
11,10;
10,11;
11,12;
12,11;
11,25;
25,11;
12,10;
10,12;
12,11;
11,12;
12,15;
15,12;
12,16;
16,12;
12,25;
25,12;
13,3;
3,13;
13,4;
4,13;
13,19;
19,13;
14,2;
2,14;
14,3;
3,14;
14,26;
26,14;
14,27;
27,14;
15,1;
1,15;
15,12;
12,15;
15,16;
16,15;
15,26;
26,15;
16,1;
1,16;
16,12;
12,16;
16,15;
15,16;
16,26;
26,16;
17,6;
6,17;
17,7;
7,17;
17,18;
18,17;
18,6;
6,18;
18,17;
17,18;
18,23;
23,18;
18,24;
24,18;
18,28;
28,18;
19,4;
4,19;
19,5;
5,19;
19,13;
13,19;
20,7;
7,20;
20,21;
21,20;
20,29;
29,20;
21,20;
20,21;
21,22;
22,21;
21,29;
29,21;
22,8;
8,22;
22,9;
9,22;
22,21;
21,22;
22,29;
29,22;
22,30;
30,22;
23,5;
5,23;
23,18;
18,23;
23,24;
24,23;
23,28;
28,23;
24,5;
5,24;
24,18;
18,24;
24,23;
23,24;
24,28;
28,24;
25,10;
10,25;
25,11;
11,25;
25,12;
12,25;
26,1;
1,26;
26,14;
14,26;
26,15;
15,26;
26,16;
16,26;
27,2;
2,27;
27,3;
3,27;
27,14;
14,27;
28,18;
18,28;
28,23;
23,28;
28,24;
24,28;
29,8;
8,29;
29,20;
20,29;
29,21;
21,29;
29,22;
22,29;
30,8;
8,30;
30,9;
9,30;
30,22;
22,30;
}
label = {
1,1;
2,1;
3,1;
4,1;
5,1;
6,1;
7,1;
8,1;
9,1;
10,2;
11,2;
12,2;
13,2;
14,2;
15,2;
16,2;
17,2;
18,2;
19,2;
20,2;
21,2;
22,2;
23,2;
24,2;
25,3;
26,3;
27,3;
28,3;
29,3;
30,3;
}