edge = {
1,9;
9,1;
1,16;
16,1;
1,28;
28,1;
2,3;
3,2;
2,10;
10,2;
2,11;
11,2;
2,22;
22,2;
2,23;
23,2;
3,2;
2,3;
3,4;
4,3;
3,11;
11,3;
3,22;
22,3;
4,3;
3,4;
4,5;
5,4;
4,10;
10,4;
4,12;
12,4;
5,4;
4,5;
5,11;
11,5;
5,12;
12,5;
5,24;
24,5;
5,34;
34,5;
6,7;
7,6;
6,8;
8,6;
6,14;
14,6;
6,25;
25,6;
7,6;
6,7;
7,8;
8,7;
7,13;
13,7;
7,14;
14,7;
8,6;
6,8;
8,7;
7,8;
8,13;
13,8;
8,14;
14,8;
9,1;
1,9;
9,16;
16,9;
9,28;
28,9;
9,30;
30,9;
10,2;
2,10;
10,4;
4,10;
10,35;
35,10;
10,36;
36,10;
11,2;
2,11;
11,3;
3,11;
11,5;
5,11;
11,12;
12,11;
11,34;
34,11;
12,4;
4,12;
12,5;
5,12;
12,11;
11,12;
12,37;
37,12;
13,7;
7,13;
13,8;
8,13;
13,14;
14,13;
13,38;
38,13;
14,6;
6,14;
14,7;
7,14;
14,8;
8,14;
14,13;
13,14;
15,16;
16,15;
15,26;
26,15;
15,28;
28,15;
16,1;
1,16;
16,9;
9,16;
16,15;
15,16;
16,18;
18,16;
16,26;
26,16;
16,27;
27,16;
17,18;
18,17;
17,19;
19,17;
17,30;
30,17;
17,31;
31,17;
18,16;
16,18;
18,17;
17,18;
18,29;
29,18;
19,17;
17,19;
19,23;
23,19;
19,29;
29,19;
19,36;
36,19;
20,21;
21,20;
20,24;
24,20;
20,33;
33,20;
20,37;
37,20;
21,20;
20,21;
21,25;
25,21;
21,32;
32,21;
21,33;
33,21;
21,38;
38,21;
22,2;
2,22;
22,3;
3,22;
22,23;
23,22;
22,34;
34,22;
23,2;
2,23;
23,19;
19,23;
23,22;
22,23;
23,31;
31,23;
23,35;
35,23;
24,5;
5,24;
24,20;
20,24;
24,32;
32,24;
25,6;
6,25;
25,21;
21,25;
25,33;
33,25;
25,38;
38,25;
26,15;
15,26;
26,16;
16,26;
26,27;
27,26;
27,16;
16,27;
27,26;
26,27;
27,28;
28,27;
28,1;
1,28;
28,9;
9,28;
28,15;
15,28;
28,27;
27,28;
29,18;
18,29;
29,19;
19,29;
29,30;
30,29;
29,31;
31,29;
30,9;
9,30;
30,17;
17,30;
30,29;
29,30;
31,17;
17,31;
31,23;
23,31;
31,29;
29,31;
31,36;
36,31;
32,21;
21,32;
32,24;
24,32;
32,33;
33,32;
32,37;
37,32;
33,20;
20,33;
33,21;
21,33;
33,25;
25,33;
33,32;
32,33;
33,38;
38,33;
34,5;
5,34;
34,11;
11,34;
34,22;
22,34;
34,35;
35,34;
35,10;
10,35;
35,23;
23,35;
35,34;
34,35;
36,10;
10,36;
36,19;
19,36;
36,31;
31,36;
37,12;
12,37;
37,20;
20,37;
37,32;
32,37;
38,13;
13,38;
38,21;
21,38;
38,25;
25,38;
38,33;
33,38;
}
label = {
1,1;
2,1;
3,1;
4,1;
5,1;
6,1;
7,1;
8,1;
9,1;
10,1;
11,1;
12,1;
13,1;
14,1;
15,2;
16,2;
17,2;
18,2;
19,2;
20,2;
21,2;
22,2;
23,2;
24,2;
25,2;
26,2;
27,2;
28,2;
29,2;
30,2;
31,2;
32,2;
33,2;
34,2;
35,2;
36,2;
37,2;
38,2;
}