edge = {
1,2;
2,1;
1,3;
3,1;
1,14;
14,1;
1,15;
15,1;
2,1;
1,2;
2,3;
3,2;
2,4;
4,2;
2,20;
20,2;
3,1;
1,3;
3,2;
2,3;
3,4;
4,3;
4,2;
2,4;
4,3;
3,4;
4,13;
13,4;
5,16;
16,5;
5,23;
23,5;
5,25;
25,5;
6,7;
7,6;
6,27;
27,6;
6,28;
28,6;
7,6;
6,7;
7,18;
18,7;
7,27;
27,7;
7,28;
28,7;
8,9;
9,8;
8,17;
17,8;
8,21;
21,8;
9,8;
8,9;
9,17;
17,9;
9,21;
21,9;
10,11;
11,10;
10,12;
12,10;
10,14;
14,10;
11,10;
10,11;
11,12;
12,11;
11,14;
14,11;
11,15;
15,11;
12,10;
10,12;
12,11;
11,12;
12,14;
14,12;
12,15;
15,12;
13,4;
4,13;
13,16;
16,13;
13,19;
19,13;
13,20;
20,13;
13,23;
23,13;
14,1;
1,14;
14,10;
10,14;
14,11;
11,14;
14,12;
12,14;
14,15;
15,14;
14,20;
20,14;
15,1;
1,15;
15,11;
11,15;
15,12;
12,15;
15,14;
14,15;
15,20;
20,15;
16,5;
5,16;
16,13;
13,16;
16,19;
19,16;
16,23;
23,16;
17,8;
8,17;
17,9;
9,17;
17,18;
18,17;
17,21;
21,17;
17,22;
22,17;
18,7;
7,18;
18,17;
17,18;
18,21;
21,18;
18,22;
22,18;
19,13;
13,19;
19,16;
16,19;
19,23;
23,19;
20,2;
2,20;
20,13;
13,20;
20,14;
14,20;
20,15;
15,20;
21,8;
8,21;
21,9;
9,21;
21,17;
17,21;
21,18;
18,21;
21,22;
22,21;
22,17;
17,22;
22,18;
18,22;
22,21;
21,22;
23,5;
5,23;
23,13;
13,23;
23,16;
16,23;
23,19;
19,23;
23,25;
25,23;
24,25;
25,24;
24,26;
26,24;
24,27;
27,24;
24,28;
28,24;
25,5;
5,25;
25,23;
23,25;
25,24;
24,25;
25,26;
26,25;
26,24;
24,26;
26,25;
25,26;
26,27;
27,26;
27,6;
6,27;
27,7;
7,27;
27,24;
24,27;
27,26;
26,27;
27,28;
28,27;
28,6;
6,28;
28,7;
7,28;
28,24;
24,28;
28,27;
27,28;
}
label = {
1,1;
2,1;
3,1;
4,1;
5,1;
6,1;
7,1;
8,1;
9,1;
10,2;
11,2;
12,2;
13,2;
14,2;
15,2;
16,2;
17,2;
18,2;
19,2;
20,2;
21,2;
22,2;
23,2;
24,2;
25,2;
26,2;
27,2;
28,2;
}