edge = {
1,2;
2,1;
1,14;
14,1;
1,15;
15,1;
2,1;
1,2;
2,3;
3,2;
2,4;
4,2;
2,16;
16,2;
3,2;
2,3;
3,4;
4,3;
3,13;
13,3;
3,16;
16,3;
4,2;
2,4;
4,3;
3,4;
4,13;
13,4;
5,21;
21,5;
5,24;
24,5;
5,27;
27,5;
6,7;
7,6;
6,20;
20,6;
6,22;
22,6;
7,6;
6,7;
7,22;
22,7;
7,25;
25,7;
8,9;
9,8;
8,17;
17,8;
8,26;
26,8;
9,8;
8,9;
9,17;
17,9;
9,26;
26,9;
10,11;
11,10;
10,12;
12,10;
10,14;
14,10;
11,10;
10,11;
11,12;
12,11;
11,14;
14,11;
11,15;
15,11;
12,10;
10,12;
12,11;
11,12;
12,14;
14,12;
12,15;
15,12;
13,3;
3,13;
13,4;
4,13;
13,19;
19,13;
13,21;
21,13;
13,24;
24,13;
14,1;
1,14;
14,10;
10,14;
14,11;
11,14;
14,12;
12,14;
14,15;
15,14;
15,1;
1,15;
15,11;
11,15;
15,12;
12,15;
15,14;
14,15;
15,16;
16,15;
16,2;
2,16;
16,3;
3,16;
16,15;
15,16;
17,8;
8,17;
17,9;
9,17;
17,18;
18,17;
17,25;
25,17;
17,26;
26,17;
18,17;
17,18;
18,25;
25,18;
18,26;
26,18;
19,13;
13,19;
19,21;
21,19;
19,24;
24,19;
20,6;
6,20;
20,22;
22,20;
20,23;
23,20;
20,27;
27,20;
20,28;
28,20;
21,5;
5,21;
21,13;
13,21;
21,19;
19,21;
21,24;
24,21;
22,6;
6,22;
22,7;
7,22;
22,20;
20,22;
22,23;
23,22;
22,28;
28,22;
23,20;
20,23;
23,22;
22,23;
23,27;
27,23;
23,28;
28,23;
24,5;
5,24;
24,13;
13,24;
24,19;
19,24;
24,21;
21,24;
25,7;
7,25;
25,17;
17,25;
25,18;
18,25;
25,26;
26,25;
26,8;
8,26;
26,9;
9,26;
26,17;
17,26;
26,18;
18,26;
26,25;
25,26;
27,5;
5,27;
27,20;
20,27;
27,23;
23,27;
27,28;
28,27;
28,20;
20,28;
28,22;
22,28;
28,23;
23,28;
28,27;
27,28;
}
label = {
1,1;
2,1;
3,1;
4,1;
5,1;
6,1;
7,1;
8,1;
9,1;
10,2;
11,2;
12,2;
13,2;
14,2;
15,2;
16,2;
17,2;
18,2;
19,2;
20,2;
21,2;
22,2;
23,2;
24,2;
25,2;
26,2;
27,2;
28,2;
}