edge = {
1,2;
2,1;
1,3;
3,1;
1,4;
4,1;
2,1;
1,2;
2,3;
3,2;
2,4;
4,2;
2,18;
18,2;
2,19;
19,2;
3,1;
1,3;
3,2;
2,3;
3,4;
4,3;
3,21;
21,3;
3,22;
22,3;
4,1;
1,4;
4,2;
2,4;
4,3;
3,4;
4,6;
6,4;
4,22;
22,4;
4,26;
26,4;
5,22;
22,5;
5,24;
24,5;
5,26;
26,5;
6,4;
4,6;
6,7;
7,6;
6,8;
8,6;
6,9;
9,6;
6,25;
25,6;
6,27;
27,6;
7,6;
6,7;
7,8;
8,7;
7,9;
9,7;
7,27;
27,7;
8,6;
6,8;
8,7;
7,8;
8,9;
9,8;
8,28;
28,8;
9,6;
6,9;
9,7;
7,9;
9,8;
8,9;
9,10;
10,9;
9,11;
11,9;
9,28;
28,9;
9,29;
29,9;
10,9;
9,10;
10,11;
11,10;
10,12;
12,10;
10,32;
32,10;
11,9;
9,11;
11,10;
10,11;
11,12;
12,11;
11,33;
33,11;
12,10;
10,12;
12,11;
11,12;
12,13;
13,12;
12,34;
34,12;
12,36;
36,12;
13,12;
12,13;
13,14;
14,13;
13,15;
15,13;
13,36;
36,13;
13,37;
37,13;
14,13;
13,14;
14,15;
15,14;
14,16;
16,14;
14,17;
17,14;
14,37;
37,14;
14,38;
38,14;
15,13;
13,15;
15,14;
14,15;
15,16;
16,15;
15,17;
17,15;
15,38;
38,15;
16,14;
14,16;
16,15;
15,16;
16,17;
17,16;
16,35;
35,16;
17,14;
14,17;
17,15;
15,17;
17,16;
16,17;
17,35;
35,17;
18,2;
2,18;
18,19;
19,18;
18,20;
20,18;
18,21;
21,18;
18,22;
22,18;
19,2;
2,19;
19,18;
18,19;
19,20;
20,19;
19,21;
21,19;
20,18;
18,20;
20,19;
19,20;
20,21;
21,20;
21,3;
3,21;
21,18;
18,21;
21,19;
19,21;
21,20;
20,21;
21,22;
22,21;
22,3;
3,22;
22,4;
4,22;
22,5;
5,22;
22,18;
18,22;
22,21;
21,22;
22,26;
26,22;
23,24;
24,23;
23,25;
25,23;
23,27;
27,23;
24,5;
5,24;
24,23;
23,24;
24,25;
25,24;
24,26;
26,24;
25,6;
6,25;
25,23;
23,25;
25,24;
24,25;
25,27;
27,25;
26,4;
4,26;
26,5;
5,26;
26,22;
22,26;
26,24;
24,26;
27,6;
6,27;
27,7;
7,27;
27,23;
23,27;
27,25;
25,27;
27,28;
28,27;
28,8;
8,28;
28,9;
9,28;
28,27;
27,28;
28,29;
29,28;
28,30;
30,28;
29,9;
9,29;
29,28;
28,29;
29,30;
30,29;
29,31;
31,29;
29,32;
32,29;
30,28;
28,30;
30,29;
29,30;
30,31;
31,30;
30,32;
32,30;
31,29;
29,31;
31,30;
30,31;
31,32;
32,31;
32,10;
10,32;
32,29;
29,32;
32,30;
30,32;
32,31;
31,32;
32,33;
33,32;
33,11;
11,33;
33,32;
32,33;
33,34;
34,33;
33,36;
36,33;
34,12;
12,34;
34,33;
33,34;
34,36;
36,34;
34,37;
37,34;
35,16;
16,35;
35,17;
17,35;
35,36;
36,35;
35,37;
37,35;
35,38;
38,35;
36,12;
12,36;
36,13;
13,36;
36,33;
33,36;
36,34;
34,36;
36,35;
35,36;
36,37;
37,36;
36,38;
38,36;
37,13;
13,37;
37,14;
14,37;
37,34;
34,37;
37,35;
35,37;
37,36;
36,37;
37,38;
38,37;
38,14;
14,38;
38,15;
15,38;
38,35;
35,38;
38,36;
36,38;
38,37;
37,38;
}
label = {
1,1;
2,1;
3,1;
4,1;
5,1;
6,1;
7,1;
8,1;
9,1;
10,1;
11,1;
12,1;
13,1;
14,1;
15,1;
16,1;
17,1;
18,2;
19,2;
20,2;
21,2;
22,2;
23,2;
24,2;
25,2;
26,2;
27,2;
28,2;
29,2;
30,2;
31,2;
32,2;
33,2;
34,2;
35,2;
36,2;
37,2;
38,2;
}