edge = {
1,2;
2,1;
1,22;
22,1;
1,23;
23,1;
2,1;
1,2;
2,3;
3,2;
2,21;
21,2;
2,22;
22,2;
2,23;
23,2;
3,2;
2,3;
3,21;
21,3;
3,24;
24,3;
4,5;
5,4;
4,24;
24,4;
4,25;
25,4;
5,4;
4,5;
5,6;
6,5;
5,25;
25,5;
5,29;
29,5;
6,5;
5,6;
6,29;
29,6;
6,31;
31,6;
7,8;
8,7;
7,30;
30,7;
7,31;
31,7;
8,7;
7,8;
8,28;
28,8;
8,30;
30,8;
9,10;
10,9;
9,27;
27,9;
9,28;
28,9;
10,9;
9,10;
10,27;
27,10;
10,28;
28,10;
11,26;
26,11;
11,27;
27,11;
11,32;
32,11;
12,13;
13,12;
12,33;
33,12;
12,34;
34,12;
13,12;
12,13;
13,14;
14,13;
13,33;
33,13;
13,34;
34,13;
14,13;
13,14;
14,39;
39,14;
14,40;
40,14;
15,37;
37,15;
15,39;
39,15;
15,40;
40,15;
16,17;
17,16;
16,36;
36,16;
16,37;
37,16;
17,16;
16,17;
17,18;
18,17;
17,35;
35,17;
17,36;
36,17;
18,17;
17,18;
18,19;
19,18;
18,35;
35,18;
18,36;
36,18;
19,18;
18,19;
19,20;
20,19;
19,35;
35,19;
19,38;
38,19;
20,19;
19,20;
20,35;
35,20;
20,38;
38,20;
21,2;
2,21;
21,3;
3,21;
21,22;
22,21;
21,24;
24,21;
22,1;
1,22;
22,2;
2,22;
22,21;
21,22;
22,23;
23,22;
23,1;
1,23;
23,2;
2,23;
23,22;
22,23;
24,3;
3,24;
24,4;
4,24;
24,21;
21,24;
25,4;
4,25;
25,5;
5,25;
25,29;
29,25;
26,11;
11,26;
26,27;
27,26;
26,32;
32,26;
26,33;
33,26;
27,9;
9,27;
27,10;
10,27;
27,11;
11,27;
27,26;
26,27;
28,8;
8,28;
28,9;
9,28;
28,10;
10,28;
28,30;
30,28;
29,5;
5,29;
29,6;
6,29;
29,25;
25,29;
30,7;
7,30;
30,8;
8,30;
30,28;
28,30;
30,31;
31,30;
31,6;
6,31;
31,7;
7,31;
31,30;
30,31;
32,11;
11,32;
32,26;
26,32;
32,33;
33,32;
32,34;
34,32;
33,12;
12,33;
33,13;
13,33;
33,26;
26,33;
33,32;
32,33;
33,34;
34,33;
34,12;
12,34;
34,13;
13,34;
34,32;
32,34;
34,33;
33,34;
35,17;
17,35;
35,18;
18,35;
35,19;
19,35;
35,20;
20,35;
35,38;
38,35;
36,16;
16,36;
36,17;
17,36;
36,18;
18,36;
36,37;
37,36;
37,15;
15,37;
37,16;
16,37;
37,36;
36,37;
38,19;
19,38;
38,20;
20,38;
38,35;
35,38;
39,14;
14,39;
39,15;
15,39;
39,40;
40,39;
40,14;
14,40;
40,15;
15,40;
40,39;
39,40;
}
label = {
1,1;
2,1;
3,1;
4,1;
5,1;
6,1;
7,1;
8,1;
9,1;
10,1;
11,1;
12,1;
13,1;
14,1;
15,1;
16,1;
17,1;
18,1;
19,1;
20,1;
21,2;
22,2;
23,2;
24,2;
25,2;
26,2;
27,2;
28,2;
29,2;
30,2;
31,2;
32,2;
33,2;
34,2;
35,2;
36,2;
37,2;
38,2;
39,2;
40,2;
}