edge = {
1,2;
2,1;
1,3;
3,1;
1,25;
25,1;
2,1;
1,2;
2,3;
3,2;
2,4;
4,2;
2,23;
23,2;
2,24;
24,2;
3,1;
1,3;
3,2;
2,3;
3,4;
4,3;
3,5;
5,3;
3,23;
23,3;
3,26;
26,3;
4,2;
2,4;
4,3;
3,4;
4,5;
5,4;
4,26;
26,4;
4,27;
27,4;
5,3;
3,5;
5,4;
4,5;
5,6;
6,5;
5,27;
27,5;
5,30;
30,5;
6,5;
5,6;
6,7;
7,6;
6,28;
28,6;
6,30;
30,6;
7,6;
6,7;
7,8;
8,7;
7,9;
9,7;
7,28;
28,7;
7,29;
29,7;
8,7;
7,8;
8,9;
9,8;
8,10;
10,8;
8,29;
29,8;
8,31;
31,8;
9,7;
7,9;
9,8;
8,9;
9,10;
10,9;
9,11;
11,9;
9,12;
12,9;
9,31;
31,9;
10,8;
8,10;
10,9;
9,10;
10,11;
11,10;
10,12;
12,10;
11,9;
9,11;
11,10;
10,11;
11,12;
12,11;
11,32;
32,11;
12,9;
9,12;
12,10;
10,12;
12,11;
11,12;
12,32;
32,12;
12,33;
33,12;
13,14;
14,13;
13,15;
15,13;
13,35;
35,13;
13,36;
36,13;
14,13;
13,14;
14,15;
15,14;
14,36;
36,14;
15,13;
13,15;
15,14;
14,15;
15,37;
37,15;
16,17;
17,16;
16,38;
38,16;
16,40;
40,16;
17,16;
16,17;
17,18;
18,17;
17,19;
19,17;
17,40;
40,17;
17,41;
41,17;
18,17;
17,18;
18,19;
19,18;
18,20;
20,18;
18,41;
41,18;
19,17;
17,19;
19,18;
18,19;
19,20;
20,19;
19,21;
21,19;
19,41;
41,19;
19,42;
42,19;
20,18;
18,20;
20,19;
19,20;
20,21;
21,20;
20,22;
22,20;
20,39;
39,20;
20,42;
42,20;
21,19;
19,21;
21,20;
20,21;
21,22;
22,21;
21,39;
39,21;
21,42;
42,21;
22,20;
20,22;
22,21;
21,22;
22,39;
39,22;
23,2;
2,23;
23,3;
3,23;
23,24;
24,23;
23,25;
25,23;
23,26;
26,23;
23,27;
27,23;
24,2;
2,24;
24,23;
23,24;
24,25;
25,24;
24,26;
26,24;
25,1;
1,25;
25,23;
23,25;
25,24;
24,25;
26,3;
3,26;
26,4;
4,26;
26,23;
23,26;
26,24;
24,26;
26,27;
27,26;
27,4;
4,27;
27,5;
5,27;
27,23;
23,27;
27,26;
26,27;
27,30;
30,27;
28,6;
6,28;
28,7;
7,28;
28,29;
29,28;
28,30;
30,28;
28,31;
31,28;
29,7;
7,29;
29,8;
8,29;
29,28;
28,29;
29,30;
30,29;
29,31;
31,29;
30,5;
5,30;
30,6;
6,30;
30,27;
27,30;
30,28;
28,30;
30,29;
29,30;
31,8;
8,31;
31,9;
9,31;
31,28;
28,31;
31,29;
29,31;
31,32;
32,31;
32,11;
11,32;
32,12;
12,32;
32,31;
31,32;
32,33;
33,32;
32,34;
34,32;
33,12;
12,33;
33,32;
32,33;
33,34;
34,33;
33,35;
35,33;
34,32;
32,34;
34,33;
33,34;
34,35;
35,34;
34,36;
36,34;
35,13;
13,35;
35,33;
33,35;
35,34;
34,35;
35,36;
36,35;
36,13;
13,36;
36,14;
14,36;
36,34;
34,36;
36,35;
35,36;
37,15;
15,37;
37,38;
38,37;
37,40;
40,37;
38,16;
16,38;
38,37;
37,38;
38,40;
40,38;
39,20;
20,39;
39,21;
21,39;
39,22;
22,39;
39,42;
42,39;
40,16;
16,40;
40,17;
17,40;
40,37;
37,40;
40,38;
38,40;
40,41;
41,40;
41,17;
17,41;
41,18;
18,41;
41,19;
19,41;
41,40;
40,41;
41,42;
42,41;
42,19;
19,42;
42,20;
20,42;
42,21;
21,42;
42,39;
39,42;
42,41;
41,42;
}
label = {
1,1;
2,1;
3,1;
4,1;
5,1;
6,1;
7,1;
8,1;
9,1;
10,1;
11,1;
12,1;
13,1;
14,1;
15,1;
16,1;
17,1;
18,1;
19,1;
20,1;
21,1;
22,1;
23,2;
24,2;
25,2;
26,2;
27,2;
28,2;
29,2;
30,2;
31,2;
32,2;
33,2;
34,2;
35,2;
36,2;
37,2;
38,2;
39,2;
40,2;
41,2;
42,2;
}