edge = {
1,14;
14,1;
1,16;
16,1;
1,17;
17,1;
2,3;
3,2;
2,17;
17,2;
2,18;
18,2;
2,19;
19,2;
2,20;
20,2;
3,2;
2,3;
3,4;
4,3;
3,18;
18,3;
4,3;
3,4;
4,5;
5,4;
4,15;
15,4;
4,18;
18,4;
5,4;
4,5;
5,15;
15,5;
5,18;
18,5;
6,7;
7,6;
6,13;
13,6;
6,15;
15,6;
7,6;
6,7;
7,12;
12,7;
7,13;
13,7;
8,9;
9,8;
8,10;
10,8;
8,11;
11,8;
8,12;
12,8;
9,8;
8,9;
9,10;
10,9;
9,11;
11,9;
10,8;
8,10;
10,9;
9,10;
10,11;
11,10;
11,8;
8,11;
11,9;
9,11;
11,10;
10,11;
12,7;
7,12;
12,8;
8,12;
12,13;
13,12;
13,6;
6,13;
13,7;
7,13;
13,12;
12,13;
14,1;
1,14;
14,16;
16,14;
14,17;
17,14;
15,4;
4,15;
15,5;
5,15;
15,6;
6,15;
16,1;
1,16;
16,14;
14,16;
16,17;
17,16;
16,19;
19,16;
16,20;
20,16;
17,1;
1,17;
17,2;
2,17;
17,14;
14,17;
17,16;
16,17;
17,19;
19,17;
17,20;
20,17;
18,2;
2,18;
18,3;
3,18;
18,4;
4,18;
18,5;
5,18;
19,2;
2,19;
19,16;
16,19;
19,17;
17,19;
19,20;
20,19;
20,2;
2,20;
20,16;
16,20;
20,17;
17,20;
20,19;
19,20;
}
label = {
1,1;
2,1;
3,1;
4,1;
5,1;
6,1;
7,1;
8,1;
9,1;
10,1;
11,2;
12,2;
13,2;
14,2;
15,2;
16,2;
17,2;
18,2;
19,2;
20,2;
}