edge = {
1,13;
13,1;
1,15;
15,1;
1,16;
16,1;
2,3;
3,2;
2,16;
16,2;
2,17;
17,2;
2,18;
18,2;
2,19;
19,2;
3,2;
2,3;
3,4;
4,3;
3,17;
17,3;
4,3;
3,4;
4,5;
5,4;
4,14;
14,4;
4,17;
17,4;
5,4;
4,5;
5,14;
14,5;
5,17;
17,5;
6,7;
7,6;
6,12;
12,6;
6,14;
14,6;
7,6;
6,7;
7,11;
11,7;
7,12;
12,7;
8,9;
9,8;
8,10;
10,8;
8,11;
11,8;
9,8;
8,9;
9,10;
10,9;
9,11;
11,9;
10,8;
8,10;
10,9;
9,10;
10,11;
11,10;
11,7;
7,11;
11,8;
8,11;
11,9;
9,11;
11,10;
10,11;
11,12;
12,11;
12,6;
6,12;
12,7;
7,12;
12,11;
11,12;
13,1;
1,13;
13,15;
15,13;
13,16;
16,13;
14,4;
4,14;
14,5;
5,14;
14,6;
6,14;
15,1;
1,15;
15,13;
13,15;
15,16;
16,15;
15,18;
18,15;
15,19;
19,15;
16,1;
1,16;
16,2;
2,16;
16,13;
13,16;
16,15;
15,16;
16,18;
18,16;
16,19;
19,16;
17,2;
2,17;
17,3;
3,17;
17,4;
4,17;
17,5;
5,17;
18,2;
2,18;
18,15;
15,18;
18,16;
16,18;
18,19;
19,18;
19,2;
2,19;
19,15;
15,19;
19,16;
16,19;
19,18;
18,19;
}
label = {
1,1;
2,1;
3,1;
4,1;
5,1;
6,1;
7,1;
8,1;
9,1;
10,2;
11,2;
12,2;
13,2;
14,2;
15,2;
16,2;
17,2;
18,2;
19,2;
}