edge = {
1,12;
12,1;
1,14;
14,1;
1,15;
15,1;
2,3;
3,2;
2,14;
14,2;
2,15;
15,2;
2,16;
16,2;
3,2;
2,3;
3,4;
4,3;
3,16;
16,3;
4,3;
3,4;
4,5;
5,4;
4,13;
13,4;
4,16;
16,4;
5,4;
4,5;
5,13;
13,5;
5,16;
16,5;
6,7;
7,6;
6,11;
11,6;
6,13;
13,6;
7,6;
6,7;
7,8;
8,7;
7,9;
9,7;
7,10;
10,7;
7,11;
11,7;
8,7;
7,8;
8,9;
9,8;
8,10;
10,8;
9,7;
7,9;
9,8;
8,9;
9,10;
10,9;
10,7;
7,10;
10,8;
8,10;
10,9;
9,10;
10,11;
11,10;
11,6;
6,11;
11,7;
7,11;
11,10;
10,11;
12,1;
1,12;
12,14;
14,12;
12,15;
15,12;
13,4;
4,13;
13,5;
5,13;
13,6;
6,13;
14,1;
1,14;
14,2;
2,14;
14,12;
12,14;
14,15;
15,14;
15,1;
1,15;
15,2;
2,15;
15,12;
12,15;
15,14;
14,15;
16,2;
2,16;
16,3;
3,16;
16,4;
4,16;
16,5;
5,16;
}
label = {
1,1;
2,1;
3,1;
4,1;
5,1;
6,1;
7,1;
8,1;
9,1;
10,2;
11,2;
12,2;
13,2;
14,2;
15,2;
16,2;
}