edge = {
1,23;
23,1;
1,27;
27,1;
2,25;
25,2;
2,28;
28,2;
2,46;
46,2;
2,64;
64,2;
3,4;
4,3;
3,8;
8,3;
3,22;
22,3;
4,3;
3,4;
4,7;
7,4;
4,17;
17,4;
5,23;
23,5;
5,41;
41,5;
6,28;
28,6;
6,43;
43,6;
6,46;
46,6;
7,4;
4,7;
7,8;
8,7;
7,12;
12,7;
7,16;
16,7;
7,40;
40,7;
8,3;
3,8;
8,7;
7,8;
8,11;
11,8;
8,15;
15,8;
8,16;
16,8;
8,17;
17,8;
8,35;
35,8;
9,23;
23,9;
9,59;
59,9;
10,28;
28,10;
10,61;
61,10;
10,64;
64,10;
11,8;
8,11;
11,12;
12,11;
11,58;
58,11;
12,7;
7,12;
12,11;
11,12;
12,53;
53,12;
13,77;
77,13;
14,28;
28,14;
14,46;
46,14;
14,64;
64,14;
14,79;
79,14;
14,82;
82,14;
15,8;
8,15;
15,16;
16,15;
15,76;
76,15;
16,7;
7,16;
16,8;
8,16;
16,15;
15,16;
16,71;
71,16;
17,4;
4,17;
17,8;
8,17;
17,18;
18,17;
18,17;
17,18;
18,19;
19,18;
19,18;
18,19;
19,21;
21,19;
19,39;
39,19;
19,57;
57,19;
19,75;
75,19;
20,21;
21,20;
20,32;
32,20;
21,19;
19,21;
21,20;
20,21;
21,37;
37,21;
21,55;
55,21;
21,73;
73,21;
22,3;
3,22;
22,34;
34,22;
23,1;
1,23;
23,5;
5,23;
23,9;
9,23;
23,24;
24,23;
23,27;
27,23;
23,45;
45,23;
23,63;
63,23;
23,81;
81,23;
24,23;
23,24;
24,26;
26,24;
24,44;
44,24;
24,62;
62,24;
24,80;
80,24;
25,2;
2,25;
25,26;
26,25;
26,24;
24,26;
26,25;
25,26;
26,42;
42,26;
26,60;
60,26;
26,78;
78,26;
27,1;
1,27;
27,23;
23,27;
27,41;
41,27;
27,59;
59,27;
27,77;
77,27;
28,2;
2,28;
28,6;
6,28;
28,10;
10,28;
28,14;
14,28;
28,30;
30,28;
29,31;
31,29;
29,33;
33,29;
30,28;
28,30;
30,31;
31,30;
31,29;
29,31;
31,30;
30,31;
32,20;
20,32;
33,29;
29,33;
33,34;
34,33;
33,51;
51,33;
33,87;
87,33;
34,22;
22,34;
34,33;
33,34;
34,88;
88,34;
35,8;
8,35;
35,36;
36,35;
36,35;
35,36;
36,37;
37,36;
37,21;
21,37;
37,36;
36,37;
37,39;
39,37;
37,57;
57,37;
37,75;
75,37;
38,39;
39,38;
38,50;
50,38;
39,19;
19,39;
39,37;
37,39;
39,38;
38,39;
40,7;
7,40;
40,52;
52,40;
41,5;
5,41;
41,27;
27,41;
41,45;
45,41;
41,63;
63,41;
41,81;
81,41;
42,26;
26,42;
42,43;
43,42;
42,44;
44,42;
42,62;
62,42;
42,80;
80,42;
43,6;
6,43;
43,42;
42,43;
44,24;
24,44;
44,42;
42,44;
44,45;
45,44;
45,23;
23,45;
45,41;
41,45;
45,44;
44,45;
46,2;
2,46;
46,6;
6,46;
46,14;
14,46;
46,48;
48,46;
47,49;
49,47;
47,51;
51,47;
48,46;
46,48;
48,49;
49,48;
49,47;
47,49;
49,48;
48,49;
50,38;
38,50;
51,33;
33,51;
51,47;
47,51;
51,52;
52,51;
51,69;
69,51;
52,40;
40,52;
52,51;
51,52;
52,88;
88,52;
53,12;
12,53;
53,54;
54,53;
54,53;
53,54;
54,55;
55,54;
55,21;
21,55;
55,54;
54,55;
55,57;
57,55;
56,57;
57,56;
56,68;
68,56;
57,19;
19,57;
57,37;
37,57;
57,55;
55,57;
57,56;
56,57;
58,11;
11,58;
58,70;
70,58;
59,9;
9,59;
59,27;
27,59;
59,63;
63,59;
60,26;
26,60;
60,61;
61,60;
60,62;
62,60;
61,10;
10,61;
61,60;
60,61;
62,24;
24,62;
62,42;
42,62;
62,60;
60,62;
62,63;
63,62;
63,23;
23,63;
63,41;
41,63;
63,59;
59,63;
63,62;
62,63;
64,2;
2,64;
64,10;
10,64;
64,14;
14,64;
64,66;
66,64;
65,67;
67,65;
65,69;
69,65;
66,64;
64,66;
66,67;
67,66;
67,65;
65,67;
67,66;
66,67;
68,56;
56,68;
69,51;
51,69;
69,65;
65,69;
69,70;
70,69;
69,87;
87,69;
70,58;
58,70;
70,69;
69,70;
70,88;
88,70;
71,16;
16,71;
71,72;
72,71;
72,71;
71,72;
72,73;
73,72;
73,21;
21,73;
73,72;
72,73;
73,75;
75,73;
74,75;
75,74;
74,86;
86,74;
75,19;
19,75;
75,37;
37,75;
75,73;
73,75;
75,74;
74,75;
76,15;
15,76;
76,88;
88,76;
77,13;
13,77;
77,27;
27,77;
77,81;
81,77;
78,26;
26,78;
78,79;
79,78;
78,80;
80,78;
79,14;
14,79;
79,78;
78,79;
80,24;
24,80;
80,42;
42,80;
80,78;
78,80;
80,81;
81,80;
81,23;
23,81;
81,41;
41,81;
81,77;
77,81;
81,80;
80,81;
82,14;
14,82;
82,84;
84,82;
83,85;
85,83;
83,87;
87,83;
84,82;
82,84;
84,85;
85,84;
85,83;
83,85;
85,84;
84,85;
86,74;
74,86;
87,33;
33,87;
87,69;
69,87;
87,83;
83,87;
87,88;
88,87;
88,34;
34,88;
88,52;
52,88;
88,70;
70,88;
88,76;
76,88;
88,87;
87,88;
}
label = {
1,1;
2,1;
3,1;
4,1;
5,1;
6,1;
7,1;
8,1;
9,1;
10,1;
11,1;
12,1;
13,1;
14,1;
15,1;
16,1;
17,2;
18,2;
19,2;
20,2;
21,2;
22,2;
23,2;
24,2;
25,2;
26,2;
27,2;
28,2;
29,2;
30,2;
31,2;
32,2;
33,2;
34,2;
35,2;
36,2;
37,2;
38,2;
39,2;
40,2;
41,2;
42,2;
43,2;
44,2;
45,2;
46,2;
47,2;
48,2;
49,2;
50,2;
51,2;
52,2;
53,2;
54,2;
55,2;
56,2;
57,2;
58,2;
59,2;
60,2;
61,2;
62,2;
63,2;
64,2;
65,2;
66,2;
67,2;
68,2;
69,2;
70,2;
71,2;
72,2;
73,2;
74,2;
75,2;
76,2;
77,2;
78,2;
79,2;
80,2;
81,2;
82,2;
83,2;
84,2;
85,2;
86,2;
87,2;
88,2;
}