edge = {
1,8;
8,1;
1,9;
9,1;
1,16;
16,1;
2,9;
9,2;
2,10;
10,2;
2,11;
11,2;
3,4;
4,3;
3,11;
11,3;
3,17;
17,3;
4,3;
3,4;
4,11;
11,4;
4,12;
12,4;
4,17;
17,4;
5,6;
6,5;
5,12;
12,5;
5,13;
13,5;
5,18;
18,5;
6,5;
5,6;
6,7;
7,6;
6,13;
13,6;
6,14;
14,6;
6,15;
15,6;
7,6;
6,7;
7,14;
14,7;
7,15;
15,7;
8,1;
1,8;
8,9;
9,8;
8,16;
16,8;
9,1;
1,9;
9,2;
2,9;
9,8;
8,9;
9,10;
10,9;
9,16;
16,9;
10,2;
2,10;
10,9;
9,10;
10,16;
16,10;
11,2;
2,11;
11,3;
3,11;
11,4;
4,11;
12,4;
4,12;
12,5;
5,12;
12,17;
17,12;
12,18;
18,12;
13,5;
5,13;
13,6;
6,13;
13,18;
18,13;
14,6;
6,14;
14,7;
7,14;
14,15;
15,14;
15,6;
6,15;
15,7;
7,15;
15,14;
14,15;
16,1;
1,16;
16,8;
8,16;
16,9;
9,16;
16,10;
10,16;
17,3;
3,17;
17,4;
4,17;
17,12;
12,17;
17,18;
18,17;
18,5;
5,18;
18,12;
12,18;
18,13;
13,18;
18,17;
17,18;
}
label = {
1,1;
2,1;
3,1;
4,1;
5,1;
6,1;
7,1;
8,2;
9,2;
10,2;
11,2;
12,2;
13,2;
14,2;
15,2;
16,3;
17,3;
18,3;
}