edge = {
1,2;
2,1;
1,3;
3,1;
1,4;
4,1;
2,1;
1,2;
2,3;
3,2;
2,4;
4,2;
2,19;
19,2;
2,20;
20,2;
3,1;
1,3;
3,2;
2,3;
3,4;
4,3;
3,5;
5,3;
3,17;
17,3;
3,20;
20,3;
4,1;
1,4;
4,2;
2,4;
4,3;
3,4;
4,5;
5,4;
4,6;
6,4;
4,17;
17,4;
5,3;
3,5;
5,4;
4,5;
5,6;
6,5;
5,7;
7,5;
6,4;
4,6;
6,5;
5,6;
6,7;
7,6;
6,8;
8,6;
7,5;
5,7;
7,6;
6,7;
7,8;
8,7;
7,21;
21,7;
8,6;
6,8;
8,7;
7,8;
8,9;
9,8;
8,21;
21,8;
8,23;
23,8;
9,8;
8,9;
9,22;
22,9;
9,23;
23,9;
9,24;
24,9;
10,11;
11,10;
10,12;
12,10;
10,30;
30,10;
11,10;
10,11;
11,12;
12,11;
11,13;
13,11;
11,27;
27,11;
12,10;
10,12;
12,11;
11,12;
12,13;
13,12;
12,14;
14,12;
12,28;
28,12;
13,11;
11,13;
13,12;
12,13;
13,14;
14,13;
14,12;
12,14;
14,13;
13,14;
14,15;
15,14;
14,31;
31,14;
14,33;
33,14;
15,14;
14,15;
15,16;
16,15;
15,32;
32,15;
16,15;
15,16;
16,32;
32,16;
16,33;
33,16;
17,3;
3,17;
17,4;
4,17;
17,18;
18,17;
17,19;
19,17;
17,20;
20,17;
17,21;
21,17;
18,17;
17,18;
18,19;
19,18;
18,20;
20,18;
19,2;
2,19;
19,17;
17,19;
19,18;
18,19;
19,20;
20,19;
20,2;
2,20;
20,3;
3,20;
20,17;
17,20;
20,18;
18,20;
20,19;
19,20;
21,7;
7,21;
21,8;
8,21;
21,17;
17,21;
21,23;
23,21;
21,24;
24,21;
22,9;
9,22;
22,24;
24,22;
22,25;
25,22;
22,26;
26,22;
23,8;
8,23;
23,9;
9,23;
23,21;
21,23;
23,24;
24,23;
24,9;
9,24;
24,21;
21,24;
24,22;
22,24;
24,23;
23,24;
25,22;
22,25;
25,26;
26,25;
25,29;
29,25;
25,30;
30,25;
26,22;
22,26;
26,25;
25,26;
26,29;
29,26;
27,11;
11,27;
27,28;
28,27;
27,29;
29,27;
27,30;
30,27;
28,12;
12,28;
28,27;
27,28;
28,30;
30,28;
28,31;
31,28;
29,25;
25,29;
29,26;
26,29;
29,27;
27,29;
29,30;
30,29;
30,10;
10,30;
30,25;
25,30;
30,27;
27,30;
30,28;
28,30;
30,29;
29,30;
31,14;
14,31;
31,28;
28,31;
31,32;
32,31;
31,33;
33,31;
32,15;
15,32;
32,16;
16,32;
32,31;
31,32;
32,33;
33,32;
33,14;
14,33;
33,16;
16,33;
33,31;
31,33;
33,32;
32,33;
}
label = {
1,1;
2,1;
3,1;
4,1;
5,1;
6,1;
7,1;
8,1;
9,1;
10,1;
11,1;
12,1;
13,1;
14,1;
15,1;
16,1;
17,2;
18,2;
19,2;
20,2;
21,2;
22,2;
23,2;
24,2;
25,2;
26,2;
27,2;
28,2;
29,2;
30,2;
31,2;
32,2;
33,2;
}