edge = {
1,2;
2,1;
1,3;
3,1;
1,9;
9,1;
2,1;
1,2;
2,3;
3,2;
2,9;
9,2;
3,1;
1,3;
3,2;
2,3;
3,9;
9,3;
3,10;
10,3;
4,5;
5,4;
4,9;
9,4;
4,10;
10,4;
4,11;
11,4;
5,4;
4,5;
5,11;
11,5;
5,12;
12,5;
5,13;
13,5;
6,13;
13,6;
6,16;
16,6;
6,17;
17,6;
7,8;
8,7;
7,14;
14,7;
7,19;
19,7;
8,7;
7,8;
8,18;
18,8;
8,19;
19,8;
9,1;
1,9;
9,2;
2,9;
9,3;
3,9;
9,4;
4,9;
9,10;
10,9;
10,3;
3,10;
10,4;
4,10;
10,9;
9,10;
10,11;
11,10;
11,4;
4,11;
11,5;
5,11;
11,10;
10,11;
11,12;
12,11;
12,5;
5,12;
12,11;
11,12;
12,13;
13,12;
13,5;
5,13;
13,6;
6,13;
13,12;
12,13;
14,7;
7,14;
14,15;
15,14;
14,16;
16,14;
14,17;
17,14;
15,14;
14,15;
15,16;
16,15;
15,17;
17,15;
16,6;
6,16;
16,14;
14,16;
16,15;
15,16;
16,17;
17,16;
17,6;
6,17;
17,14;
14,17;
17,15;
15,17;
17,16;
16,17;
18,8;
8,18;
18,19;
19,18;
18,21;
21,18;
18,22;
22,18;
19,7;
7,19;
19,8;
8,19;
19,18;
18,19;
19,21;
21,19;
20,21;
21,20;
20,22;
22,20;
20,23;
23,20;
21,18;
18,21;
21,19;
19,21;
21,20;
20,21;
21,22;
22,21;
21,23;
23,21;
22,18;
18,22;
22,20;
20,22;
22,21;
21,22;
22,23;
23,22;
23,20;
20,23;
23,21;
21,23;
23,22;
22,23;
}
label = {
1,1;
2,1;
3,1;
4,1;
5,1;
6,1;
7,1;
8,1;
9,2;
10,2;
11,2;
12,2;
13,2;
14,2;
15,2;
16,2;
17,2;
18,2;
19,2;
20,2;
21,2;
22,2;
23,2;
}