edge = {
1,2;
2,1;
1,25;
25,1;
1,27;
27,1;
2,1;
1,2;
2,3;
3,2;
2,4;
4,2;
2,28;
28,2;
2,31;
31,2;
3,2;
2,3;
3,4;
4,3;
3,5;
5,3;
3,28;
28,3;
4,2;
2,4;
4,3;
3,4;
4,5;
5,4;
4,6;
6,4;
4,29;
29,4;
5,3;
3,5;
5,4;
4,5;
5,6;
6,5;
5,7;
7,5;
5,29;
29,5;
6,4;
4,6;
6,5;
5,6;
6,7;
7,6;
7,5;
5,7;
7,6;
6,7;
7,8;
8,7;
7,9;
9,7;
8,7;
7,8;
8,9;
9,8;
8,10;
10,8;
9,7;
7,9;
9,8;
8,9;
9,10;
10,9;
10,8;
8,10;
10,9;
9,10;
10,11;
11,10;
11,10;
10,11;
11,12;
12,11;
11,13;
13,11;
11,26;
26,11;
12,11;
11,12;
12,13;
13,12;
12,14;
14,12;
12,26;
26,12;
13,11;
11,13;
13,12;
12,13;
13,14;
14,13;
13,24;
24,13;
13,26;
26,13;
14,12;
12,14;
14,13;
13,14;
14,15;
15,14;
14,24;
24,14;
14,32;
32,14;
15,14;
14,15;
15,16;
16,15;
15,17;
17,15;
15,32;
32,15;
15,33;
33,15;
16,15;
15,16;
16,17;
17,16;
16,23;
23,16;
16,33;
33,16;
17,15;
15,17;
17,16;
16,17;
17,18;
18,17;
17,23;
23,17;
17,34;
34,17;
18,17;
17,18;
18,19;
19,18;
18,20;
20,18;
18,34;
34,18;
18,35;
35,18;
19,18;
18,19;
19,20;
20,19;
19,21;
21,19;
19,22;
22,19;
19,35;
35,19;
20,18;
18,20;
20,19;
19,20;
20,21;
21,20;
20,22;
22,20;
21,19;
19,21;
21,20;
20,21;
21,22;
22,21;
22,19;
19,22;
22,20;
20,22;
22,21;
21,22;
22,35;
35,22;
23,16;
16,23;
23,17;
17,23;
23,33;
33,23;
23,34;
34,23;
23,35;
35,23;
24,13;
13,24;
24,14;
14,24;
24,26;
26,24;
24,32;
32,24;
25,1;
1,25;
25,27;
27,25;
25,30;
30,25;
26,11;
11,26;
26,12;
12,26;
26,13;
13,26;
26,24;
24,26;
27,1;
1,27;
27,25;
25,27;
27,30;
30,27;
27,31;
31,27;
28,2;
2,28;
28,3;
3,28;
28,29;
29,28;
28,30;
30,28;
28,31;
31,28;
29,4;
4,29;
29,5;
5,29;
29,28;
28,29;
29,31;
31,29;
30,25;
25,30;
30,27;
27,30;
30,28;
28,30;
30,31;
31,30;
31,2;
2,31;
31,27;
27,31;
31,28;
28,31;
31,29;
29,31;
31,30;
30,31;
32,14;
14,32;
32,15;
15,32;
32,24;
24,32;
32,33;
33,32;
33,15;
15,33;
33,16;
16,33;
33,23;
23,33;
33,32;
32,33;
33,34;
34,33;
34,17;
17,34;
34,18;
18,34;
34,23;
23,34;
34,33;
33,34;
34,35;
35,34;
35,18;
18,35;
35,19;
19,35;
35,22;
22,35;
35,23;
23,35;
35,34;
34,35;
}
label = {
1,1;
2,1;
3,1;
4,1;
5,1;
6,1;
7,1;
8,1;
9,1;
10,1;
11,1;
12,1;
13,1;
14,1;
15,1;
16,1;
17,1;
18,1;
19,1;
20,1;
21,2;
22,2;
23,2;
24,2;
25,2;
26,2;
27,2;
28,2;
29,2;
30,2;
31,2;
32,2;
33,2;
34,2;
35,2;
}