edge = {
1,23;
23,1;
1,25;
25,1;
1,28;
28,1;
2,3;
3,2;
2,4;
4,2;
2,26;
26,2;
3,2;
2,3;
3,4;
4,3;
3,5;
5,3;
3,27;
27,3;
4,2;
2,4;
4,3;
3,4;
4,5;
5,4;
4,27;
27,4;
5,3;
3,5;
5,4;
4,5;
5,6;
6,5;
5,7;
7,5;
6,5;
5,6;
6,7;
7,6;
6,8;
8,6;
7,5;
5,7;
7,6;
6,7;
7,8;
8,7;
8,6;
6,8;
8,7;
7,8;
8,9;
9,8;
9,8;
8,9;
9,10;
10,9;
9,11;
11,9;
9,24;
24,9;
10,9;
9,10;
10,11;
11,10;
10,12;
12,10;
10,24;
24,10;
11,9;
9,11;
11,10;
10,11;
11,12;
12,11;
11,22;
22,11;
11,24;
24,11;
12,10;
10,12;
12,11;
11,12;
12,13;
13,12;
12,22;
22,12;
12,30;
30,12;
13,12;
12,13;
13,14;
14,13;
13,15;
15,13;
13,30;
30,13;
13,31;
31,13;
14,13;
13,14;
14,15;
15,14;
14,21;
21,14;
14,31;
31,14;
15,13;
13,15;
15,14;
14,15;
15,16;
16,15;
15,21;
21,15;
15,32;
32,15;
16,15;
15,16;
16,17;
17,16;
16,18;
18,16;
16,32;
32,16;
16,33;
33,16;
17,16;
16,17;
17,18;
18,17;
17,19;
19,17;
17,20;
20,17;
17,33;
33,17;
18,16;
16,18;
18,17;
17,18;
18,19;
19,18;
18,20;
20,18;
19,17;
17,19;
19,18;
18,19;
19,20;
20,19;
20,17;
17,20;
20,18;
18,20;
20,19;
19,20;
20,33;
33,20;
21,14;
14,21;
21,15;
15,21;
21,31;
31,21;
21,32;
32,21;
21,33;
33,21;
22,11;
11,22;
22,12;
12,22;
22,24;
24,22;
22,30;
30,22;
23,1;
1,23;
23,25;
25,23;
23,28;
28,23;
24,9;
9,24;
24,10;
10,24;
24,11;
11,24;
24,22;
22,24;
25,1;
1,25;
25,23;
23,25;
25,28;
28,25;
25,29;
29,25;
26,2;
2,26;
26,27;
27,26;
26,28;
28,26;
26,29;
29,26;
27,3;
3,27;
27,4;
4,27;
27,26;
26,27;
27,29;
29,27;
28,1;
1,28;
28,23;
23,28;
28,25;
25,28;
28,26;
26,28;
28,29;
29,28;
29,25;
25,29;
29,26;
26,29;
29,27;
27,29;
29,28;
28,29;
30,12;
12,30;
30,13;
13,30;
30,22;
22,30;
30,31;
31,30;
31,13;
13,31;
31,14;
14,31;
31,21;
21,31;
31,30;
30,31;
31,32;
32,31;
32,15;
15,32;
32,16;
16,32;
32,21;
21,32;
32,31;
31,32;
32,33;
33,32;
33,16;
16,33;
33,17;
17,33;
33,20;
20,33;
33,21;
21,33;
33,32;
32,33;
}
label = {
1,1;
2,1;
3,1;
4,1;
5,1;
6,1;
7,1;
8,1;
9,1;
10,1;
11,1;
12,1;
13,1;
14,1;
15,1;
16,1;
17,1;
18,1;
19,2;
20,2;
21,2;
22,2;
23,2;
24,2;
25,2;
26,2;
27,2;
28,2;
29,2;
30,2;
31,2;
32,2;
33,2;
}