edge = {
1,23;
23,1;
1,25;
25,1;
1,30;
30,1;
2,3;
3,2;
2,22;
22,2;
2,31;
31,2;
3,2;
2,3;
3,4;
4,3;
3,22;
22,3;
4,3;
3,4;
4,5;
5,4;
4,21;
21,4;
5,4;
4,5;
5,6;
6,5;
5,21;
21,5;
6,5;
5,6;
6,7;
7,6;
6,8;
8,6;
7,6;
6,7;
7,8;
8,7;
7,9;
9,7;
8,6;
6,8;
8,7;
7,8;
8,9;
9,8;
9,7;
7,9;
9,8;
8,9;
9,10;
10,9;
9,20;
20,9;
10,9;
9,10;
10,11;
11,10;
10,20;
20,10;
10,24;
24,10;
11,10;
10,11;
11,12;
12,11;
11,20;
20,11;
11,24;
24,11;
12,11;
11,12;
12,13;
13,12;
12,26;
26,12;
13,12;
12,13;
13,26;
26,13;
13,32;
32,13;
14,26;
26,14;
14,32;
32,14;
14,33;
33,14;
15,27;
27,15;
15,33;
33,15;
15,36;
36,15;
16,27;
27,16;
16,35;
35,16;
16,38;
38,16;
17,34;
34,17;
17,37;
37,17;
17,39;
39,17;
18,19;
19,18;
18,28;
28,18;
18,29;
29,18;
18,34;
34,18;
19,18;
18,19;
19,28;
28,19;
19,29;
29,19;
20,9;
9,20;
20,10;
10,20;
20,11;
11,20;
20,24;
24,20;
21,4;
4,21;
21,5;
5,21;
21,22;
22,21;
22,2;
2,22;
22,3;
3,22;
22,21;
21,22;
22,30;
30,22;
22,31;
31,22;
23,1;
1,23;
23,25;
25,23;
23,30;
30,23;
23,31;
31,23;
24,10;
10,24;
24,11;
11,24;
24,20;
20,24;
25,1;
1,25;
25,23;
23,25;
25,30;
30,25;
26,12;
12,26;
26,13;
13,26;
26,14;
14,26;
26,32;
32,26;
27,15;
15,27;
27,16;
16,27;
27,33;
33,27;
27,35;
35,27;
27,36;
36,27;
27,38;
38,27;
28,18;
18,28;
28,19;
19,28;
28,29;
29,28;
29,18;
18,29;
29,19;
19,29;
29,28;
28,29;
30,1;
1,30;
30,22;
22,30;
30,23;
23,30;
30,25;
25,30;
30,31;
31,30;
31,2;
2,31;
31,22;
22,31;
31,23;
23,31;
31,30;
30,31;
32,13;
13,32;
32,14;
14,32;
32,26;
26,32;
33,14;
14,33;
33,15;
15,33;
33,27;
27,33;
33,36;
36,33;
34,17;
17,34;
34,18;
18,34;
34,37;
37,34;
34,39;
39,34;
35,16;
16,35;
35,27;
27,35;
35,38;
38,35;
35,39;
39,35;
36,15;
15,36;
36,27;
27,36;
36,33;
33,36;
37,17;
17,37;
37,34;
34,37;
37,39;
39,37;
38,16;
16,38;
38,27;
27,38;
38,35;
35,38;
38,39;
39,38;
39,17;
17,39;
39,34;
34,39;
39,35;
35,39;
39,37;
37,39;
39,38;
38,39;
}
label = {
1,1;
2,1;
3,1;
4,1;
5,1;
6,1;
7,1;
8,1;
9,1;
10,1;
11,1;
12,1;
13,1;
14,1;
15,1;
16,1;
17,1;
18,1;
19,1;
20,2;
21,2;
22,2;
23,2;
24,2;
25,2;
26,2;
27,2;
28,2;
29,2;
30,2;
31,2;
32,2;
33,2;
34,2;
35,2;
36,2;
37,2;
38,2;
39,2;
}