edge = {
1,23;
23,1;
1,25;
25,1;
1,30;
30,1;
2,3;
3,2;
2,4;
4,2;
2,22;
22,2;
2,31;
31,2;
3,2;
2,3;
3,4;
4,3;
3,5;
5,3;
3,32;
32,3;
4,2;
2,4;
4,3;
3,4;
4,5;
5,4;
5,3;
3,5;
5,4;
4,5;
5,21;
21,5;
6,7;
7,6;
6,21;
21,6;
6,33;
33,6;
7,6;
6,7;
7,8;
8,7;
7,9;
9,7;
7,33;
33,7;
8,7;
7,8;
8,9;
9,8;
8,10;
10,8;
9,7;
7,9;
9,8;
8,9;
9,10;
10,9;
10,8;
8,10;
10,9;
9,10;
10,20;
20,10;
11,12;
12,11;
11,20;
20,11;
11,24;
24,11;
12,11;
11,12;
12,13;
13,12;
12,20;
20,12;
12,24;
24,12;
13,12;
12,13;
13,14;
14,13;
13,26;
26,13;
14,13;
13,14;
14,26;
26,14;
14,34;
34,14;
15,26;
26,15;
15,34;
34,15;
15,35;
35,15;
16,27;
27,16;
16,35;
35,16;
16,36;
36,16;
17,27;
27,17;
17,37;
37,17;
17,39;
39,17;
18,37;
37,18;
18,38;
38,18;
18,39;
39,18;
18,40;
40,18;
19,28;
28,19;
19,29;
29,19;
19,38;
38,19;
19,40;
40,19;
20,10;
10,20;
20,11;
11,20;
20,12;
12,20;
20,24;
24,20;
21,5;
5,21;
21,6;
6,21;
21,32;
32,21;
21,33;
33,21;
22,2;
2,22;
22,30;
30,22;
22,31;
31,22;
22,32;
32,22;
23,1;
1,23;
23,25;
25,23;
23,30;
30,23;
23,31;
31,23;
24,11;
11,24;
24,12;
12,24;
24,20;
20,24;
25,1;
1,25;
25,23;
23,25;
25,30;
30,25;
26,13;
13,26;
26,14;
14,26;
26,15;
15,26;
26,34;
34,26;
27,16;
16,27;
27,17;
17,27;
27,35;
35,27;
27,36;
36,27;
27,37;
37,27;
27,39;
39,27;
28,19;
19,28;
28,29;
29,28;
28,40;
40,28;
29,19;
19,29;
29,28;
28,29;
29,40;
40,29;
30,1;
1,30;
30,22;
22,30;
30,23;
23,30;
30,25;
25,30;
30,31;
31,30;
31,2;
2,31;
31,22;
22,31;
31,23;
23,31;
31,30;
30,31;
31,32;
32,31;
32,3;
3,32;
32,21;
21,32;
32,22;
22,32;
32,31;
31,32;
33,6;
6,33;
33,7;
7,33;
33,21;
21,33;
34,14;
14,34;
34,15;
15,34;
34,26;
26,34;
35,15;
15,35;
35,16;
16,35;
35,27;
27,35;
35,36;
36,35;
36,16;
16,36;
36,27;
27,36;
36,35;
35,36;
37,17;
17,37;
37,18;
18,37;
37,27;
27,37;
37,38;
38,37;
37,39;
39,37;
38,18;
18,38;
38,19;
19,38;
38,37;
37,38;
38,40;
40,38;
39,17;
17,39;
39,18;
18,39;
39,27;
27,39;
39,37;
37,39;
40,18;
18,40;
40,19;
19,40;
40,28;
28,40;
40,29;
29,40;
40,38;
38,40;
}
label = {
1,1;
2,1;
3,1;
4,1;
5,1;
6,1;
7,1;
8,1;
9,1;
10,1;
11,1;
12,1;
13,1;
14,1;
15,1;
16,1;
17,1;
18,1;
19,1;
20,2;
21,2;
22,2;
23,2;
24,2;
25,2;
26,2;
27,2;
28,2;
29,2;
30,2;
31,2;
32,2;
33,2;
34,2;
35,2;
36,2;
37,2;
38,2;
39,2;
40,2;
}