edge = {
1,2;
2,1;
1,3;
3,1;
1,4;
4,1;
2,1;
1,2;
2,3;
3,2;
2,4;
4,2;
2,21;
21,2;
2,30;
30,2;
3,1;
1,3;
3,2;
2,3;
3,4;
4,3;
3,21;
21,3;
4,1;
1,4;
4,2;
2,4;
4,3;
3,4;
4,5;
5,4;
4,20;
20,4;
5,4;
4,5;
5,6;
6,5;
5,7;
7,5;
5,8;
8,5;
5,20;
20,5;
6,5;
5,6;
6,7;
7,6;
6,8;
8,6;
7,5;
5,7;
7,6;
6,7;
7,8;
8,7;
8,5;
5,8;
8,6;
6,8;
8,7;
7,8;
8,9;
9,8;
8,19;
19,8;
9,8;
8,9;
9,10;
10,9;
9,11;
11,9;
9,19;
19,9;
9,23;
23,9;
10,9;
9,10;
10,11;
11,10;
10,12;
12,10;
10,23;
23,10;
11,9;
9,11;
11,10;
10,11;
11,12;
12,11;
11,13;
13,11;
12,10;
10,12;
12,11;
11,12;
12,13;
13,12;
12,25;
25,12;
13,11;
11,13;
13,12;
12,13;
13,14;
14,13;
13,15;
15,13;
13,31;
31,13;
13,32;
32,13;
14,13;
13,14;
14,15;
15,14;
14,16;
16,14;
14,26;
26,14;
14,35;
35,14;
15,13;
13,15;
15,14;
14,15;
15,16;
16,15;
15,17;
17,15;
15,18;
18,15;
15,26;
26,15;
15,37;
37,15;
16,14;
14,16;
16,15;
15,16;
16,17;
17,16;
16,18;
18,16;
16,33;
33,16;
16,38;
38,16;
17,15;
15,17;
17,16;
16,17;
17,18;
18,17;
17,36;
36,17;
18,15;
15,18;
18,16;
16,18;
18,17;
17,18;
18,27;
27,18;
19,8;
8,19;
19,9;
9,19;
19,23;
23,19;
19,25;
25,19;
19,31;
31,19;
20,4;
4,20;
20,5;
5,20;
20,21;
21,20;
20,29;
29,20;
20,30;
30,20;
21,2;
2,21;
21,3;
3,21;
21,20;
20,21;
21,29;
29,21;
21,30;
30,21;
22,24;
24,22;
22,29;
29,22;
22,30;
30,22;
23,9;
9,23;
23,10;
10,23;
23,19;
19,23;
23,25;
25,23;
23,31;
31,23;
24,22;
22,24;
24,29;
29,24;
24,30;
30,24;
25,12;
12,25;
25,19;
19,25;
25,23;
23,25;
25,31;
31,25;
25,32;
32,25;
26,14;
14,26;
26,15;
15,26;
26,32;
32,26;
26,34;
34,26;
26,35;
35,26;
26,37;
37,26;
27,18;
18,27;
27,28;
28,27;
27,33;
33,27;
27,36;
36,27;
28,27;
27,28;
28,33;
33,28;
28,36;
36,28;
29,20;
20,29;
29,21;
21,29;
29,22;
22,29;
29,24;
24,29;
29,30;
30,29;
30,2;
2,30;
30,20;
20,30;
30,21;
21,30;
30,22;
22,30;
30,24;
24,30;
30,29;
29,30;
31,13;
13,31;
31,19;
19,31;
31,23;
23,31;
31,25;
25,31;
31,32;
32,31;
31,35;
35,31;
32,13;
13,32;
32,25;
25,32;
32,26;
26,32;
32,31;
31,32;
32,34;
34,32;
32,35;
35,32;
33,16;
16,33;
33,27;
27,33;
33,28;
28,33;
33,34;
34,33;
33,36;
36,33;
33,38;
38,33;
34,26;
26,34;
34,32;
32,34;
34,33;
33,34;
34,35;
35,34;
34,36;
36,34;
34,37;
37,34;
34,38;
38,34;
35,14;
14,35;
35,26;
26,35;
35,31;
31,35;
35,32;
32,35;
35,34;
34,35;
36,17;
17,36;
36,27;
27,36;
36,28;
28,36;
36,33;
33,36;
36,34;
34,36;
36,38;
38,36;
37,15;
15,37;
37,26;
26,37;
37,34;
34,37;
37,38;
38,37;
38,16;
16,38;
38,33;
33,38;
38,34;
34,38;
38,36;
36,38;
38,37;
37,38;
}
label = {
1,1;
2,1;
3,1;
4,1;
5,1;
6,1;
7,1;
8,1;
9,1;
10,1;
11,1;
12,1;
13,1;
14,1;
15,1;
16,1;
17,1;
18,1;
19,2;
20,2;
21,2;
22,2;
23,2;
24,2;
25,2;
26,2;
27,2;
28,2;
29,2;
30,2;
31,2;
32,2;
33,2;
34,2;
35,2;
36,2;
37,2;
38,2;
}