edge = {
1,2;
2,1;
1,3;
3,1;
1,4;
4,1;
2,1;
1,2;
2,3;
3,2;
2,4;
4,2;
2,21;
21,2;
2,30;
30,2;
3,1;
1,3;
3,2;
2,3;
3,4;
4,3;
3,5;
5,3;
3,31;
31,3;
4,1;
1,4;
4,2;
2,4;
4,3;
3,4;
4,5;
5,4;
4,20;
20,4;
5,3;
3,5;
5,4;
4,5;
5,6;
6,5;
5,32;
32,5;
6,5;
5,6;
6,7;
7,6;
6,8;
8,6;
7,6;
6,7;
7,8;
8,7;
7,9;
9,7;
8,6;
6,8;
8,7;
7,8;
8,9;
9,8;
9,7;
7,9;
9,8;
8,9;
9,10;
10,9;
9,19;
19,9;
10,9;
9,10;
10,11;
11,10;
10,12;
12,10;
10,19;
19,10;
10,23;
23,10;
11,10;
10,11;
11,12;
12,11;
11,13;
13,11;
11,23;
23,11;
12,10;
10,12;
12,11;
11,12;
12,13;
13,12;
12,14;
14,12;
13,11;
11,13;
13,12;
12,13;
13,14;
14,13;
13,25;
25,13;
14,12;
12,14;
14,13;
13,14;
14,15;
15,14;
14,16;
16,14;
14,33;
33,14;
14,34;
34,14;
15,14;
14,15;
15,16;
16,15;
15,17;
17,15;
15,18;
18,15;
15,26;
26,15;
15,37;
37,15;
16,14;
14,16;
16,15;
15,16;
16,17;
17,16;
16,18;
18,16;
16,26;
26,16;
16,36;
36,16;
17,15;
15,17;
17,16;
16,17;
17,18;
18,17;
17,38;
38,17;
17,40;
40,17;
18,15;
15,18;
18,16;
16,18;
18,17;
17,18;
18,27;
27,18;
18,35;
35,18;
19,9;
9,19;
19,10;
10,19;
19,23;
23,19;
19,25;
25,19;
19,33;
33,19;
20,4;
4,20;
20,21;
21,20;
20,31;
31,20;
20,32;
32,20;
21,2;
2,21;
21,20;
20,21;
21,29;
29,21;
21,30;
30,21;
21,31;
31,21;
21,32;
32,21;
22,24;
24,22;
22,29;
29,22;
22,30;
30,22;
23,10;
10,23;
23,11;
11,23;
23,19;
19,23;
23,25;
25,23;
23,33;
33,23;
24,22;
22,24;
24,29;
29,24;
24,30;
30,24;
25,13;
13,25;
25,19;
19,25;
25,23;
23,25;
25,33;
33,25;
25,34;
34,25;
26,15;
15,26;
26,16;
16,26;
26,34;
34,26;
26,36;
36,26;
26,37;
37,26;
26,39;
39,26;
27,18;
18,27;
27,28;
28,27;
27,35;
35,27;
27,38;
38,27;
28,27;
27,28;
28,35;
35,28;
28,38;
38,28;
29,21;
21,29;
29,22;
22,29;
29,24;
24,29;
29,30;
30,29;
30,2;
2,30;
30,21;
21,30;
30,22;
22,30;
30,24;
24,30;
30,29;
29,30;
30,31;
31,30;
31,3;
3,31;
31,20;
20,31;
31,21;
21,31;
31,30;
30,31;
31,32;
32,31;
32,5;
5,32;
32,20;
20,32;
32,21;
21,32;
32,31;
31,32;
33,14;
14,33;
33,19;
19,33;
33,23;
23,33;
33,25;
25,33;
33,34;
34,33;
33,37;
37,33;
34,14;
14,34;
34,25;
25,34;
34,26;
26,34;
34,33;
33,34;
34,36;
36,34;
34,37;
37,34;
35,18;
18,35;
35,27;
27,35;
35,28;
28,35;
35,36;
36,35;
35,38;
38,35;
35,40;
40,35;
36,16;
16,36;
36,26;
26,36;
36,34;
34,36;
36,35;
35,36;
36,37;
37,36;
36,38;
38,36;
36,39;
39,36;
36,40;
40,36;
37,15;
15,37;
37,26;
26,37;
37,33;
33,37;
37,34;
34,37;
37,36;
36,37;
38,17;
17,38;
38,27;
27,38;
38,28;
28,38;
38,35;
35,38;
38,36;
36,38;
38,40;
40,38;
39,26;
26,39;
39,36;
36,39;
39,40;
40,39;
40,17;
17,40;
40,35;
35,40;
40,36;
36,40;
40,38;
38,40;
40,39;
39,40;
}
label = {
1,1;
2,1;
3,1;
4,1;
5,1;
6,1;
7,1;
8,1;
9,1;
10,1;
11,1;
12,1;
13,1;
14,1;
15,1;
16,1;
17,1;
18,1;
19,2;
20,2;
21,2;
22,2;
23,2;
24,2;
25,2;
26,2;
27,2;
28,2;
29,2;
30,2;
31,2;
32,2;
33,2;
34,2;
35,2;
36,2;
37,2;
38,2;
39,2;
40,2;
}