edge = {
1,2;
2,1;
1,18;
18,1;
1,21;
21,1;
2,1;
1,2;
2,18;
18,2;
2,21;
21,2;
3,4;
4,3;
3,21;
21,3;
3,22;
22,3;
4,3;
3,4;
4,5;
5,4;
4,22;
22,4;
5,4;
4,5;
5,22;
22,5;
5,23;
23,5;
6,7;
7,6;
6,8;
8,6;
6,23;
23,6;
7,6;
6,7;
7,8;
8,7;
7,9;
9,7;
7,23;
23,7;
8,6;
6,8;
8,7;
7,8;
8,9;
9,8;
8,10;
10,8;
8,23;
23,8;
9,7;
7,9;
9,8;
8,9;
9,10;
10,9;
9,11;
11,9;
10,8;
8,10;
10,9;
9,10;
10,11;
11,10;
11,9;
9,11;
11,10;
10,11;
11,12;
12,11;
11,20;
20,11;
12,11;
11,12;
12,19;
19,12;
12,20;
20,12;
13,14;
14,13;
13,15;
15,13;
13,19;
19,13;
14,13;
13,14;
14,15;
15,14;
14,16;
16,14;
14,17;
17,14;
15,13;
13,15;
15,14;
14,15;
15,16;
16,15;
15,17;
17,15;
16,14;
14,16;
16,15;
15,16;
16,17;
17,16;
17,14;
14,17;
17,15;
15,17;
17,16;
16,17;
18,1;
1,18;
18,2;
2,18;
18,21;
21,18;
19,12;
12,19;
19,13;
13,19;
19,20;
20,19;
20,11;
11,20;
20,12;
12,20;
20,19;
19,20;
21,1;
1,21;
21,2;
2,21;
21,3;
3,21;
21,18;
18,21;
22,3;
3,22;
22,4;
4,22;
22,5;
5,22;
23,5;
5,23;
23,6;
6,23;
23,7;
7,23;
23,8;
8,23;
}
label = {
1,1;
2,1;
3,1;
4,1;
5,1;
6,1;
7,1;
8,1;
9,1;
10,1;
11,1;
12,1;
13,1;
14,1;
15,1;
16,1;
17,1;
18,2;
19,2;
20,2;
21,2;
22,2;
23,2;
}