edge = {
1,24;
24,1;
1,26;
26,1;
1,29;
29,1;
2,3;
3,2;
2,27;
27,2;
2,31;
31,2;
3,2;
2,3;
3,4;
4,3;
3,28;
28,3;
3,31;
31,3;
3,32;
32,3;
4,3;
3,4;
4,5;
5,4;
4,28;
28,4;
4,32;
32,4;
5,4;
4,5;
5,6;
6,5;
5,7;
7,5;
5,32;
32,5;
6,5;
5,6;
6,7;
7,6;
6,8;
8,6;
7,5;
5,7;
7,6;
6,7;
7,8;
8,7;
7,9;
9,7;
8,6;
6,8;
8,7;
7,8;
8,9;
9,8;
9,7;
7,9;
9,8;
8,9;
9,10;
10,9;
10,9;
9,10;
10,11;
11,10;
10,25;
25,10;
11,10;
10,11;
11,12;
12,11;
11,25;
25,11;
12,11;
11,12;
12,13;
13,12;
12,23;
23,12;
12,25;
25,12;
13,12;
12,13;
13,23;
23,13;
13,33;
33,13;
14,23;
23,14;
14,33;
33,14;
14,34;
34,14;
15,16;
16,15;
15,22;
22,15;
15,34;
34,15;
16,15;
15,16;
16,22;
22,16;
16,35;
35,16;
16,37;
37,16;
17,36;
36,17;
17,37;
37,17;
17,38;
38,17;
18,19;
19,18;
18,20;
20,18;
18,21;
21,18;
18,36;
36,18;
18,38;
38,18;
19,18;
18,19;
19,20;
20,19;
19,21;
21,19;
19,36;
36,19;
20,18;
18,20;
20,19;
19,20;
20,21;
21,20;
21,18;
18,21;
21,19;
19,21;
21,20;
20,21;
22,15;
15,22;
22,16;
16,22;
22,34;
34,22;
22,35;
35,22;
23,12;
12,23;
23,13;
13,23;
23,14;
14,23;
23,33;
33,23;
24,1;
1,24;
24,26;
26,24;
24,29;
29,24;
25,10;
10,25;
25,11;
11,25;
25,12;
12,25;
26,1;
1,26;
26,24;
24,26;
26,29;
29,26;
26,30;
30,26;
27,2;
2,27;
27,29;
29,27;
27,30;
30,27;
27,31;
31,27;
28,3;
3,28;
28,4;
4,28;
28,32;
32,28;
29,1;
1,29;
29,24;
24,29;
29,26;
26,29;
29,27;
27,29;
29,30;
30,29;
30,26;
26,30;
30,27;
27,30;
30,29;
29,30;
31,2;
2,31;
31,3;
3,31;
31,27;
27,31;
32,3;
3,32;
32,4;
4,32;
32,5;
5,32;
32,28;
28,32;
33,13;
13,33;
33,14;
14,33;
33,23;
23,33;
34,14;
14,34;
34,15;
15,34;
34,22;
22,34;
35,16;
16,35;
35,22;
22,35;
35,37;
37,35;
36,17;
17,36;
36,18;
18,36;
36,19;
19,36;
36,38;
38,36;
37,16;
16,37;
37,17;
17,37;
37,35;
35,37;
38,17;
17,38;
38,18;
18,38;
38,36;
36,38;
}
label = {
1,1;
2,1;
3,1;
4,1;
5,1;
6,1;
7,1;
8,1;
9,1;
10,1;
11,1;
12,1;
13,1;
14,1;
15,1;
16,1;
17,1;
18,1;
19,1;
20,2;
21,2;
22,2;
23,2;
24,2;
25,2;
26,2;
27,2;
28,2;
29,2;
30,2;
31,2;
32,2;
33,2;
34,2;
35,2;
36,2;
37,2;
38,2;
}