edge = {
1,23;
23,1;
1,25;
25,1;
1,28;
28,1;
2,3;
3,2;
2,26;
26,2;
2,30;
30,2;
3,2;
2,3;
3,4;
4,3;
3,27;
27,3;
4,3;
3,4;
4,5;
5,4;
4,27;
27,4;
4,31;
31,4;
5,4;
4,5;
5,6;
6,5;
5,7;
7,5;
6,5;
5,6;
6,7;
7,6;
6,8;
8,6;
7,5;
5,7;
7,6;
6,7;
7,8;
8,7;
8,6;
6,8;
8,7;
7,8;
8,9;
9,8;
8,24;
24,8;
9,8;
8,9;
9,10;
10,9;
9,11;
11,9;
9,24;
24,9;
10,9;
9,10;
10,11;
11,10;
10,12;
12,10;
10,24;
24,10;
11,9;
9,11;
11,10;
10,11;
11,12;
12,11;
11,22;
22,11;
11,32;
32,11;
12,10;
10,12;
12,11;
11,12;
12,13;
13,12;
12,22;
22,12;
13,12;
12,13;
13,14;
14,13;
13,15;
15,13;
13,32;
32,13;
13,33;
33,13;
14,13;
13,14;
14,15;
15,14;
14,21;
21,14;
14,33;
33,14;
15,13;
13,15;
15,14;
14,15;
15,16;
16,15;
15,17;
17,15;
15,18;
18,15;
15,21;
21,15;
15,34;
34,15;
16,15;
15,16;
16,17;
17,16;
16,18;
18,16;
16,35;
35,16;
16,36;
36,16;
16,37;
37,16;
17,15;
15,17;
17,16;
16,17;
17,18;
18,17;
17,35;
35,17;
18,15;
15,18;
18,16;
16,18;
18,17;
17,18;
18,20;
20,18;
19,20;
20,19;
19,35;
35,19;
19,37;
37,19;
20,18;
18,20;
20,19;
19,20;
20,35;
35,20;
20,37;
37,20;
21,14;
14,21;
21,15;
15,21;
21,33;
33,21;
21,34;
34,21;
21,36;
36,21;
22,11;
11,22;
22,12;
12,22;
22,24;
24,22;
22,32;
32,22;
23,1;
1,23;
23,25;
25,23;
23,28;
28,23;
23,29;
29,23;
24,8;
8,24;
24,9;
9,24;
24,10;
10,24;
24,22;
22,24;
25,1;
1,25;
25,23;
23,25;
25,28;
28,25;
25,29;
29,25;
26,2;
2,26;
26,28;
28,26;
26,29;
29,26;
26,30;
30,26;
27,3;
3,27;
27,4;
4,27;
27,30;
30,27;
27,31;
31,27;
28,1;
1,28;
28,23;
23,28;
28,25;
25,28;
28,26;
26,28;
28,29;
29,28;
29,23;
23,29;
29,25;
25,29;
29,26;
26,29;
29,28;
28,29;
29,30;
30,29;
30,2;
2,30;
30,26;
26,30;
30,27;
27,30;
30,29;
29,30;
30,31;
31,30;
31,4;
4,31;
31,27;
27,31;
31,30;
30,31;
32,11;
11,32;
32,13;
13,32;
32,22;
22,32;
32,33;
33,32;
33,13;
13,33;
33,14;
14,33;
33,21;
21,33;
33,32;
32,33;
33,34;
34,33;
34,15;
15,34;
34,21;
21,34;
34,33;
33,34;
34,36;
36,34;
34,37;
37,34;
35,16;
16,35;
35,17;
17,35;
35,19;
19,35;
35,20;
20,35;
35,36;
36,35;
35,37;
37,35;
36,16;
16,36;
36,21;
21,36;
36,34;
34,36;
36,35;
35,36;
36,37;
37,36;
37,16;
16,37;
37,19;
19,37;
37,20;
20,37;
37,34;
34,37;
37,35;
35,37;
37,36;
36,37;
}
label = {
1,1;
2,1;
3,1;
4,1;
5,1;
6,1;
7,1;
8,1;
9,1;
10,1;
11,1;
12,1;
13,1;
14,1;
15,1;
16,1;
17,1;
18,1;
19,2;
20,2;
21,2;
22,2;
23,2;
24,2;
25,2;
26,2;
27,2;
28,2;
29,2;
30,2;
31,2;
32,2;
33,2;
34,2;
35,2;
36,2;
37,2;
}