edge = {
1,24;
24,1;
1,26;
26,1;
1,29;
29,1;
2,3;
3,2;
2,27;
27,2;
2,28;
28,2;
3,2;
2,3;
3,4;
4,3;
3,28;
28,3;
4,3;
3,4;
4,5;
5,4;
4,28;
28,4;
5,4;
4,5;
5,6;
6,5;
5,7;
7,5;
6,5;
5,6;
6,7;
7,6;
6,8;
8,6;
7,5;
5,7;
7,6;
6,7;
7,8;
8,7;
8,6;
6,8;
8,7;
7,8;
8,9;
9,8;
8,10;
10,8;
9,8;
8,9;
9,10;
10,9;
9,25;
25,9;
10,8;
8,10;
10,9;
9,10;
10,11;
11,10;
10,25;
25,10;
11,10;
10,11;
11,12;
12,11;
11,25;
25,11;
12,11;
11,12;
12,13;
13,12;
12,23;
23,12;
13,12;
12,13;
13,23;
23,13;
13,31;
31,13;
14,23;
23,14;
14,31;
31,14;
14,32;
32,14;
15,16;
16,15;
15,22;
22,15;
15,32;
32,15;
16,15;
15,16;
16,22;
22,16;
16,33;
33,16;
17,18;
18,17;
17,33;
33,17;
17,34;
34,17;
18,17;
17,18;
18,19;
19,18;
18,20;
20,18;
18,21;
21,18;
18,34;
34,18;
19,18;
18,19;
19,20;
20,19;
19,21;
21,19;
19,34;
34,19;
20,18;
18,20;
20,19;
19,20;
20,21;
21,20;
21,18;
18,21;
21,19;
19,21;
21,20;
20,21;
22,15;
15,22;
22,16;
16,22;
22,32;
32,22;
22,33;
33,22;
23,12;
12,23;
23,13;
13,23;
23,14;
14,23;
23,31;
31,23;
24,1;
1,24;
24,26;
26,24;
24,29;
29,24;
25,9;
9,25;
25,10;
10,25;
25,11;
11,25;
26,1;
1,26;
26,24;
24,26;
26,29;
29,26;
26,30;
30,26;
27,2;
2,27;
27,29;
29,27;
27,30;
30,27;
28,2;
2,28;
28,3;
3,28;
28,4;
4,28;
29,1;
1,29;
29,24;
24,29;
29,26;
26,29;
29,27;
27,29;
29,30;
30,29;
30,26;
26,30;
30,27;
27,30;
30,29;
29,30;
31,13;
13,31;
31,14;
14,31;
31,23;
23,31;
32,14;
14,32;
32,15;
15,32;
32,22;
22,32;
33,16;
16,33;
33,17;
17,33;
33,22;
22,33;
34,17;
17,34;
34,18;
18,34;
34,19;
19,34;
}
label = {
1,1;
2,1;
3,1;
4,1;
5,1;
6,1;
7,1;
8,1;
9,1;
10,1;
11,1;
12,1;
13,1;
14,1;
15,1;
16,1;
17,1;
18,1;
19,1;
20,2;
21,2;
22,2;
23,2;
24,2;
25,2;
26,2;
27,2;
28,2;
29,2;
30,2;
31,2;
32,2;
33,2;
34,2;
}