edge = {
1,2;
2,1;
1,19;
19,1;
1,20;
20,1;
2,1;
1,2;
2,3;
3,2;
2,18;
18,2;
2,19;
19,2;
2,20;
20,2;
3,2;
2,3;
3,4;
4,3;
3,18;
18,3;
3,23;
23,3;
4,3;
3,4;
4,21;
21,4;
4,23;
23,4;
4,24;
24,4;
5,6;
6,5;
5,7;
7,5;
5,21;
21,5;
5,22;
22,5;
6,5;
5,6;
6,7;
7,6;
6,8;
8,6;
6,22;
22,6;
7,5;
5,7;
7,6;
6,7;
7,8;
8,7;
7,9;
9,7;
8,6;
6,8;
8,7;
7,8;
8,9;
9,8;
8,10;
10,8;
8,25;
25,8;
9,7;
7,9;
9,8;
8,9;
9,10;
10,9;
9,26;
26,9;
10,8;
8,10;
10,9;
9,10;
10,11;
11,10;
10,30;
30,10;
11,10;
10,11;
11,12;
12,11;
11,28;
28,11;
11,29;
29,11;
11,30;
30,11;
12,11;
11,12;
12,13;
13,12;
12,27;
27,12;
12,28;
28,12;
13,12;
12,13;
13,14;
14,13;
13,27;
27,13;
14,13;
13,14;
14,15;
15,14;
14,31;
31,14;
14,32;
32,14;
15,14;
14,15;
15,16;
16,15;
15,17;
17,15;
15,31;
31,15;
15,32;
32,15;
16,15;
15,16;
16,17;
17,16;
16,32;
32,16;
17,15;
15,17;
17,16;
16,17;
17,32;
32,17;
18,2;
2,18;
18,3;
3,18;
18,19;
19,18;
18,23;
23,18;
18,24;
24,18;
19,1;
1,19;
19,2;
2,19;
19,18;
18,19;
19,20;
20,19;
20,1;
1,20;
20,2;
2,20;
20,19;
19,20;
21,4;
4,21;
21,5;
5,21;
21,22;
22,21;
21,24;
24,21;
22,5;
5,22;
22,6;
6,22;
22,21;
21,22;
22,25;
25,22;
23,3;
3,23;
23,4;
4,23;
23,18;
18,23;
23,24;
24,23;
24,4;
4,24;
24,18;
18,24;
24,21;
21,24;
24,23;
23,24;
25,8;
8,25;
25,22;
22,25;
25,26;
26,25;
25,30;
30,25;
26,9;
9,26;
26,25;
25,26;
26,29;
29,26;
26,30;
30,26;
27,12;
12,27;
27,13;
13,27;
27,28;
28,27;
28,11;
11,28;
28,12;
12,28;
28,27;
27,28;
28,29;
29,28;
29,11;
11,29;
29,26;
26,29;
29,28;
28,29;
29,30;
30,29;
30,10;
10,30;
30,11;
11,30;
30,25;
25,30;
30,26;
26,30;
30,29;
29,30;
31,14;
14,31;
31,15;
15,31;
31,32;
32,31;
32,14;
14,32;
32,15;
15,32;
32,16;
16,32;
32,17;
17,32;
32,31;
31,32;
}
label = {
1,1;
2,1;
3,1;
4,1;
5,1;
6,1;
7,1;
8,1;
9,1;
10,1;
11,1;
12,1;
13,1;
14,1;
15,1;
16,1;
17,1;
18,2;
19,2;
20,2;
21,2;
22,2;
23,2;
24,2;
25,2;
26,2;
27,2;
28,2;
29,2;
30,2;
31,2;
32,2;
}