edge = {
1,2;
2,1;
1,3;
3,1;
1,4;
4,1;
2,1;
1,2;
2,3;
3,2;
2,4;
4,2;
2,27;
27,2;
3,1;
1,3;
3,2;
2,3;
3,4;
4,3;
3,26;
26,3;
3,27;
27,3;
4,1;
1,4;
4,2;
2,4;
4,3;
3,4;
4,5;
5,4;
4,6;
6,4;
4,25;
25,4;
4,26;
26,4;
5,4;
4,5;
5,6;
6,5;
5,25;
25,5;
5,26;
26,5;
5,28;
28,5;
6,4;
4,6;
6,5;
5,6;
6,7;
7,6;
6,28;
28,6;
7,6;
6,7;
7,8;
8,7;
7,9;
9,7;
7,28;
28,7;
8,7;
7,8;
8,9;
9,8;
8,10;
10,8;
9,7;
7,9;
9,8;
8,9;
9,10;
10,9;
9,11;
11,9;
10,8;
8,10;
10,9;
9,10;
10,11;
11,10;
10,12;
12,10;
10,13;
13,10;
11,9;
9,11;
11,10;
10,11;
11,12;
12,11;
11,13;
13,11;
12,10;
10,12;
12,11;
11,12;
12,13;
13,12;
13,10;
10,13;
13,11;
11,13;
13,12;
12,13;
14,15;
15,14;
14,16;
16,14;
14,31;
31,14;
15,14;
14,15;
15,16;
16,15;
15,31;
31,15;
16,14;
14,16;
16,15;
15,16;
16,17;
17,16;
16,30;
30,16;
16,31;
31,16;
17,16;
16,17;
17,18;
18,17;
17,19;
19,17;
17,29;
29,17;
17,30;
30,17;
18,17;
17,18;
18,19;
19,18;
18,20;
20,18;
18,29;
29,18;
19,17;
17,19;
19,18;
18,19;
19,20;
20,19;
19,32;
32,19;
20,18;
18,20;
20,19;
19,20;
20,21;
21,20;
20,32;
32,20;
21,20;
20,21;
21,22;
22,21;
21,23;
23,21;
21,24;
24,21;
22,21;
21,22;
22,23;
23,22;
22,24;
24,22;
23,21;
21,23;
23,22;
22,23;
23,24;
24,23;
24,21;
21,24;
24,22;
22,24;
24,23;
23,24;
25,4;
4,25;
25,5;
5,25;
25,26;
26,25;
25,27;
27,25;
25,28;
28,25;
26,3;
3,26;
26,4;
4,26;
26,5;
5,26;
26,25;
25,26;
26,27;
27,26;
27,2;
2,27;
27,3;
3,27;
27,25;
25,27;
27,26;
26,27;
28,5;
5,28;
28,6;
6,28;
28,7;
7,28;
28,25;
25,28;
29,17;
17,29;
29,18;
18,29;
29,30;
30,29;
29,31;
31,29;
29,32;
32,29;
30,16;
16,30;
30,17;
17,30;
30,29;
29,30;
30,31;
31,30;
31,14;
14,31;
31,15;
15,31;
31,16;
16,31;
31,29;
29,31;
31,30;
30,31;
32,19;
19,32;
32,20;
20,32;
32,29;
29,32;
}
label = {
1,1;
2,1;
3,1;
4,1;
5,1;
6,1;
7,1;
8,1;
9,1;
10,1;
11,1;
12,1;
13,1;
14,1;
15,1;
16,1;
17,1;
18,1;
19,1;
20,1;
21,1;
22,1;
23,1;
24,1;
25,2;
26,2;
27,2;
28,2;
29,2;
30,2;
31,2;
32,2;
}