edge = {
1,2;
2,1;
1,15;
15,1;
2,1;
1,2;
2,3;
3,2;
2,14;
14,2;
2,29;
29,2;
3,2;
2,3;
3,15;
15,3;
3,28;
28,3;
3,29;
29,3;
4,5;
5,4;
4,16;
16,4;
4,18;
18,4;
4,27;
27,4;
4,28;
28,4;
5,4;
4,5;
5,6;
6,5;
5,17;
17,5;
5,19;
19,5;
5,27;
27,5;
6,5;
5,6;
6,18;
18,6;
6,30;
30,6;
7,8;
8,7;
7,21;
21,7;
7,30;
30,7;
8,7;
7,8;
8,9;
9,8;
8,20;
20,8;
8,21;
21,8;
9,8;
8,9;
9,10;
10,9;
9,11;
11,9;
9,21;
21,9;
10,9;
9,10;
10,11;
11,10;
10,12;
12,10;
11,9;
9,11;
11,10;
10,11;
11,12;
12,11;
12,10;
10,12;
12,11;
11,12;
12,13;
13,12;
13,12;
12,13;
13,25;
25,13;
13,26;
26,13;
14,2;
2,14;
14,15;
15,14;
15,1;
1,15;
15,3;
3,15;
15,14;
14,15;
15,16;
16,15;
15,33;
33,15;
16,4;
4,16;
16,15;
15,16;
16,32;
32,16;
16,33;
33,16;
17,5;
5,17;
17,18;
18,17;
17,31;
31,17;
17,32;
32,17;
18,4;
4,18;
18,6;
6,18;
18,17;
17,18;
18,19;
19,18;
18,31;
31,18;
19,5;
5,19;
19,18;
18,19;
19,34;
34,19;
20,8;
8,20;
20,21;
21,20;
20,34;
34,20;
21,7;
7,21;
21,8;
8,21;
21,9;
9,21;
21,20;
20,21;
21,22;
22,21;
22,21;
21,22;
22,23;
23,22;
23,22;
22,23;
23,24;
24,23;
23,25;
25,23;
24,23;
23,24;
24,25;
25,24;
24,26;
26,24;
25,13;
13,25;
25,23;
23,25;
25,24;
24,25;
25,26;
26,25;
26,13;
13,26;
26,24;
24,26;
26,25;
25,26;
27,4;
4,27;
27,5;
5,27;
27,28;
28,27;
27,30;
30,27;
27,32;
32,27;
27,34;
34,27;
28,3;
3,28;
28,4;
4,28;
28,27;
27,28;
28,29;
29,28;
28,31;
31,28;
28,33;
33,28;
29,2;
2,29;
29,3;
3,29;
29,28;
28,29;
29,32;
32,29;
30,6;
6,30;
30,7;
7,30;
30,27;
27,30;
30,31;
31,30;
30,34;
34,30;
31,17;
17,31;
31,18;
18,31;
31,28;
28,31;
31,30;
30,31;
31,32;
32,31;
31,34;
34,31;
32,16;
16,32;
32,17;
17,32;
32,27;
27,32;
32,29;
29,32;
32,31;
31,32;
32,33;
33,32;
33,15;
15,33;
33,16;
16,33;
33,28;
28,33;
33,32;
32,33;
34,19;
19,34;
34,20;
20,34;
34,27;
27,34;
34,30;
30,34;
34,31;
31,34;
}
label = {
1,1;
2,1;
3,1;
4,1;
5,1;
6,1;
7,1;
8,1;
9,1;
10,1;
11,1;
12,1;
13,1;
14,1;
15,1;
16,1;
17,1;
18,1;
19,1;
20,1;
21,1;
22,1;
23,1;
24,1;
25,1;
26,1;
27,2;
28,2;
29,2;
30,2;
31,2;
32,2;
33,2;
34,2;
}