edge = {
1,2;
2,1;
1,14;
14,1;
2,1;
1,2;
2,3;
3,2;
2,13;
13,2;
2,25;
25,2;
3,2;
2,3;
3,14;
14,3;
3,25;
25,3;
3,26;
26,3;
4,5;
5,4;
4,15;
15,4;
4,17;
17,4;
4,26;
26,4;
4,27;
27,4;
5,4;
4,5;
5,6;
6,5;
5,16;
16,5;
5,18;
18,5;
5,27;
27,5;
6,5;
5,6;
6,7;
7,6;
6,17;
17,6;
7,6;
6,7;
7,8;
8,7;
7,20;
20,7;
8,7;
7,8;
8,9;
9,8;
8,19;
19,8;
9,8;
8,9;
9,10;
10,9;
9,11;
11,9;
9,20;
20,9;
10,9;
9,10;
10,11;
11,10;
10,12;
12,10;
11,9;
9,11;
11,10;
10,11;
11,12;
12,11;
11,24;
24,11;
12,10;
10,12;
12,11;
11,12;
12,23;
23,12;
13,2;
2,13;
13,14;
14,13;
14,1;
1,14;
14,3;
3,14;
14,13;
13,14;
14,15;
15,14;
14,28;
28,14;
15,4;
4,15;
15,14;
14,15;
15,28;
28,15;
15,29;
29,15;
16,5;
5,16;
16,17;
17,16;
16,29;
29,16;
16,30;
30,16;
17,4;
4,17;
17,6;
6,17;
17,16;
16,17;
17,18;
18,17;
17,30;
30,17;
18,5;
5,18;
18,17;
17,18;
18,19;
19,18;
19,8;
8,19;
19,18;
18,19;
19,20;
20,19;
20,7;
7,20;
20,9;
9,20;
20,19;
19,20;
20,21;
21,20;
21,20;
20,21;
21,22;
22,21;
21,23;
23,21;
22,21;
21,22;
22,23;
23,22;
22,24;
24,22;
23,12;
12,23;
23,21;
21,23;
23,22;
22,23;
23,24;
24,23;
24,11;
11,24;
24,22;
22,24;
24,23;
23,24;
25,2;
2,25;
25,3;
3,25;
25,26;
26,25;
25,29;
29,25;
26,3;
3,26;
26,4;
4,26;
26,25;
25,26;
26,27;
27,26;
26,28;
28,26;
26,30;
30,26;
27,4;
4,27;
27,5;
5,27;
27,26;
26,27;
27,29;
29,27;
27,30;
30,27;
28,14;
14,28;
28,15;
15,28;
28,26;
26,28;
28,29;
29,28;
29,15;
15,29;
29,16;
16,29;
29,25;
25,29;
29,27;
27,29;
29,28;
28,29;
29,30;
30,29;
30,16;
16,30;
30,17;
17,30;
30,26;
26,30;
30,27;
27,30;
30,29;
29,30;
}
label = {
1,1;
2,1;
3,1;
4,1;
5,1;
6,1;
7,1;
8,1;
9,1;
10,1;
11,1;
12,1;
13,1;
14,1;
15,1;
16,1;
17,1;
18,1;
19,1;
20,1;
21,1;
22,1;
23,1;
24,1;
25,2;
26,2;
27,2;
28,2;
29,2;
30,2;
}