dataset: nctrer iteration: 9
PID 25561
[('1', '2'), ('2', '23'), ('2', '3'), ('3', '4'), ('4', '5'), ('4', '6'), ('6', '7'), ('7', '23'), ('7', '8'), ('8', '9'), ('9', '10'), ('10', '11'), ('11', '12'), ('12', '13'), ('13', '14'), ('13', '15'), ('15', '16'), ('16', '17'), ('17', '18'), ('18', '19'), ('18', '20'), ('20', '21'), ('21', '22'), ('21', '23')]
iterating...
  invar = { 1; 2; 3; 4; 6; 7; 8; 9; 10; 11; 12; 13; 15; 16; 17; 18; 19; 20; 23 }
Time: 4118
iterating...
  invar = { 2; 3; 4; 5; 6; 7; 8; 9; 10; 11; 12; 13; 14; 15; 16; 17; 18; 19 }
Time: 3556
iterating...
  invar = { 3; 4; 5; 6; 7; 8; 9; 10; 11; 12; 13; 14; 15; 16; 17; 18; 19; 23 }
Time: 3797
iterating...
  invar = { 1; 2; 3; 4; 6; 7; 8; 9; 10; 11; 12; 13; 14; 15; 16; 17; 18; 19 }
Time: 4265
iterating...
  invar = { 2; 3; 4; 6; 7; 8; 9; 10; 11; 12; 13; 15; 16; 17; 18; 19; 20; 21 }
Time: 4714
iterating...
  invar = { 2; 3; 4; 5; 6; 7; 8; 9; 10; 11; 12; 13; 14; 15; 16; 17; 18; 20 }
Time: 4108
iterating...
  invar = { 4; 5; 6; 7; 8; 9; 10; 11; 12; 13; 15; 16; 17; 18; 19; 20; 21 }
Time: 4890
iterating...
  invar = { 1; 2; 3; 4; 6; 7; 8; 9; 10; 11; 12; 13; 14; 15; 16; 17; 23 }
Time: 5501
iterating...
  invar = { 1; 2; 3; 4; 5; 6; 7; 8; 9; 10; 11; 12; 13; 15; 16; 17; 18 }
Time: 4333
iterating...
  invar = { 4; 5; 6; 7; 8; 9; 10; 11; 12; 13; 14; 15; 16; 17; 18; 19; 20 }
Time: 4118
  invar = { 1; 2; 3; 4; 6; 7; 8; 9; 10; 11; 12; 13; 15; 16; 17; 18; 19; 20; 23 }
  invar = { 2; 3; 4; 5; 6; 7; 8; 9; 10; 11; 12; 13; 14; 15; 16; 17; 18; 19 }
  invar = { 3; 4; 5; 6; 7; 8; 9; 10; 11; 12; 13; 14; 15; 16; 17; 18; 19; 23 }
  invar = { 1; 2; 3; 4; 6; 7; 8; 9; 10; 11; 12; 13; 14; 15; 16; 17; 18; 19 }
  invar = { 2; 3; 4; 6; 7; 8; 9; 10; 11; 12; 13; 15; 16; 17; 18; 19; 20; 21 }
  invar = { 2; 3; 4; 5; 6; 7; 8; 9; 10; 11; 12; 13; 14; 15; 16; 17; 18; 20 }
  invar = { 4; 5; 6; 7; 8; 9; 10; 11; 12; 13; 15; 16; 17; 18; 19; 20; 21 }
  invar = { 1; 2; 3; 4; 6; 7; 8; 9; 10; 11; 12; 13; 14; 15; 16; 17; 23 }
  invar = { 1; 2; 3; 4; 5; 6; 7; 8; 9; 10; 11; 12; 13; 15; 16; 17; 18 }
  invar = { 4; 5; 6; 7; 8; 9; 10; 11; 12; 13; 14; 15; 16; 17; 18; 19; 20 }
