15.2
15.6
9.8
19.6
26.8
16.6
17.4
15.6
15.0
26.2
30.6
27.8
76.8
21.4
23.6
45.2
33.2
66.2
30.0
35.2
49.0
108.8
40.0
31.4
29.4
30.4
54.6
25.0
21.6
32.2
49.4
29.4
35.2
170.6
43.6
55.6
44.0
29.6
148.8
50.8
63.0
30.4
54.4
32.4
29.4
34.8
45.2
34.2
97.6
224.0
102.6
87.2
88.8
160.4
360.0
302.8
74.8
32.6
50.8
41.6
43.8
193.6
48.0
96.6
53.6
151.2
84.6
188.0
63.2
121.8
139.8
41.6
58.6
57.4
130.2
164.0
87.2
54.2
29.6
107.0
44.4
166.6
58.2
148.6
36.2
224.6
47.6
145.4
94.6
39.6
57.8
92.2
50.8
308.6
619.8
67.4
85.8
145.0
157.6
238.0
